/*--------------------------------*- C++ -*----------------------------------*\
  =========                 |
  \\      /  F ield         | OpenFOAM: The Open Source CFD Toolbox
   \\    /   O peration     | Website:  https://openfoam.org
    \\  /    A nd           | Version:  10
     \\/     M anipulation  |
\*---------------------------------------------------------------------------*/
FoamFile
{
    format      ascii;
    class       volScalarField;
    location    "150";
    object      T;
}
// * * * * * * * * * * * * * * * * * * * * * * * * * * * * * * * * * * * * * //

dimensions      [0 0 0 1 0 0 0];

internalField   nonuniform List<scalar> 
11250
(
249.645
166.971
138.404
125.65
118.577
114.029
110.825
108.44
106.606
105.168
104.03
103.125
102.407
101.839
101.392
101.044
100.774
100.569
100.413
100.296
100.21
100.148
100.102
100.07
100.047
100.032
100.021
100.014
100.009
100.006
100.003
100.002
100.001
100.001
100
100
100
100
100
100
100
100
100
100
100
100
100
100
100
100
100
100
100
100
100
100
100
100
100
100
100
100
100
100
100
100
100
100
100
100
100
100
100
100
100
330.909
246.836
199.452
171.336
153.286
140.834
131.755
124.874
119.527
115.308
111.953
109.28
107.153
105.468
104.141
103.106
102.306
101.694
101.23
100.883
100.627
100.44
100.305
100.209
100.141
100.094
100.062
100.041
100.026
100.017
100.01
100.006
100.004
100.002
100.001
100.001
100
100
100
100
100
100
100
100
100
100
100
100
100
100
100
100
100
100
100
100
100
100
100
100
100
100
100
100
100
100
100
100
100
100
100
100
100
100
100
358.097
290.104
241.382
207.156
182.644
164.544
150.786
140.086
131.632
124.889
119.487
115.159
111.702
108.956
106.791
105.097
103.787
102.782
102.022
101.452
101.031
100.723
100.502
100.343
100.232
100.155
100.103
100.067
100.043
100.027
100.017
100.011
100.007
100.004
100.002
100.001
100.001
100
100
100
100
100
100
100
100
100
100
100
100
100
100
100
100
100
100
100
100
100
100
100
100
100
100
100
100
100
100
100
100
100
100
100
100
100
100
369.523
314.255
269.065
233.597
205.992
184.37
167.253
153.566
142.542
133.632
126.426
120.613
115.947
112.226
109.282
106.975
105.186
103.814
102.773
101.993
101.416
100.994
100.689
100.472
100.32
100.214
100.141
100.092
100.059
100.038
100.024
100.015
100.009
100.005
100.003
100.002
100.001
100.001
100
100
100
100
100
100
100
100
100
100
100
100
100
100
100
100
100
100
100
100
100
100
100
100
100
100
100
100
100
100
100
100
100
100
100
100
100
375.336
328.542
287.367
252.636
223.912
200.322
180.972
165.09
152.053
141.366
132.635
125.537
119.806
115.215
111.571
108.707
106.481
104.771
103.472
102.497
101.775
101.246
100.865
100.593
100.401
100.268
100.177
100.116
100.074
100.047
100.03
100.018
100.011
100.007
100.004
100.002
100.001
100.001
100
100
100
100
100
100
100
100
100
100
100
100
100
100
100
100
100
100
100
100
100
100
100
100
100
100
100
100
100
100
100
100
100
100
100
100
100
378.705
337.475
299.661
266.247
237.398
212.831
192.083
174.662
160.11
148.022
138.045
129.871
123.23
117.885
113.626
110.27
107.654
105.64
104.108
102.957
102.103
101.478
101.026
100.704
100.477
100.319
100.211
100.137
100.089
100.056
100.035
100.022
100.013
100.008
100.005
100.003
100.002
100.001
100.001
100
100
100
100
100
100
100
100
100
100
100
100
100
100
100
100
100
100
100
100
100
100
100
100
100
100
100
100
100
100
100
100
100
100
100
100
380.823
343.313
308.07
275.984
247.442
222.47
200.892
182.431
166.776
153.615
142.649
133.598
126.2
120.218
115.433
111.651
108.695
106.415
104.677
103.37
102.399
101.687
101.172
100.804
100.545
100.365
100.241
100.157
100.101
100.065
100.041
100.025
100.015
100.009
100.006
100.003
100.002
100.001
100.001
100
100
100
100
100
100
100
100
100
100
100
100
100
100
100
100
100
100
100
100
100
100
100
100
100
100
100
100
100
100
100
100
100
100
100
100
382.222
347.252
313.915
282.973
254.877
229.809
207.764
188.619
172.18
158.218
146.486
136.736
128.723
122.214
116.99
112.846
109.601
107.092
105.176
103.732
102.659
101.871
101.3
100.893
100.605
100.405
100.268
100.175
100.113
100.072
100.045
100.028
100.017
100.01
100.006
100.004
100.002
100.001
100.001
100
100
100
100
100
100
100
100
100
100
100
100
100
100
100
100
100
100
100
100
100
100
100
100
100
100
100
100
100
100
100
100
100
100
100
100
383.175
349.969
318.027
288.007
260.36
235.344
213.055
193.471
176.485
161.935
149.621
139.327
130.825
123.89
118.304
113.862
110.374
107.672
105.605
104.046
102.884
102.031
101.412
100.97
100.658
100.441
100.292
100.19
100.123
100.078
100.049
100.031
100.019
100.011
100.007
100.004
100.002
100.001
100.001
100
100
100
100
100
100
100
100
100
100
100
100
100
100
100
100
100
100
100
100
100
100
100
100
100
100
100
100
100
100
100
100
100
100
100
100
383.836
351.87
320.945
291.64
264.391
239.488
217.084
197.225
179.863
164.888
152.14
141.428
132.544
125.271
119.395
114.709
111.022
108.16
105.968
104.311
103.076
102.167
101.508
101.037
100.703
100.471
100.312
100.204
100.132
100.084
100.053
100.033
100.02
100.012
100.007
100.004
100.002
100.001
100.001
100
100
100
100
100
100
100
100
100
100
100
100
100
100
100
100
100
100
100
100
100
100
100
100
100
100
100
100
100
100
100
100
100
100
100
100
384.301
353.212
323.026
294.264
267.344
242.568
220.123
200.093
182.477
167.199
154.131
143.105
133.927
126.389
120.283
115.403
111.556
108.564
106.269
104.532
103.236
102.282
101.589
101.092
100.742
100.497
100.329
100.215
100.139
100.089
100.056
100.035
100.021
100.013
100.008
100.005
100.003
100.002
100.001
100
100
100
100
100
100
100
100
100
100
100
100
100
100
100
100
100
100
100
100
100
100
100
100
100
100
100
100
100
100
100
100
100
100
100
100
384.629
354.164
324.513
296.158
269.499
244.842
222.393
202.261
184.474
168.983
155.682
144.421
135.02
127.28
120.995
115.963
111.988
108.893
106.515
104.714
103.368
102.376
101.655
101.139
100.774
100.519
100.344
100.225
100.145
100.092
100.058
100.036
100.022
100.013
100.008
100.005
100.003
100.002
100.001
100
100
100
100
100
100
100
100
100
100
100
100
100
100
100
100
100
100
100
100
100
100
100
100
100
100
100
100
100
100
100
100
100
100
100
100
384.861
354.84
325.575
297.52
271.064
246.51
224.074
203.883
185.981
170.341
156.873
145.44
135.872
127.979
121.557
116.406
112.333
109.156
106.712
104.86
103.474
102.453
101.709
101.177
100.799
100.536
100.355
100.232
100.15
100.096
100.06
100.037
100.023
100.014
100.008
100.005
100.003
100.002
100.001
100.001
100
100
100
100
100
100
100
100
100
100
100
100
100
100
100
100
100
100
100
100
100
100
100
100
100
100
100
100
100
100
100
100
100
100
100
385.025
355.319
326.332
298.498
272.194
247.724
225.308
205.083
187.106
171.362
157.775
146.217
136.527
128.518
121.993
116.752
112.602
109.362
106.868
104.976
103.559
102.514
101.753
101.207
100.82
100.551
100.365
100.239
100.154
100.098
100.062
100.039
100.024
100.014
100.009
100.005
100.003
100.002
100.001
100.001
100
100
100
100
100
100
100
100
100
100
100
100
100
100
100
100
100
100
100
100
100
100
100
100
100
100
100
100
100
100
100
100
100
100
100
385.141
355.659
326.869
299.195
273.005
248.6
226.205
205.962
187.936
172.121
158.45
146.802
137.022
128.929
122.327
117.018
112.811
109.523
106.99
105.066
103.625
102.561
101.787
101.231
100.837
100.562
100.372
100.244
100.157
100.1
100.063
100.039
100.024
100.015
100.009
100.005
100.003
100.002
100.001
100.001
100
100
100
100
100
100
100
100
100
100
100
100
100
100
100
100
100
100
100
100
100
100
100
100
100
100
100
100
100
100
100
100
100
100
100
385.223
355.898
327.249
299.689
273.583
249.229
226.852
206.599
188.541
172.678
158.948
147.236
137.392
129.237
122.578
117.22
112.969
109.645
107.083
105.135
103.676
102.598
101.813
101.249
100.85
100.571
100.378
100.248
100.16
100.102
100.064
100.04
100.025
100.015
100.009
100.005
100.003
100.002
100.001
100.001
100
100
100
100
100
100
100
100
100
100
100
100
100
100
100
100
100
100
100
100
100
100
100
100
100
100
100
100
100
100
100
100
100
100
100
385.28
356.066
327.515
300.037
273.991
249.675
227.314
207.057
188.978
173.083
159.311
147.555
137.664
129.465
122.766
117.37
113.088
109.737
107.153
105.188
103.715
102.627
101.833
101.263
100.86
100.577
100.383
100.251
100.162
100.103
100.065
100.041
100.025
100.015
100.009
100.005
100.003
100.002
100.001
100.001
100
100
100
100
100
100
100
100
100
100
100
100
100
100
100
100
100
100
100
100
100
100
100
100
100
100
100
100
100
100
100
100
100
100
100
385.32
356.182
327.701
300.28
274.278
249.989
227.64
207.382
189.29
173.372
159.573
147.785
137.863
129.632
122.903
117.481
113.176
109.805
107.205
105.227
103.744
102.648
101.848
101.274
100.867
100.582
100.386
100.253
100.164
100.104
100.066
100.041
100.025
100.015
100.009
100.005
100.003
100.002
100.001
100.001
100
100
100
100
100
100
100
100
100
100
100
100
100
100
100
100
100
100
100
100
100
100
100
100
100
100
100
100
100
100
100
100
100
100
100
385.347
356.263
327.829
300.449
274.477
250.208
227.869
207.61
189.51
173.578
159.759
147.95
138.005
129.752
123.002
117.561
113.239
109.855
107.243
105.256
103.765
102.663
101.86
101.282
100.872
100.586
100.389
100.255
100.165
100.105
100.066
100.041
100.025
100.015
100.009
100.005
100.003
100.002
100.001
100.001
100
100
100
100
100
100
100
100
100
100
100
100
100
100
100
100
100
100
100
100
100
100
100
100
100
100
100
100
100
100
100
100
100
100
100
385.366
356.318
327.917
300.565
274.614
250.36
228.027
207.769
189.664
173.722
159.89
148.066
138.105
129.837
123.073
117.619
113.285
109.891
107.271
105.277
103.781
102.675
101.868
101.288
100.876
100.589
100.391
100.256
100.165
100.106
100.067
100.041
100.025
100.015
100.009
100.005
100.003
100.002
100.001
100.001
100
100
100
100
100
100
100
100
100
100
100
100
100
100
100
100
100
100
100
100
100
100
100
100
100
100
100
100
100
100
100
100
100
100
100
385.379
356.355
327.977
300.644
274.708
250.463
228.136
207.878
189.77
173.821
159.981
148.147
138.176
129.897
123.122
117.659
113.318
109.917
107.291
105.292
103.792
102.683
101.874
101.292
100.879
100.591
100.392
100.257
100.166
100.106
100.067
100.042
100.026
100.015
100.009
100.005
100.003
100.002
100.001
100.001
100
100
100
100
100
100
100
100
100
100
100
100
100
100
100
100
100
100
100
100
100
100
100
100
100
100
100
100
100
100
100
100
100
100
100
385.387
356.38
328.018
300.697
274.771
250.534
228.21
207.953
189.842
173.89
160.044
148.203
138.225
129.938
123.157
117.688
113.34
109.935
107.304
105.302
103.8
102.689
101.878
101.295
100.881
100.592
100.393
100.257
100.166
100.106
100.067
100.042
100.026
100.016
100.009
100.005
100.003
100.002
100.001
100.001
100
100
100
100
100
100
100
100
100
100
100
100
100
100
100
100
100
100
100
100
100
100
100
100
100
100
100
100
100
100
100
100
100
100
100
385.393
356.397
328.045
300.733
274.814
250.581
228.259
208.003
189.891
173.936
160.086
148.241
138.258
129.967
123.181
117.707
113.356
109.947
107.314
105.31
103.805
102.693
101.881
101.297
100.883
100.593
100.394
100.258
100.167
100.106
100.067
100.042
100.026
100.016
100.009
100.005
100.003
100.002
100.001
100.001
100
100
100
100
100
100
100
100
100
100
100
100
100
100
100
100
100
100
100
100
100
100
100
100
100
100
100
100
100
100
100
100
100
100
100
385.397
356.408
328.062
300.756
274.842
250.612
228.292
208.036
189.924
173.967
160.115
148.266
138.28
129.986
123.197
117.72
113.367
109.955
107.321
105.315
103.809
102.695
101.883
101.298
100.884
100.594
100.394
100.258
100.167
100.107
100.067
100.042
100.026
100.016
100.009
100.005
100.003
100.002
100.001
100.001
100
100
100
100
100
100
100
100
100
100
100
100
100
100
100
100
100
100
100
100
100
100
100
100
100
100
100
100
100
100
100
100
100
100
100
385.399
356.415
328.074
300.772
274.86
250.632
228.314
208.058
189.945
173.987
160.134
148.283
138.295
129.999
123.208
117.729
113.374
109.961
107.325
105.318
103.812
102.697
101.884
101.299
100.885
100.595
100.395
100.258
100.167
100.107
100.067
100.042
100.026
100.016
100.009
100.006
100.003
100.002
100.001
100.001
100
100
100
100
100
100
100
100
100
100
100
100
100
100
100
100
100
100
100
100
100
100
100
100
100
100
100
100
100
100
100
100
100
100
100
385.401
356.42
328.081
300.781
274.872
250.645
228.328
208.072
189.959
174
160.146
148.295
138.305
130.007
123.215
117.735
113.379
109.965
107.328
105.32
103.813
102.698
101.885
101.3
100.885
100.595
100.395
100.259
100.167
100.107
100.067
100.042
100.026
100.016
100.009
100.006
100.003
100.002
100.001
100.001
100
100
100
100
100
100
100
100
100
100
100
100
100
100
100
100
100
100
100
100
100
100
100
100
100
100
100
100
100
100
100
100
100
100
100
385.402
356.423
328.086
300.788
274.879
250.654
228.337
208.082
189.968
174.009
160.154
148.302
138.311
130.012
123.219
117.739
113.382
109.967
107.33
105.322
103.815
102.699
101.886
101.3
100.885
100.595
100.395
100.259
100.167
100.107
100.067
100.042
100.026
100.016
100.009
100.006
100.003
100.002
100.001
100.001
100
100
100
100
100
100
100
100
100
100
100
100
100
100
100
100
100
100
100
100
100
100
100
100
100
100
100
100
100
100
100
100
100
100
100
385.403
356.425
328.089
300.792
274.884
250.659
228.343
208.087
189.974
174.015
160.159
148.306
138.315
130.016
123.222
117.741
113.384
109.969
107.331
105.323
103.815
102.7
101.886
101.301
100.886
100.595
100.395
100.259
100.167
100.107
100.067
100.042
100.026
100.016
100.009
100.006
100.003
100.002
100.001
100.001
100
100
100
100
100
100
100
100
100
100
100
100
100
100
100
100
100
100
100
100
100
100
100
100
100
100
100
100
100
100
100
100
100
100
100
385.403
356.426
328.091
300.794
274.887
250.663
228.346
208.091
189.978
174.018
160.162
148.309
138.318
130.018
123.224
117.743
113.385
109.97
107.332
105.323
103.816
102.7
101.886
101.301
100.886
100.595
100.395
100.259
100.167
100.107
100.067
100.042
100.026
100.016
100.009
100.006
100.003
100.002
100.001
100.001
100
100
100
100
100
100
100
100
100
100
100
100
100
100
100
100
100
100
100
100
100
100
100
100
100
100
100
100
100
100
100
100
100
100
100
385.403
356.427
328.092
300.796
274.889
250.665
228.349
208.093
189.98
174.02
160.164
148.311
138.319
130.02
123.225
117.744
113.386
109.97
107.332
105.324
103.816
102.7
101.886
101.301
100.886
100.595
100.395
100.259
100.167
100.107
100.067
100.042
100.026
100.016
100.009
100.006
100.003
100.002
100.001
100.001
100
100
100
100
100
100
100
100
100
100
100
100
100
100
100
100
100
100
100
100
100
100
100
100
100
100
100
100
100
100
100
100
100
100
100
385.403
356.427
328.093
300.797
274.89
250.666
228.35
208.095
189.981
174.021
160.165
148.312
138.32
130.02
123.226
117.745
113.386
109.971
107.333
105.324
103.816
102.701
101.887
101.301
100.886
100.595
100.395
100.259
100.167
100.107
100.067
100.042
100.026
100.016
100.009
100.006
100.003
100.002
100.001
100.001
100
100
100
100
100
100
100
100
100
100
100
100
100
100
100
100
100
100
100
100
100
100
100
100
100
100
100
100
100
100
100
100
100
100
100
385.403
356.428
328.094
300.798
274.891
250.667
228.351
208.096
189.982
174.022
160.166
148.313
138.321
130.021
123.226
117.745
113.387
109.971
107.333
105.324
103.816
102.701
101.887
101.301
100.886
100.595
100.395
100.259
100.167
100.107
100.067
100.042
100.026
100.016
100.009
100.006
100.003
100.002
100.001
100.001
100
100
100
100
100
100
100
100
100
100
100
100
100
100
100
100
100
100
100
100
100
100
100
100
100
100
100
100
100
100
100
100
100
100
100
385.404
356.428
328.094
300.798
274.891
250.667
228.351
208.096
189.983
174.023
160.167
148.313
138.321
130.021
123.227
117.745
113.387
109.971
107.333
105.324
103.816
102.701
101.887
101.301
100.886
100.595
100.395
100.259
100.167
100.107
100.067
100.042
100.026
100.016
100.009
100.006
100.003
100.002
100.001
100.001
100
100
100
100
100
100
100
100
100
100
100
100
100
100
100
100
100
100
100
100
100
100
100
100
100
100
100
100
100
100
100
100
100
100
100
385.404
356.428
328.094
300.798
274.892
250.668
228.352
208.096
189.983
174.023
160.167
148.314
138.322
130.021
123.227
117.745
113.387
109.971
107.333
105.324
103.816
102.701
101.887
101.301
100.886
100.595
100.395
100.259
100.167
100.107
100.067
100.042
100.026
100.016
100.009
100.006
100.003
100.002
100.001
100.001
100
100
100
100
100
100
100
100
100
100
100
100
100
100
100
100
100
100
100
100
100
100
100
100
100
100
100
100
100
100
100
100
100
100
100
385.404
356.428
328.094
300.798
274.892
250.668
228.352
208.097
189.983
174.023
160.167
148.314
138.322
130.022
123.227
117.745
113.387
109.971
107.333
105.324
103.816
102.701
101.887
101.301
100.886
100.595
100.395
100.259
100.167
100.107
100.067
100.042
100.026
100.016
100.009
100.006
100.003
100.002
100.001
100.001
100
100
100
100
100
100
100
100
100
100
100
100
100
100
100
100
100
100
100
100
100
100
100
100
100
100
100
100
100
100
100
100
100
100
100
385.404
356.428
328.094
300.798
274.892
250.668
228.352
208.097
189.983
174.023
160.167
148.314
138.322
130.022
123.227
117.745
113.387
109.971
107.333
105.324
103.816
102.701
101.887
101.301
100.886
100.595
100.395
100.259
100.167
100.107
100.067
100.042
100.026
100.016
100.009
100.006
100.003
100.002
100.001
100.001
100
100
100
100
100
100
100
100
100
100
100
100
100
100
100
100
100
100
100
100
100
100
100
100
100
100
100
100
100
100
100
100
100
100
100
385.404
356.428
328.094
300.798
274.892
250.668
228.352
208.097
189.983
174.023
160.167
148.314
138.322
130.022
123.227
117.745
113.387
109.971
107.333
105.324
103.816
102.701
101.887
101.301
100.886
100.595
100.395
100.259
100.167
100.107
100.067
100.042
100.026
100.016
100.009
100.006
100.003
100.002
100.001
100.001
100
100
100
100
100
100
100
100
100
100
100
100
100
100
100
100
100
100
100
100
100
100
100
100
100
100
100
100
100
100
100
100
100
100
100
385.404
356.428
328.094
300.798
274.892
250.668
228.352
208.097
189.983
174.023
160.167
148.314
138.322
130.022
123.227
117.745
113.387
109.971
107.333
105.324
103.816
102.701
101.887
101.301
100.886
100.595
100.395
100.259
100.167
100.107
100.067
100.042
100.026
100.016
100.009
100.006
100.003
100.002
100.001
100.001
100
100
100
100
100
100
100
100
100
100
100
100
100
100
100
100
100
100
100
100
100
100
100
100
100
100
100
100
100
100
100
100
100
100
100
385.404
356.428
328.094
300.798
274.892
250.668
228.352
208.097
189.983
174.023
160.167
148.314
138.322
130.022
123.227
117.745
113.387
109.971
107.333
105.324
103.816
102.701
101.887
101.301
100.886
100.595
100.395
100.259
100.167
100.107
100.067
100.042
100.026
100.016
100.009
100.006
100.003
100.002
100.001
100.001
100
100
100
100
100
100
100
100
100
100
100
100
100
100
100
100
100
100
100
100
100
100
100
100
100
100
100
100
100
100
100
100
100
100
100
385.404
356.428
328.094
300.798
274.892
250.668
228.352
208.097
189.983
174.023
160.167
148.314
138.322
130.022
123.227
117.745
113.387
109.971
107.333
105.324
103.816
102.701
101.887
101.301
100.886
100.595
100.395
100.259
100.167
100.107
100.067
100.042
100.026
100.016
100.009
100.006
100.003
100.002
100.001
100.001
100
100
100
100
100
100
100
100
100
100
100
100
100
100
100
100
100
100
100
100
100
100
100
100
100
100
100
100
100
100
100
100
100
100
100
385.404
356.428
328.094
300.798
274.892
250.668
228.352
208.097
189.983
174.023
160.167
148.314
138.322
130.022
123.227
117.745
113.387
109.971
107.333
105.324
103.816
102.701
101.887
101.301
100.886
100.595
100.395
100.259
100.167
100.107
100.067
100.042
100.026
100.016
100.009
100.006
100.003
100.002
100.001
100.001
100
100
100
100
100
100
100
100
100
100
100
100
100
100
100
100
100
100
100
100
100
100
100
100
100
100
100
100
100
100
100
100
100
100
100
385.404
356.428
328.094
300.798
274.892
250.668
228.352
208.097
189.983
174.023
160.167
148.314
138.322
130.022
123.227
117.745
113.387
109.971
107.333
105.324
103.816
102.701
101.887
101.301
100.886
100.595
100.395
100.259
100.167
100.107
100.067
100.042
100.026
100.016
100.009
100.006
100.003
100.002
100.001
100.001
100
100
100
100
100
100
100
100
100
100
100
100
100
100
100
100
100
100
100
100
100
100
100
100
100
100
100
100
100
100
100
100
100
100
100
385.404
356.428
328.094
300.798
274.892
250.668
228.352
208.097
189.983
174.023
160.167
148.314
138.322
130.022
123.227
117.745
113.387
109.971
107.333
105.324
103.816
102.701
101.887
101.301
100.886
100.595
100.395
100.259
100.167
100.107
100.067
100.042
100.026
100.016
100.009
100.006
100.003
100.002
100.001
100.001
100
100
100
100
100
100
100
100
100
100
100
100
100
100
100
100
100
100
100
100
100
100
100
100
100
100
100
100
100
100
100
100
100
100
100
385.404
356.428
328.094
300.798
274.892
250.668
228.352
208.097
189.983
174.023
160.167
148.314
138.322
130.022
123.227
117.745
113.387
109.971
107.333
105.324
103.816
102.701
101.887
101.301
100.886
100.595
100.395
100.259
100.167
100.107
100.067
100.042
100.026
100.016
100.009
100.006
100.003
100.002
100.001
100.001
100
100
100
100
100
100
100
100
100
100
100
100
100
100
100
100
100
100
100
100
100
100
100
100
100
100
100
100
100
100
100
100
100
100
100
385.404
356.428
328.094
300.798
274.892
250.668
228.352
208.097
189.983
174.023
160.167
148.314
138.322
130.022
123.227
117.745
113.387
109.971
107.333
105.324
103.816
102.701
101.887
101.301
100.886
100.595
100.395
100.259
100.167
100.107
100.067
100.042
100.026
100.016
100.009
100.006
100.003
100.002
100.001
100.001
100
100
100
100
100
100
100
100
100
100
100
100
100
100
100
100
100
100
100
100
100
100
100
100
100
100
100
100
100
100
100
100
100
100
100
385.404
356.428
328.094
300.798
274.892
250.668
228.352
208.097
189.983
174.023
160.167
148.314
138.322
130.022
123.227
117.745
113.387
109.971
107.333
105.324
103.816
102.701
101.887
101.301
100.886
100.595
100.395
100.259
100.167
100.107
100.067
100.042
100.026
100.016
100.009
100.006
100.003
100.002
100.001
100.001
100
100
100
100
100
100
100
100
100
100
100
100
100
100
100
100
100
100
100
100
100
100
100
100
100
100
100
100
100
100
100
100
100
100
100
385.404
356.428
328.094
300.798
274.892
250.668
228.352
208.097
189.983
174.023
160.167
148.314
138.322
130.022
123.227
117.745
113.387
109.971
107.333
105.324
103.816
102.701
101.887
101.301
100.886
100.595
100.395
100.259
100.167
100.107
100.067
100.042
100.026
100.016
100.009
100.006
100.003
100.002
100.001
100.001
100
100
100
100
100
100
100
100
100
100
100
100
100
100
100
100
100
100
100
100
100
100
100
100
100
100
100
100
100
100
100
100
100
100
100
385.404
356.428
328.094
300.798
274.892
250.668
228.352
208.097
189.983
174.023
160.167
148.314
138.322
130.022
123.227
117.745
113.387
109.971
107.333
105.324
103.816
102.701
101.887
101.301
100.886
100.595
100.395
100.259
100.167
100.107
100.067
100.042
100.026
100.016
100.009
100.006
100.003
100.002
100.001
100.001
100
100
100
100
100
100
100
100
100
100
100
100
100
100
100
100
100
100
100
100
100
100
100
100
100
100
100
100
100
100
100
100
100
100
100
385.404
356.428
328.094
300.798
274.892
250.668
228.352
208.097
189.983
174.023
160.167
148.314
138.322
130.022
123.227
117.745
113.387
109.971
107.333
105.324
103.816
102.701
101.887
101.301
100.886
100.595
100.395
100.259
100.167
100.107
100.067
100.042
100.026
100.016
100.009
100.006
100.003
100.002
100.001
100.001
100
100
100
100
100
100
100
100
100
100
100
100
100
100
100
100
100
100
100
100
100
100
100
100
100
100
100
100
100
100
100
100
100
100
100
385.404
356.428
328.094
300.798
274.892
250.668
228.352
208.097
189.983
174.023
160.167
148.314
138.322
130.022
123.227
117.745
113.387
109.971
107.333
105.324
103.816
102.701
101.887
101.301
100.886
100.595
100.395
100.259
100.167
100.107
100.067
100.042
100.026
100.016
100.009
100.006
100.003
100.002
100.001
100.001
100
100
100
100
100
100
100
100
100
100
100
100
100
100
100
100
100
100
100
100
100
100
100
100
100
100
100
100
100
100
100
100
100
100
100
385.404
356.428
328.094
300.798
274.892
250.668
228.352
208.097
189.983
174.023
160.167
148.314
138.322
130.022
123.227
117.745
113.387
109.971
107.333
105.324
103.816
102.701
101.887
101.301
100.886
100.595
100.395
100.259
100.167
100.107
100.067
100.042
100.026
100.016
100.009
100.006
100.003
100.002
100.001
100.001
100
100
100
100
100
100
100
100
100
100
100
100
100
100
100
100
100
100
100
100
100
100
100
100
100
100
100
100
100
100
100
100
100
100
100
385.404
356.428
328.094
300.798
274.892
250.668
228.352
208.097
189.983
174.023
160.167
148.314
138.322
130.022
123.227
117.745
113.387
109.971
107.333
105.324
103.816
102.701
101.887
101.301
100.886
100.595
100.395
100.259
100.167
100.107
100.067
100.042
100.026
100.016
100.009
100.006
100.003
100.002
100.001
100.001
100
100
100
100
100
100
100
100
100
100
100
100
100
100
100
100
100
100
100
100
100
100
100
100
100
100
100
100
100
100
100
100
100
100
100
385.404
356.428
328.094
300.798
274.892
250.668
228.352
208.097
189.983
174.023
160.167
148.314
138.322
130.022
123.227
117.745
113.387
109.971
107.333
105.324
103.816
102.701
101.887
101.301
100.886
100.595
100.395
100.259
100.167
100.107
100.067
100.042
100.026
100.016
100.009
100.006
100.003
100.002
100.001
100.001
100
100
100
100
100
100
100
100
100
100
100
100
100
100
100
100
100
100
100
100
100
100
100
100
100
100
100
100
100
100
100
100
100
100
100
385.404
356.428
328.094
300.798
274.892
250.668
228.352
208.097
189.983
174.023
160.167
148.314
138.322
130.022
123.227
117.745
113.387
109.971
107.333
105.324
103.816
102.701
101.887
101.301
100.886
100.595
100.395
100.259
100.167
100.107
100.067
100.042
100.026
100.016
100.009
100.006
100.003
100.002
100.001
100.001
100
100
100
100
100
100
100
100
100
100
100
100
100
100
100
100
100
100
100
100
100
100
100
100
100
100
100
100
100
100
100
100
100
100
100
385.404
356.428
328.094
300.798
274.892
250.668
228.352
208.097
189.983
174.023
160.167
148.314
138.322
130.022
123.227
117.745
113.387
109.971
107.333
105.324
103.816
102.701
101.887
101.301
100.886
100.595
100.395
100.259
100.167
100.107
100.067
100.042
100.026
100.016
100.009
100.006
100.003
100.002
100.001
100.001
100
100
100
100
100
100
100
100
100
100
100
100
100
100
100
100
100
100
100
100
100
100
100
100
100
100
100
100
100
100
100
100
100
100
100
385.404
356.428
328.094
300.798
274.892
250.668
228.352
208.097
189.983
174.023
160.167
148.314
138.322
130.022
123.227
117.745
113.387
109.971
107.333
105.324
103.816
102.701
101.887
101.301
100.886
100.595
100.395
100.259
100.167
100.107
100.067
100.042
100.026
100.016
100.009
100.006
100.003
100.002
100.001
100.001
100
100
100
100
100
100
100
100
100
100
100
100
100
100
100
100
100
100
100
100
100
100
100
100
100
100
100
100
100
100
100
100
100
100
100
385.404
356.428
328.094
300.798
274.892
250.668
228.352
208.097
189.983
174.023
160.167
148.314
138.322
130.022
123.227
117.745
113.387
109.971
107.333
105.324
103.816
102.701
101.887
101.301
100.886
100.595
100.395
100.259
100.167
100.107
100.067
100.042
100.026
100.016
100.009
100.006
100.003
100.002
100.001
100.001
100
100
100
100
100
100
100
100
100
100
100
100
100
100
100
100
100
100
100
100
100
100
100
100
100
100
100
100
100
100
100
100
100
100
100
385.404
356.428
328.094
300.798
274.892
250.668
228.352
208.097
189.983
174.023
160.167
148.314
138.322
130.022
123.227
117.745
113.387
109.971
107.333
105.324
103.816
102.701
101.887
101.301
100.886
100.595
100.395
100.259
100.167
100.107
100.067
100.042
100.026
100.016
100.009
100.006
100.003
100.002
100.001
100.001
100
100
100
100
100
100
100
100
100
100
100
100
100
100
100
100
100
100
100
100
100
100
100
100
100
100
100
100
100
100
100
100
100
100
100
385.404
356.428
328.094
300.798
274.892
250.668
228.352
208.097
189.983
174.023
160.167
148.314
138.322
130.022
123.227
117.745
113.387
109.971
107.333
105.324
103.816
102.701
101.887
101.301
100.886
100.595
100.395
100.259
100.167
100.107
100.067
100.042
100.026
100.016
100.009
100.006
100.003
100.002
100.001
100.001
100
100
100
100
100
100
100
100
100
100
100
100
100
100
100
100
100
100
100
100
100
100
100
100
100
100
100
100
100
100
100
100
100
100
100
385.404
356.428
328.094
300.798
274.892
250.668
228.352
208.097
189.983
174.023
160.167
148.314
138.322
130.022
123.227
117.745
113.387
109.971
107.333
105.324
103.816
102.701
101.887
101.301
100.886
100.595
100.395
100.259
100.167
100.107
100.067
100.042
100.026
100.016
100.009
100.006
100.003
100.002
100.001
100.001
100
100
100
100
100
100
100
100
100
100
100
100
100
100
100
100
100
100
100
100
100
100
100
100
100
100
100
100
100
100
100
100
100
100
100
385.404
356.428
328.094
300.798
274.892
250.668
228.352
208.097
189.983
174.023
160.167
148.314
138.322
130.022
123.227
117.745
113.387
109.971
107.333
105.324
103.816
102.701
101.887
101.301
100.886
100.595
100.395
100.259
100.167
100.107
100.067
100.042
100.026
100.016
100.009
100.006
100.003
100.002
100.001
100.001
100
100
100
100
100
100
100
100
100
100
100
100
100
100
100
100
100
100
100
100
100
100
100
100
100
100
100
100
100
100
100
100
100
100
100
385.404
356.428
328.094
300.798
274.892
250.668
228.352
208.097
189.983
174.023
160.167
148.314
138.322
130.022
123.227
117.745
113.387
109.971
107.333
105.324
103.816
102.701
101.887
101.301
100.886
100.595
100.395
100.259
100.167
100.107
100.067
100.042
100.026
100.016
100.009
100.006
100.003
100.002
100.001
100.001
100
100
100
100
100
100
100
100
100
100
100
100
100
100
100
100
100
100
100
100
100
100
100
100
100
100
100
100
100
100
100
100
100
100
100
385.404
356.428
328.094
300.798
274.892
250.668
228.352
208.097
189.983
174.023
160.167
148.314
138.322
130.022
123.227
117.745
113.387
109.971
107.333
105.324
103.816
102.701
101.887
101.301
100.886
100.595
100.395
100.259
100.167
100.107
100.067
100.042
100.026
100.016
100.009
100.006
100.003
100.002
100.001
100.001
100
100
100
100
100
100
100
100
100
100
100
100
100
100
100
100
100
100
100
100
100
100
100
100
100
100
100
100
100
100
100
100
100
100
100
385.404
356.428
328.094
300.798
274.892
250.668
228.352
208.097
189.983
174.023
160.167
148.314
138.322
130.022
123.227
117.745
113.387
109.971
107.333
105.324
103.816
102.701
101.887
101.301
100.886
100.595
100.395
100.259
100.167
100.107
100.067
100.042
100.026
100.016
100.009
100.006
100.003
100.002
100.001
100.001
100
100
100
100
100
100
100
100
100
100
100
100
100
100
100
100
100
100
100
100
100
100
100
100
100
100
100
100
100
100
100
100
100
100
100
385.404
356.428
328.094
300.798
274.892
250.668
228.352
208.097
189.983
174.023
160.167
148.314
138.322
130.022
123.227
117.745
113.387
109.971
107.333
105.324
103.816
102.701
101.887
101.301
100.886
100.595
100.395
100.259
100.167
100.107
100.067
100.042
100.026
100.016
100.009
100.006
100.003
100.002
100.001
100.001
100
100
100
100
100
100
100
100
100
100
100
100
100
100
100
100
100
100
100
100
100
100
100
100
100
100
100
100
100
100
100
100
100
100
100
385.404
356.428
328.094
300.798
274.892
250.668
228.352
208.097
189.983
174.023
160.167
148.314
138.322
130.022
123.227
117.745
113.387
109.971
107.333
105.324
103.816
102.701
101.887
101.301
100.886
100.595
100.395
100.259
100.167
100.107
100.067
100.042
100.026
100.016
100.009
100.006
100.003
100.002
100.001
100.001
100
100
100
100
100
100
100
100
100
100
100
100
100
100
100
100
100
100
100
100
100
100
100
100
100
100
100
100
100
100
100
100
100
100
100
385.404
356.428
328.094
300.798
274.892
250.668
228.352
208.097
189.983
174.023
160.167
148.314
138.322
130.022
123.227
117.745
113.387
109.971
107.333
105.324
103.816
102.701
101.887
101.301
100.886
100.595
100.395
100.259
100.167
100.107
100.067
100.042
100.026
100.016
100.009
100.006
100.003
100.002
100.001
100.001
100
100
100
100
100
100
100
100
100
100
100
100
100
100
100
100
100
100
100
100
100
100
100
100
100
100
100
100
100
100
100
100
100
100
100
385.404
356.428
328.094
300.798
274.892
250.668
228.352
208.097
189.983
174.023
160.167
148.314
138.322
130.022
123.227
117.745
113.387
109.971
107.333
105.324
103.816
102.701
101.887
101.301
100.886
100.595
100.395
100.259
100.167
100.107
100.067
100.042
100.026
100.016
100.009
100.006
100.003
100.002
100.001
100.001
100
100
100
100
100
100
100
100
100
100
100
100
100
100
100
100
100
100
100
100
100
100
100
100
100
100
100
100
100
100
100
100
100
100
100
385.404
356.428
328.094
300.798
274.892
250.668
228.352
208.097
189.983
174.023
160.167
148.314
138.322
130.022
123.227
117.745
113.387
109.971
107.333
105.324
103.816
102.701
101.887
101.301
100.886
100.595
100.395
100.259
100.167
100.107
100.067
100.042
100.026
100.016
100.009
100.006
100.003
100.002
100.001
100.001
100
100
100
100
100
100
100
100
100
100
100
100
100
100
100
100
100
100
100
100
100
100
100
100
100
100
100
100
100
100
100
100
100
100
100
385.404
356.428
328.094
300.798
274.892
250.668
228.352
208.097
189.983
174.023
160.167
148.314
138.322
130.022
123.227
117.745
113.387
109.971
107.333
105.324
103.816
102.701
101.887
101.301
100.886
100.595
100.395
100.259
100.167
100.107
100.067
100.042
100.026
100.016
100.009
100.006
100.003
100.002
100.001
100.001
100
100
100
100
100
100
100
100
100
100
100
100
100
100
100
100
100
100
100
100
100
100
100
100
100
100
100
100
100
100
100
100
100
100
100
385.404
356.428
328.094
300.798
274.892
250.668
228.352
208.097
189.983
174.023
160.167
148.314
138.322
130.022
123.227
117.745
113.387
109.971
107.333
105.324
103.816
102.701
101.887
101.301
100.886
100.595
100.395
100.259
100.167
100.107
100.067
100.042
100.026
100.016
100.009
100.006
100.003
100.002
100.001
100.001
100
100
100
100
100
100
100
100
100
100
100
100
100
100
100
100
100
100
100
100
100
100
100
100
100
100
100
100
100
100
100
100
100
100
100
385.404
356.428
328.094
300.798
274.892
250.668
228.352
208.097
189.983
174.023
160.167
148.314
138.322
130.022
123.227
117.745
113.387
109.971
107.333
105.324
103.816
102.701
101.887
101.301
100.886
100.595
100.395
100.259
100.167
100.107
100.067
100.042
100.026
100.016
100.009
100.006
100.003
100.002
100.001
100.001
100
100
100
100
100
100
100
100
100
100
100
100
100
100
100
100
100
100
100
100
100
100
100
100
100
100
100
100
100
100
100
100
100
100
100
385.404
356.428
328.094
300.798
274.892
250.668
228.352
208.097
189.983
174.023
160.167
148.314
138.322
130.022
123.227
117.745
113.387
109.971
107.333
105.324
103.816
102.701
101.887
101.301
100.886
100.595
100.395
100.259
100.167
100.107
100.067
100.042
100.026
100.016
100.009
100.006
100.003
100.002
100.001
100.001
100
100
100
100
100
100
100
100
100
100
100
100
100
100
100
100
100
100
100
100
100
100
100
100
100
100
100
100
100
100
100
100
100
100
100
385.404
356.428
328.094
300.798
274.892
250.668
228.352
208.097
189.983
174.023
160.167
148.314
138.322
130.022
123.227
117.745
113.387
109.971
107.333
105.324
103.816
102.701
101.887
101.301
100.886
100.595
100.395
100.259
100.167
100.107
100.067
100.042
100.026
100.016
100.009
100.006
100.003
100.002
100.001
100.001
100
100
100
100
100
100
100
100
100
100
100
100
100
100
100
100
100
100
100
100
100
100
100
100
100
100
100
100
100
100
100
100
100
100
100
385.404
356.428
328.094
300.798
274.892
250.668
228.352
208.097
189.983
174.023
160.167
148.314
138.322
130.022
123.227
117.745
113.387
109.971
107.333
105.324
103.816
102.701
101.887
101.301
100.886
100.595
100.395
100.259
100.167
100.107
100.067
100.042
100.026
100.016
100.009
100.006
100.003
100.002
100.001
100.001
100
100
100
100
100
100
100
100
100
100
100
100
100
100
100
100
100
100
100
100
100
100
100
100
100
100
100
100
100
100
100
100
100
100
100
385.404
356.428
328.094
300.798
274.892
250.668
228.352
208.097
189.983
174.023
160.167
148.314
138.322
130.022
123.227
117.745
113.387
109.971
107.333
105.324
103.816
102.701
101.887
101.301
100.886
100.595
100.395
100.259
100.167
100.107
100.067
100.042
100.026
100.016
100.009
100.006
100.003
100.002
100.001
100.001
100
100
100
100
100
100
100
100
100
100
100
100
100
100
100
100
100
100
100
100
100
100
100
100
100
100
100
100
100
100
100
100
100
100
100
385.404
356.428
328.094
300.798
274.892
250.668
228.352
208.097
189.983
174.023
160.167
148.314
138.322
130.022
123.227
117.745
113.387
109.971
107.333
105.324
103.816
102.701
101.887
101.301
100.886
100.595
100.395
100.259
100.167
100.107
100.067
100.042
100.026
100.016
100.009
100.006
100.003
100.002
100.001
100.001
100
100
100
100
100
100
100
100
100
100
100
100
100
100
100
100
100
100
100
100
100
100
100
100
100
100
100
100
100
100
100
100
100
100
100
385.404
356.428
328.094
300.798
274.892
250.668
228.352
208.097
189.983
174.023
160.167
148.314
138.322
130.022
123.227
117.745
113.387
109.971
107.333
105.324
103.816
102.701
101.887
101.301
100.886
100.595
100.395
100.259
100.167
100.107
100.067
100.042
100.026
100.016
100.009
100.006
100.003
100.002
100.001
100.001
100
100
100
100
100
100
100
100
100
100
100
100
100
100
100
100
100
100
100
100
100
100
100
100
100
100
100
100
100
100
100
100
100
100
100
385.404
356.428
328.094
300.798
274.892
250.668
228.352
208.097
189.983
174.023
160.167
148.314
138.322
130.022
123.227
117.745
113.387
109.971
107.333
105.324
103.816
102.701
101.887
101.301
100.886
100.595
100.395
100.259
100.167
100.107
100.067
100.042
100.026
100.016
100.009
100.006
100.003
100.002
100.001
100.001
100
100
100
100
100
100
100
100
100
100
100
100
100
100
100
100
100
100
100
100
100
100
100
100
100
100
100
100
100
100
100
100
100
100
100
385.404
356.428
328.094
300.798
274.892
250.668
228.352
208.097
189.983
174.023
160.167
148.314
138.322
130.022
123.227
117.745
113.387
109.971
107.333
105.324
103.816
102.701
101.887
101.301
100.886
100.595
100.395
100.259
100.167
100.107
100.067
100.042
100.026
100.016
100.009
100.006
100.003
100.002
100.001
100.001
100
100
100
100
100
100
100
100
100
100
100
100
100
100
100
100
100
100
100
100
100
100
100
100
100
100
100
100
100
100
100
100
100
100
100
385.404
356.428
328.094
300.798
274.892
250.668
228.352
208.097
189.983
174.023
160.167
148.314
138.322
130.022
123.227
117.745
113.387
109.971
107.333
105.324
103.816
102.701
101.887
101.301
100.886
100.595
100.395
100.259
100.167
100.107
100.067
100.042
100.026
100.016
100.009
100.006
100.003
100.002
100.001
100.001
100
100
100
100
100
100
100
100
100
100
100
100
100
100
100
100
100
100
100
100
100
100
100
100
100
100
100
100
100
100
100
100
100
100
100
385.404
356.428
328.094
300.798
274.892
250.668
228.352
208.097
189.983
174.023
160.167
148.314
138.322
130.022
123.227
117.745
113.387
109.971
107.333
105.324
103.816
102.701
101.887
101.301
100.886
100.595
100.395
100.259
100.167
100.107
100.067
100.042
100.026
100.016
100.009
100.006
100.003
100.002
100.001
100.001
100
100
100
100
100
100
100
100
100
100
100
100
100
100
100
100
100
100
100
100
100
100
100
100
100
100
100
100
100
100
100
100
100
100
100
385.404
356.428
328.094
300.798
274.892
250.668
228.352
208.097
189.983
174.023
160.167
148.314
138.322
130.022
123.227
117.745
113.387
109.971
107.333
105.324
103.816
102.701
101.887
101.301
100.886
100.595
100.395
100.259
100.167
100.107
100.067
100.042
100.026
100.016
100.009
100.006
100.003
100.002
100.001
100.001
100
100
100
100
100
100
100
100
100
100
100
100
100
100
100
100
100
100
100
100
100
100
100
100
100
100
100
100
100
100
100
100
100
100
100
385.404
356.428
328.094
300.798
274.892
250.668
228.352
208.097
189.983
174.023
160.167
148.314
138.322
130.022
123.227
117.745
113.387
109.971
107.333
105.324
103.816
102.701
101.887
101.301
100.886
100.595
100.395
100.259
100.167
100.107
100.067
100.042
100.026
100.016
100.009
100.006
100.003
100.002
100.001
100.001
100
100
100
100
100
100
100
100
100
100
100
100
100
100
100
100
100
100
100
100
100
100
100
100
100
100
100
100
100
100
100
100
100
100
100
385.404
356.428
328.094
300.798
274.892
250.668
228.352
208.097
189.983
174.023
160.167
148.314
138.322
130.022
123.227
117.745
113.387
109.971
107.333
105.324
103.816
102.701
101.887
101.301
100.886
100.595
100.395
100.259
100.167
100.107
100.067
100.042
100.026
100.016
100.009
100.006
100.003
100.002
100.001
100.001
100
100
100
100
100
100
100
100
100
100
100
100
100
100
100
100
100
100
100
100
100
100
100
100
100
100
100
100
100
100
100
100
100
100
100
385.404
356.428
328.094
300.798
274.892
250.668
228.352
208.097
189.983
174.023
160.167
148.314
138.322
130.022
123.227
117.745
113.387
109.971
107.333
105.324
103.816
102.701
101.887
101.301
100.886
100.595
100.395
100.259
100.167
100.107
100.067
100.042
100.026
100.016
100.009
100.006
100.003
100.002
100.001
100.001
100
100
100
100
100
100
100
100
100
100
100
100
100
100
100
100
100
100
100
100
100
100
100
100
100
100
100
100
100
100
100
100
100
100
100
385.404
356.428
328.094
300.798
274.892
250.668
228.352
208.097
189.983
174.023
160.167
148.314
138.322
130.022
123.227
117.745
113.387
109.971
107.333
105.324
103.816
102.701
101.887
101.301
100.886
100.595
100.395
100.259
100.167
100.107
100.067
100.042
100.026
100.016
100.009
100.006
100.003
100.002
100.001
100.001
100
100
100
100
100
100
100
100
100
100
100
100
100
100
100
100
100
100
100
100
100
100
100
100
100
100
100
100
100
100
100
100
100
100
100
385.404
356.428
328.094
300.798
274.892
250.668
228.352
208.097
189.983
174.023
160.167
148.314
138.322
130.022
123.227
117.745
113.387
109.971
107.333
105.324
103.816
102.701
101.887
101.301
100.886
100.595
100.395
100.259
100.167
100.107
100.067
100.042
100.026
100.016
100.009
100.006
100.003
100.002
100.001
100.001
100
100
100
100
100
100
100
100
100
100
100
100
100
100
100
100
100
100
100
100
100
100
100
100
100
100
100
100
100
100
100
100
100
100
100
385.404
356.428
328.094
300.798
274.892
250.668
228.352
208.097
189.983
174.023
160.167
148.314
138.322
130.022
123.227
117.745
113.387
109.971
107.333
105.324
103.816
102.701
101.887
101.301
100.886
100.595
100.395
100.259
100.167
100.107
100.067
100.042
100.026
100.016
100.009
100.006
100.003
100.002
100.001
100.001
100
100
100
100
100
100
100
100
100
100
100
100
100
100
100
100
100
100
100
100
100
100
100
100
100
100
100
100
100
100
100
100
100
100
100
385.404
356.428
328.094
300.798
274.892
250.668
228.352
208.097
189.983
174.023
160.167
148.314
138.322
130.022
123.227
117.745
113.387
109.971
107.333
105.324
103.816
102.701
101.887
101.301
100.886
100.595
100.395
100.259
100.167
100.107
100.067
100.042
100.026
100.016
100.009
100.006
100.003
100.002
100.001
100.001
100
100
100
100
100
100
100
100
100
100
100
100
100
100
100
100
100
100
100
100
100
100
100
100
100
100
100
100
100
100
100
100
100
100
100
385.404
356.428
328.094
300.798
274.892
250.668
228.352
208.097
189.983
174.023
160.167
148.314
138.322
130.022
123.227
117.745
113.387
109.971
107.333
105.324
103.816
102.701
101.887
101.301
100.886
100.595
100.395
100.259
100.167
100.107
100.067
100.042
100.026
100.016
100.009
100.006
100.003
100.002
100.001
100.001
100
100
100
100
100
100
100
100
100
100
100
100
100
100
100
100
100
100
100
100
100
100
100
100
100
100
100
100
100
100
100
100
100
100
100
385.404
356.428
328.094
300.798
274.892
250.668
228.352
208.097
189.983
174.023
160.167
148.314
138.322
130.022
123.227
117.745
113.387
109.971
107.333
105.324
103.816
102.701
101.887
101.301
100.886
100.595
100.395
100.259
100.167
100.107
100.067
100.042
100.026
100.016
100.009
100.006
100.003
100.002
100.001
100.001
100
100
100
100
100
100
100
100
100
100
100
100
100
100
100
100
100
100
100
100
100
100
100
100
100
100
100
100
100
100
100
100
100
100
100
385.404
356.428
328.094
300.798
274.892
250.668
228.352
208.097
189.983
174.023
160.167
148.314
138.322
130.022
123.227
117.745
113.387
109.971
107.333
105.324
103.816
102.701
101.887
101.301
100.886
100.595
100.395
100.259
100.167
100.107
100.067
100.042
100.026
100.016
100.009
100.006
100.003
100.002
100.001
100.001
100
100
100
100
100
100
100
100
100
100
100
100
100
100
100
100
100
100
100
100
100
100
100
100
100
100
100
100
100
100
100
100
100
100
100
385.404
356.428
328.094
300.798
274.892
250.668
228.352
208.097
189.983
174.023
160.167
148.314
138.322
130.022
123.227
117.745
113.387
109.971
107.333
105.324
103.816
102.701
101.887
101.301
100.886
100.595
100.395
100.259
100.167
100.107
100.067
100.042
100.026
100.016
100.009
100.006
100.003
100.002
100.001
100.001
100
100
100
100
100
100
100
100
100
100
100
100
100
100
100
100
100
100
100
100
100
100
100
100
100
100
100
100
100
100
100
100
100
100
100
385.404
356.428
328.094
300.798
274.892
250.668
228.352
208.097
189.983
174.023
160.167
148.314
138.322
130.022
123.227
117.745
113.387
109.971
107.333
105.324
103.816
102.701
101.887
101.301
100.886
100.595
100.395
100.259
100.167
100.107
100.067
100.042
100.026
100.016
100.009
100.006
100.003
100.002
100.001
100.001
100
100
100
100
100
100
100
100
100
100
100
100
100
100
100
100
100
100
100
100
100
100
100
100
100
100
100
100
100
100
100
100
100
100
100
385.404
356.428
328.094
300.798
274.892
250.668
228.352
208.097
189.983
174.023
160.167
148.314
138.322
130.022
123.227
117.745
113.387
109.971
107.333
105.324
103.816
102.701
101.887
101.301
100.886
100.595
100.395
100.259
100.167
100.107
100.067
100.042
100.026
100.016
100.009
100.006
100.003
100.002
100.001
100.001
100
100
100
100
100
100
100
100
100
100
100
100
100
100
100
100
100
100
100
100
100
100
100
100
100
100
100
100
100
100
100
100
100
100
100
385.404
356.428
328.094
300.798
274.892
250.668
228.352
208.097
189.983
174.023
160.167
148.314
138.322
130.022
123.227
117.745
113.387
109.971
107.333
105.324
103.816
102.701
101.887
101.301
100.886
100.595
100.395
100.259
100.167
100.107
100.067
100.042
100.026
100.016
100.009
100.006
100.003
100.002
100.001
100.001
100
100
100
100
100
100
100
100
100
100
100
100
100
100
100
100
100
100
100
100
100
100
100
100
100
100
100
100
100
100
100
100
100
100
100
385.404
356.428
328.094
300.798
274.892
250.668
228.352
208.097
189.983
174.023
160.167
148.314
138.322
130.022
123.227
117.745
113.387
109.971
107.333
105.324
103.816
102.701
101.887
101.301
100.886
100.595
100.395
100.259
100.167
100.107
100.067
100.042
100.026
100.016
100.009
100.006
100.003
100.002
100.001
100.001
100
100
100
100
100
100
100
100
100
100
100
100
100
100
100
100
100
100
100
100
100
100
100
100
100
100
100
100
100
100
100
100
100
100
100
385.404
356.428
328.094
300.798
274.892
250.668
228.352
208.097
189.983
174.023
160.167
148.314
138.322
130.022
123.227
117.745
113.387
109.971
107.333
105.324
103.816
102.701
101.887
101.301
100.886
100.595
100.395
100.259
100.167
100.107
100.067
100.042
100.026
100.016
100.009
100.006
100.003
100.002
100.001
100.001
100
100
100
100
100
100
100
100
100
100
100
100
100
100
100
100
100
100
100
100
100
100
100
100
100
100
100
100
100
100
100
100
100
100
100
385.404
356.428
328.094
300.798
274.892
250.668
228.352
208.097
189.983
174.023
160.167
148.314
138.322
130.022
123.227
117.745
113.387
109.971
107.333
105.324
103.816
102.701
101.887
101.301
100.886
100.595
100.395
100.259
100.167
100.107
100.067
100.042
100.026
100.016
100.009
100.006
100.003
100.002
100.001
100.001
100
100
100
100
100
100
100
100
100
100
100
100
100
100
100
100
100
100
100
100
100
100
100
100
100
100
100
100
100
100
100
100
100
100
100
385.404
356.428
328.094
300.798
274.892
250.668
228.352
208.097
189.983
174.023
160.167
148.314
138.322
130.022
123.227
117.745
113.387
109.971
107.333
105.324
103.816
102.701
101.887
101.301
100.886
100.595
100.395
100.259
100.167
100.107
100.067
100.042
100.026
100.016
100.009
100.006
100.003
100.002
100.001
100.001
100
100
100
100
100
100
100
100
100
100
100
100
100
100
100
100
100
100
100
100
100
100
100
100
100
100
100
100
100
100
100
100
100
100
100
385.404
356.428
328.094
300.798
274.892
250.668
228.352
208.097
189.983
174.023
160.167
148.314
138.322
130.022
123.227
117.745
113.387
109.971
107.333
105.324
103.816
102.701
101.887
101.301
100.886
100.595
100.395
100.259
100.167
100.107
100.067
100.042
100.026
100.016
100.009
100.006
100.003
100.002
100.001
100.001
100
100
100
100
100
100
100
100
100
100
100
100
100
100
100
100
100
100
100
100
100
100
100
100
100
100
100
100
100
100
100
100
100
100
100
385.404
356.428
328.094
300.798
274.892
250.668
228.352
208.097
189.983
174.023
160.167
148.314
138.322
130.022
123.227
117.745
113.387
109.971
107.333
105.324
103.816
102.701
101.887
101.301
100.886
100.595
100.395
100.259
100.167
100.107
100.067
100.042
100.026
100.016
100.009
100.006
100.003
100.002
100.001
100.001
100
100
100
100
100
100
100
100
100
100
100
100
100
100
100
100
100
100
100
100
100
100
100
100
100
100
100
100
100
100
100
100
100
100
100
385.404
356.428
328.094
300.798
274.892
250.668
228.352
208.097
189.983
174.023
160.167
148.314
138.322
130.022
123.227
117.745
113.387
109.971
107.333
105.324
103.816
102.701
101.887
101.301
100.886
100.595
100.395
100.259
100.167
100.107
100.067
100.042
100.026
100.016
100.009
100.006
100.003
100.002
100.001
100.001
100
100
100
100
100
100
100
100
100
100
100
100
100
100
100
100
100
100
100
100
100
100
100
100
100
100
100
100
100
100
100
100
100
100
100
385.404
356.428
328.094
300.798
274.892
250.668
228.352
208.097
189.983
174.023
160.167
148.314
138.322
130.022
123.227
117.745
113.387
109.971
107.333
105.324
103.816
102.701
101.887
101.301
100.886
100.595
100.395
100.259
100.167
100.107
100.067
100.042
100.026
100.016
100.009
100.006
100.003
100.002
100.001
100.001
100
100
100
100
100
100
100
100
100
100
100
100
100
100
100
100
100
100
100
100
100
100
100
100
100
100
100
100
100
100
100
100
100
100
100
385.404
356.428
328.094
300.798
274.892
250.668
228.352
208.097
189.983
174.023
160.167
148.314
138.322
130.022
123.227
117.745
113.387
109.971
107.333
105.324
103.816
102.701
101.887
101.301
100.886
100.595
100.395
100.259
100.167
100.107
100.067
100.042
100.026
100.016
100.009
100.006
100.003
100.002
100.001
100.001
100
100
100
100
100
100
100
100
100
100
100
100
100
100
100
100
100
100
100
100
100
100
100
100
100
100
100
100
100
100
100
100
100
100
100
385.404
356.428
328.094
300.798
274.892
250.668
228.352
208.097
189.983
174.023
160.167
148.314
138.322
130.022
123.227
117.745
113.387
109.971
107.333
105.324
103.816
102.701
101.887
101.301
100.886
100.595
100.395
100.259
100.167
100.107
100.067
100.042
100.026
100.016
100.009
100.006
100.003
100.002
100.001
100.001
100
100
100
100
100
100
100
100
100
100
100
100
100
100
100
100
100
100
100
100
100
100
100
100
100
100
100
100
100
100
100
100
100
100
100
385.404
356.428
328.094
300.798
274.892
250.668
228.352
208.097
189.983
174.023
160.167
148.314
138.322
130.022
123.227
117.745
113.387
109.971
107.333
105.324
103.816
102.701
101.887
101.301
100.886
100.595
100.395
100.259
100.167
100.107
100.067
100.042
100.026
100.016
100.009
100.006
100.003
100.002
100.001
100.001
100
100
100
100
100
100
100
100
100
100
100
100
100
100
100
100
100
100
100
100
100
100
100
100
100
100
100
100
100
100
100
100
100
100
100
385.404
356.428
328.094
300.798
274.892
250.668
228.352
208.097
189.983
174.023
160.167
148.314
138.322
130.022
123.227
117.745
113.387
109.971
107.333
105.324
103.816
102.701
101.887
101.301
100.886
100.595
100.395
100.259
100.167
100.107
100.067
100.042
100.026
100.016
100.009
100.006
100.003
100.002
100.001
100.001
100
100
100
100
100
100
100
100
100
100
100
100
100
100
100
100
100
100
100
100
100
100
100
100
100
100
100
100
100
100
100
100
100
100
100
385.404
356.428
328.094
300.798
274.892
250.668
228.352
208.097
189.983
174.023
160.167
148.314
138.322
130.022
123.227
117.745
113.387
109.971
107.333
105.324
103.816
102.701
101.887
101.301
100.886
100.595
100.395
100.259
100.167
100.107
100.067
100.042
100.026
100.016
100.009
100.006
100.003
100.002
100.001
100.001
100
100
100
100
100
100
100
100
100
100
100
100
100
100
100
100
100
100
100
100
100
100
100
100
100
100
100
100
100
100
100
100
100
100
100
385.404
356.428
328.094
300.798
274.892
250.668
228.352
208.097
189.983
174.023
160.167
148.314
138.322
130.022
123.227
117.745
113.387
109.971
107.333
105.324
103.816
102.701
101.887
101.301
100.886
100.595
100.395
100.259
100.167
100.107
100.067
100.042
100.026
100.016
100.009
100.006
100.003
100.002
100.001
100.001
100
100
100
100
100
100
100
100
100
100
100
100
100
100
100
100
100
100
100
100
100
100
100
100
100
100
100
100
100
100
100
100
100
100
100
385.404
356.428
328.094
300.798
274.892
250.668
228.352
208.097
189.983
174.023
160.167
148.314
138.322
130.022
123.227
117.745
113.387
109.971
107.333
105.324
103.816
102.701
101.887
101.301
100.886
100.595
100.395
100.259
100.167
100.107
100.067
100.042
100.026
100.016
100.009
100.006
100.003
100.002
100.001
100.001
100
100
100
100
100
100
100
100
100
100
100
100
100
100
100
100
100
100
100
100
100
100
100
100
100
100
100
100
100
100
100
100
100
100
100
385.404
356.428
328.094
300.798
274.892
250.668
228.352
208.097
189.983
174.023
160.167
148.314
138.322
130.022
123.227
117.745
113.387
109.971
107.333
105.324
103.816
102.701
101.887
101.301
100.886
100.595
100.395
100.259
100.167
100.107
100.067
100.042
100.026
100.016
100.009
100.006
100.003
100.002
100.001
100.001
100
100
100
100
100
100
100
100
100
100
100
100
100
100
100
100
100
100
100
100
100
100
100
100
100
100
100
100
100
100
100
100
100
100
100
385.404
356.428
328.094
300.798
274.892
250.668
228.352
208.097
189.983
174.023
160.167
148.314
138.322
130.022
123.227
117.745
113.387
109.971
107.333
105.324
103.816
102.701
101.887
101.301
100.886
100.595
100.395
100.259
100.167
100.107
100.067
100.042
100.026
100.016
100.009
100.006
100.003
100.002
100.001
100.001
100
100
100
100
100
100
100
100
100
100
100
100
100
100
100
100
100
100
100
100
100
100
100
100
100
100
100
100
100
100
100
100
100
100
100
385.404
356.428
328.094
300.798
274.892
250.668
228.352
208.097
189.983
174.023
160.167
148.314
138.322
130.022
123.227
117.745
113.387
109.971
107.333
105.324
103.816
102.701
101.887
101.301
100.886
100.595
100.395
100.259
100.167
100.107
100.067
100.042
100.026
100.016
100.009
100.006
100.003
100.002
100.001
100.001
100
100
100
100
100
100
100
100
100
100
100
100
100
100
100
100
100
100
100
100
100
100
100
100
100
100
100
100
100
100
100
100
100
100
100
385.404
356.428
328.094
300.798
274.892
250.668
228.352
208.097
189.983
174.023
160.167
148.314
138.322
130.022
123.227
117.745
113.387
109.971
107.333
105.324
103.816
102.701
101.887
101.301
100.886
100.595
100.395
100.259
100.167
100.107
100.067
100.042
100.026
100.016
100.009
100.006
100.003
100.002
100.001
100.001
100
100
100
100
100
100
100
100
100
100
100
100
100
100
100
100
100
100
100
100
100
100
100
100
100
100
100
100
100
100
100
100
100
100
100
385.404
356.428
328.094
300.798
274.892
250.668
228.352
208.096
189.983
174.023
160.167
148.314
138.322
130.021
123.227
117.745
113.387
109.971
107.333
105.324
103.816
102.701
101.887
101.301
100.886
100.595
100.395
100.259
100.167
100.107
100.067
100.042
100.026
100.016
100.009
100.006
100.003
100.002
100.001
100.001
100
100
100
100
100
100
100
100
100
100
100
100
100
100
100
100
100
100
100
100
100
100
100
100
100
100
100
100
100
100
100
100
100
100
100
385.404
356.428
328.094
300.798
274.891
250.667
228.351
208.096
189.983
174.023
160.167
148.313
138.321
130.021
123.227
117.745
113.387
109.971
107.333
105.324
103.816
102.701
101.887
101.301
100.886
100.595
100.395
100.259
100.167
100.107
100.067
100.042
100.026
100.016
100.009
100.006
100.003
100.002
100.001
100.001
100
100
100
100
100
100
100
100
100
100
100
100
100
100
100
100
100
100
100
100
100
100
100
100
100
100
100
100
100
100
100
100
100
100
100
385.403
356.428
328.094
300.798
274.891
250.667
228.351
208.096
189.982
174.022
160.166
148.313
138.321
130.021
123.226
117.745
113.387
109.971
107.333
105.324
103.816
102.701
101.887
101.301
100.886
100.595
100.395
100.259
100.167
100.107
100.067
100.042
100.026
100.016
100.009
100.006
100.003
100.002
100.001
100.001
100
100
100
100
100
100
100
100
100
100
100
100
100
100
100
100
100
100
100
100
100
100
100
100
100
100
100
100
100
100
100
100
100
100
100
385.403
356.427
328.093
300.797
274.89
250.666
228.35
208.095
189.981
174.021
160.165
148.312
138.32
130.02
123.226
117.745
113.386
109.971
107.333
105.324
103.816
102.701
101.887
101.301
100.886
100.595
100.395
100.259
100.167
100.107
100.067
100.042
100.026
100.016
100.009
100.006
100.003
100.002
100.001
100.001
100
100
100
100
100
100
100
100
100
100
100
100
100
100
100
100
100
100
100
100
100
100
100
100
100
100
100
100
100
100
100
100
100
100
100
385.403
356.427
328.092
300.796
274.889
250.665
228.349
208.093
189.98
174.02
160.164
148.311
138.319
130.02
123.225
117.744
113.386
109.97
107.332
105.324
103.816
102.7
101.886
101.301
100.886
100.595
100.395
100.259
100.167
100.107
100.067
100.042
100.026
100.016
100.009
100.006
100.003
100.002
100.001
100.001
100
100
100
100
100
100
100
100
100
100
100
100
100
100
100
100
100
100
100
100
100
100
100
100
100
100
100
100
100
100
100
100
100
100
100
385.403
356.426
328.091
300.794
274.887
250.663
228.346
208.091
189.978
174.018
160.162
148.309
138.318
130.018
123.224
117.743
113.385
109.97
107.332
105.323
103.816
102.7
101.886
101.301
100.886
100.595
100.395
100.259
100.167
100.107
100.067
100.042
100.026
100.016
100.009
100.006
100.003
100.002
100.001
100.001
100
100
100
100
100
100
100
100
100
100
100
100
100
100
100
100
100
100
100
100
100
100
100
100
100
100
100
100
100
100
100
100
100
100
100
385.403
356.425
328.089
300.792
274.884
250.659
228.343
208.087
189.974
174.015
160.159
148.306
138.315
130.016
123.222
117.741
113.384
109.969
107.331
105.323
103.815
102.7
101.886
101.301
100.886
100.595
100.395
100.259
100.167
100.107
100.067
100.042
100.026
100.016
100.009
100.006
100.003
100.002
100.001
100.001
100
100
100
100
100
100
100
100
100
100
100
100
100
100
100
100
100
100
100
100
100
100
100
100
100
100
100
100
100
100
100
100
100
100
100
385.402
356.423
328.086
300.788
274.879
250.654
228.337
208.082
189.968
174.009
160.154
148.302
138.311
130.012
123.219
117.739
113.382
109.967
107.33
105.322
103.815
102.699
101.886
101.3
100.885
100.595
100.395
100.259
100.167
100.107
100.067
100.042
100.026
100.016
100.009
100.006
100.003
100.002
100.001
100.001
100
100
100
100
100
100
100
100
100
100
100
100
100
100
100
100
100
100
100
100
100
100
100
100
100
100
100
100
100
100
100
100
100
100
100
385.401
356.42
328.081
300.781
274.872
250.645
228.328
208.072
189.959
174
160.146
148.295
138.305
130.007
123.215
117.735
113.379
109.965
107.328
105.32
103.813
102.698
101.885
101.3
100.885
100.595
100.395
100.259
100.167
100.107
100.067
100.042
100.026
100.016
100.009
100.006
100.003
100.002
100.001
100.001
100
100
100
100
100
100
100
100
100
100
100
100
100
100
100
100
100
100
100
100
100
100
100
100
100
100
100
100
100
100
100
100
100
100
100
385.399
356.415
328.074
300.772
274.86
250.632
228.314
208.058
189.945
173.987
160.134
148.283
138.295
129.999
123.208
117.729
113.374
109.961
107.325
105.318
103.812
102.697
101.884
101.299
100.885
100.595
100.395
100.258
100.167
100.107
100.067
100.042
100.026
100.016
100.009
100.006
100.003
100.002
100.001
100.001
100
100
100
100
100
100
100
100
100
100
100
100
100
100
100
100
100
100
100
100
100
100
100
100
100
100
100
100
100
100
100
100
100
100
100
385.397
356.408
328.062
300.756
274.842
250.612
228.292
208.036
189.924
173.967
160.115
148.266
138.28
129.986
123.197
117.72
113.367
109.955
107.321
105.315
103.809
102.695
101.883
101.298
100.884
100.594
100.394
100.258
100.167
100.107
100.067
100.042
100.026
100.016
100.009
100.005
100.003
100.002
100.001
100.001
100
100
100
100
100
100
100
100
100
100
100
100
100
100
100
100
100
100
100
100
100
100
100
100
100
100
100
100
100
100
100
100
100
100
100
385.393
356.397
328.045
300.733
274.814
250.581
228.259
208.003
189.891
173.936
160.086
148.241
138.258
129.967
123.181
117.707
113.356
109.947
107.314
105.31
103.805
102.693
101.881
101.297
100.883
100.593
100.394
100.258
100.167
100.106
100.067
100.042
100.026
100.016
100.009
100.005
100.003
100.002
100.001
100.001
100
100
100
100
100
100
100
100
100
100
100
100
100
100
100
100
100
100
100
100
100
100
100
100
100
100
100
100
100
100
100
100
100
100
100
385.387
356.38
328.018
300.697
274.771
250.534
228.21
207.953
189.842
173.89
160.044
148.203
138.225
129.938
123.157
117.688
113.34
109.935
107.304
105.302
103.8
102.689
101.878
101.295
100.881
100.592
100.393
100.257
100.166
100.106
100.067
100.042
100.026
100.016
100.009
100.005
100.003
100.002
100.001
100.001
100
100
100
100
100
100
100
100
100
100
100
100
100
100
100
100
100
100
100
100
100
100
100
100
100
100
100
100
100
100
100
100
100
100
100
385.379
356.355
327.977
300.644
274.708
250.463
228.136
207.878
189.77
173.821
159.981
148.147
138.176
129.897
123.122
117.659
113.318
109.917
107.291
105.292
103.792
102.683
101.874
101.292
100.879
100.591
100.392
100.257
100.166
100.106
100.067
100.042
100.026
100.015
100.009
100.005
100.003
100.002
100.001
100.001
100
100
100
100
100
100
100
100
100
100
100
100
100
100
100
100
100
100
100
100
100
100
100
100
100
100
100
100
100
100
100
100
100
100
100
385.366
356.318
327.917
300.565
274.614
250.36
228.027
207.769
189.664
173.722
159.89
148.066
138.105
129.837
123.073
117.619
113.285
109.891
107.271
105.277
103.781
102.675
101.868
101.288
100.876
100.589
100.391
100.256
100.165
100.106
100.067
100.041
100.025
100.015
100.009
100.005
100.003
100.002
100.001
100.001
100
100
100
100
100
100
100
100
100
100
100
100
100
100
100
100
100
100
100
100
100
100
100
100
100
100
100
100
100
100
100
100
100
100
100
385.347
356.263
327.829
300.449
274.477
250.208
227.869
207.61
189.51
173.578
159.759
147.95
138.005
129.752
123.002
117.561
113.239
109.855
107.243
105.256
103.765
102.663
101.86
101.282
100.872
100.586
100.389
100.255
100.165
100.105
100.066
100.041
100.025
100.015
100.009
100.005
100.003
100.002
100.001
100.001
100
100
100
100
100
100
100
100
100
100
100
100
100
100
100
100
100
100
100
100
100
100
100
100
100
100
100
100
100
100
100
100
100
100
100
385.32
356.182
327.701
300.28
274.278
249.989
227.64
207.382
189.29
173.372
159.573
147.785
137.863
129.632
122.903
117.481
113.176
109.805
107.205
105.227
103.744
102.648
101.848
101.274
100.867
100.582
100.386
100.253
100.164
100.104
100.066
100.041
100.025
100.015
100.009
100.005
100.003
100.002
100.001
100.001
100
100
100
100
100
100
100
100
100
100
100
100
100
100
100
100
100
100
100
100
100
100
100
100
100
100
100
100
100
100
100
100
100
100
100
385.28
356.066
327.515
300.037
273.991
249.675
227.314
207.057
188.978
173.083
159.311
147.555
137.664
129.465
122.766
117.37
113.088
109.737
107.153
105.188
103.715
102.627
101.833
101.263
100.86
100.577
100.383
100.251
100.162
100.103
100.065
100.041
100.025
100.015
100.009
100.005
100.003
100.002
100.001
100.001
100
100
100
100
100
100
100
100
100
100
100
100
100
100
100
100
100
100
100
100
100
100
100
100
100
100
100
100
100
100
100
100
100
100
100
385.223
355.898
327.249
299.689
273.583
249.229
226.852
206.599
188.541
172.678
158.948
147.236
137.392
129.237
122.579
117.22
112.969
109.645
107.083
105.135
103.676
102.598
101.813
101.249
100.85
100.571
100.378
100.248
100.16
100.102
100.064
100.04
100.025
100.015
100.009
100.005
100.003
100.002
100.001
100.001
100
100
100
100
100
100
100
100
100
100
100
100
100
100
100
100
100
100
100
100
100
100
100
100
100
100
100
100
100
100
100
100
100
100
100
385.141
355.659
326.869
299.195
273.005
248.6
226.205
205.962
187.936
172.121
158.45
146.802
137.022
128.929
122.327
117.019
112.811
109.523
106.99
105.066
103.625
102.561
101.787
101.231
100.837
100.562
100.372
100.244
100.157
100.1
100.063
100.039
100.024
100.015
100.009
100.005
100.003
100.002
100.001
100.001
100
100
100
100
100
100
100
100
100
100
100
100
100
100
100
100
100
100
100
100
100
100
100
100
100
100
100
100
100
100
100
100
100
100
100
385.025
355.319
326.332
298.498
272.194
247.724
225.308
205.083
187.106
171.363
157.775
146.217
136.527
128.518
121.993
116.752
112.602
109.362
106.868
104.976
103.559
102.514
101.753
101.207
100.82
100.551
100.365
100.239
100.154
100.098
100.062
100.039
100.024
100.014
100.009
100.005
100.003
100.002
100.001
100.001
100
100
100
100
100
100
100
100
100
100
100
100
100
100
100
100
100
100
100
100
100
100
100
100
100
100
100
100
100
100
100
100
100
100
100
384.861
354.84
325.575
297.52
271.064
246.51
224.074
203.883
185.981
170.341
156.873
145.44
135.873
127.979
121.557
116.406
112.333
109.156
106.712
104.86
103.474
102.453
101.709
101.177
100.799
100.536
100.355
100.232
100.15
100.096
100.06
100.037
100.023
100.014
100.008
100.005
100.003
100.002
100.001
100.001
100
100
100
100
100
100
100
100
100
100
100
100
100
100
100
100
100
100
100
100
100
100
100
100
100
100
100
100
100
100
100
100
100
100
100
384.629
354.163
324.513
296.158
269.499
244.842
222.393
202.262
184.474
168.983
155.682
144.421
135.02
127.28
120.996
115.963
111.988
108.893
106.515
104.714
103.368
102.376
101.655
101.139
100.774
100.519
100.344
100.225
100.145
100.092
100.058
100.036
100.022
100.013
100.008
100.005
100.003
100.002
100.001
100
100
100
100
100
100
100
100
100
100
100
100
100
100
100
100
100
100
100
100
100
100
100
100
100
100
100
100
100
100
100
100
100
100
100
100
384.301
353.212
323.026
294.264
267.344
242.568
220.123
200.093
182.477
167.199
154.131
143.105
133.927
126.389
120.283
115.403
111.556
108.564
106.269
104.532
103.236
102.282
101.589
101.092
100.742
100.497
100.329
100.215
100.139
100.089
100.056
100.035
100.021
100.013
100.008
100.005
100.003
100.002
100.001
100
100
100
100
100
100
100
100
100
100
100
100
100
100
100
100
100
100
100
100
100
100
100
100
100
100
100
100
100
100
100
100
100
100
100
100
383.836
351.87
320.945
291.64
264.391
239.488
217.084
197.225
179.863
164.888
152.14
141.429
132.544
125.271
119.395
114.709
111.022
108.16
105.968
104.311
103.076
102.167
101.508
101.037
100.703
100.471
100.312
100.204
100.132
100.084
100.053
100.033
100.02
100.012
100.007
100.004
100.002
100.001
100.001
100
100
100
100
100
100
100
100
100
100
100
100
100
100
100
100
100
100
100
100
100
100
100
100
100
100
100
100
100
100
100
100
100
100
100
100
383.175
349.969
318.027
288.007
260.36
235.344
213.055
193.471
176.486
161.935
149.621
139.327
130.825
123.89
118.304
113.862
110.374
107.672
105.605
104.046
102.884
102.031
101.412
100.97
100.658
100.441
100.292
100.19
100.123
100.078
100.049
100.031
100.019
100.011
100.007
100.004
100.002
100.001
100.001
100
100
100
100
100
100
100
100
100
100
100
100
100
100
100
100
100
100
100
100
100
100
100
100
100
100
100
100
100
100
100
100
100
100
100
100
382.222
347.252
313.914
282.973
254.877
229.809
207.764
188.619
172.18
158.218
146.486
136.736
128.723
122.215
116.99
112.846
109.601
107.092
105.176
103.732
102.659
101.871
101.3
100.893
100.605
100.405
100.268
100.175
100.113
100.072
100.045
100.028
100.017
100.01
100.006
100.004
100.002
100.001
100.001
100
100
100
100
100
100
100
100
100
100
100
100
100
100
100
100
100
100
100
100
100
100
100
100
100
100
100
100
100
100
100
100
100
100
100
100
380.823
343.313
308.07
275.984
247.442
222.47
200.892
182.431
166.776
153.615
142.65
133.598
126.2
120.218
115.433
111.651
108.696
106.415
104.677
103.37
102.399
101.687
101.172
100.804
100.545
100.365
100.241
100.157
100.101
100.065
100.041
100.025
100.015
100.009
100.006
100.003
100.002
100.001
100.001
100
100
100
100
100
100
100
100
100
100
100
100
100
100
100
100
100
100
100
100
100
100
100
100
100
100
100
100
100
100
100
100
100
100
100
100
378.705
337.475
299.661
266.247
237.398
212.831
192.083
174.662
160.11
148.022
138.045
129.871
123.23
117.885
113.626
110.27
107.655
105.641
104.108
102.957
102.103
101.478
101.026
100.704
100.477
100.319
100.211
100.137
100.089
100.056
100.035
100.022
100.013
100.008
100.005
100.003
100.002
100.001
100.001
100
100
100
100
100
100
100
100
100
100
100
100
100
100
100
100
100
100
100
100
100
100
100
100
100
100
100
100
100
100
100
100
100
100
100
100
375.336
328.541
287.367
252.636
223.912
200.322
180.972
165.09
152.053
141.366
132.635
125.537
119.806
115.215
111.571
108.707
106.482
104.771
103.472
102.497
101.775
101.246
100.865
100.593
100.401
100.268
100.177
100.116
100.075
100.047
100.03
100.018
100.011
100.007
100.004
100.002
100.001
100.001
100
100
100
100
100
100
100
100
100
100
100
100
100
100
100
100
100
100
100
100
100
100
100
100
100
100
100
100
100
100
100
100
100
100
100
100
100
369.523
314.255
269.065
233.597
205.991
184.37
167.253
153.566
142.543
133.632
126.426
120.613
115.947
112.226
109.282
106.976
105.187
103.814
102.773
101.993
101.416
100.994
100.689
100.472
100.32
100.214
100.141
100.092
100.059
100.038
100.024
100.015
100.009
100.005
100.003
100.002
100.001
100.001
100
100
100
100
100
100
100
100
100
100
100
100
100
100
100
100
100
100
100
100
100
100
100
100
100
100
100
100
100
100
100
100
100
100
100
100
100
358.097
290.104
241.382
207.156
182.644
164.544
150.786
140.086
131.632
124.889
119.487
115.159
111.702
108.956
106.791
105.098
103.787
102.782
102.022
101.452
101.031
100.723
100.502
100.344
100.232
100.155
100.103
100.067
100.043
100.027
100.017
100.011
100.007
100.004
100.002
100.001
100.001
100
100
100
100
100
100
100
100
100
100
100
100
100
100
100
100
100
100
100
100
100
100
100
100
100
100
100
100
100
100
100
100
100
100
100
100
100
100
330.909
246.836
199.452
171.336
153.286
140.834
131.755
124.874
119.527
115.308
111.953
109.28
107.153
105.468
104.142
103.106
102.306
101.694
101.23
100.883
100.627
100.44
100.305
100.209
100.141
100.094
100.062
100.041
100.026
100.017
100.01
100.006
100.004
100.002
100.001
100.001
100
100
100
100
100
100
100
100
100
100
100
100
100
100
100
100
100
100
100
100
100
100
100
100
100
100
100
100
100
100
100
100
100
100
100
100
100
100
100
249.645
166.971
138.404
125.65
118.577
114.029
110.825
108.44
106.606
105.168
104.03
103.125
102.407
101.839
101.392
101.044
100.774
100.569
100.413
100.296
100.21
100.148
100.102
100.07
100.047
100.032
100.021
100.014
100.009
100.006
100.003
100.002
100.001
100.001
100
100
100
100
100
100
100
100
100
100
100
100
100
100
100
100
100
100
100
100
100
100
100
100
100
100
100
100
100
100
100
100
100
100
100
100
100
100
100
100
100
)
;

boundaryField
{
    upperwall
    {
        type            fixedValue;
        value           uniform 400;
    }
    rightwall
    {
        type            fixedValue;
        value           uniform 100;
    }
    leftwall
    {
        type            fixedValue;
        value           uniform 100;
    }
    bottomwall
    {
        type            fixedValue;
        value           uniform 100;
    }
    frontandback
    {
        type            empty;
    }
}


// ************************************************************************* //
