/*--------------------------------*- C++ -*----------------------------------*\
  =========                 |
  \\      /  F ield         | OpenFOAM: The Open Source CFD Toolbox
   \\    /   O peration     | Website:  https://openfoam.org
    \\  /    A nd           | Version:  10
     \\/     M anipulation  |
\*---------------------------------------------------------------------------*/
FoamFile
{
    format      ascii;
    class       volScalarField;
    location    "32";
    object      T;
}
// * * * * * * * * * * * * * * * * * * * * * * * * * * * * * * * * * * * * * //

dimensions      [0 0 0 1 0 0 0];

internalField   nonuniform List<scalar> 
11250
(
248.309
163.136
132.544
118.429
110.712
106.161
103.443
101.852
100.955
100.47
100.221
100.099
100.043
100.017
100.007
100.003
100.001
100
100
100
100
100
100
100
100
100
100
100
100
100
100
100
100
100
100
100
100
100
100
100
100
100
100
100
100
100
100
100
100
100
100
100
100
100
100
100
100
100
100
100
100
100
100
100
100
100
100
100
100
100
100
100
100
100
100
326.96
235.495
182.118
149.973
130.008
117.539
109.887
105.346
102.764
101.365
100.643
100.289
100.124
100.051
100.02
100.008
100.003
100.001
100
100
100
100
100
100
100
100
100
100
100
100
100
100
100
100
100
100
100
100
100
100
100
100
100
100
100
100
100
100
100
100
100
100
100
100
100
100
100
100
100
100
100
100
100
100
100
100
100
100
100
100
100
100
100
100
100
351.697
271.724
213.28
172.502
144.857
126.697
115.223
108.294
104.311
102.137
101.01
100.455
100.196
100.08
100.032
100.012
100.004
100.001
100
100
100
100
100
100
100
100
100
100
100
100
100
100
100
100
100
100
100
100
100
100
100
100
100
100
100
100
100
100
100
100
100
100
100
100
100
100
100
100
100
100
100
100
100
100
100
100
100
100
100
100
100
100
100
100
100
360.92
289.54
231.257
186.941
155.067
133.303
119.202
110.545
105.513
102.744
101.301
100.588
100.253
100.104
100.041
100.015
100.006
100.002
100.001
100
100
100
100
100
100
100
100
100
100
100
100
100
100
100
100
100
100
100
100
100
100
100
100
100
100
100
100
100
100
100
100
100
100
100
100
100
100
100
100
100
100
100
100
100
100
100
100
100
100
100
100
100
100
100
100
364.827
298.343
241.144
195.541
161.519
137.664
121.916
112.118
106.368
103.182
101.513
100.685
100.296
100.122
100.048
100.018
100.007
100.002
100.001
100
100
100
100
100
100
100
100
100
100
100
100
100
100
100
100
100
100
100
100
100
100
100
100
100
100
100
100
100
100
100
100
100
100
100
100
100
100
100
100
100
100
100
100
100
100
100
100
100
100
100
100
100
100
100
100
366.607
302.698
246.392
200.383
165.327
140.336
123.628
113.133
106.93
103.475
101.657
100.752
100.325
100.134
100.053
100.02
100.007
100.003
100.001
100
100
100
100
100
100
100
100
100
100
100
100
100
100
100
100
100
100
100
100
100
100
100
100
100
100
100
100
100
100
100
100
100
100
100
100
100
100
100
100
100
100
100
100
100
100
100
100
100
100
100
100
100
100
100
100
367.442
304.833
249.088
202.98
167.447
141.87
124.636
113.744
107.275
103.656
101.747
100.794
100.344
100.142
100.056
100.021
100.008
100.003
100.001
100
100
100
100
100
100
100
100
100
100
100
100
100
100
100
100
100
100
100
100
100
100
100
100
100
100
100
100
100
100
100
100
100
100
100
100
100
100
100
100
100
100
100
100
100
100
100
100
100
100
100
100
100
100
100
100
367.833
305.861
250.427
204.311
168.565
142.7
125.194
114.088
107.471
103.761
101.8
100.819
100.355
100.147
100.058
100.022
100.008
100.003
100.001
100
100
100
100
100
100
100
100
100
100
100
100
100
100
100
100
100
100
100
100
100
100
100
100
100
100
100
100
100
100
100
100
100
100
100
100
100
100
100
100
100
100
100
100
100
100
100
100
100
100
100
100
100
100
100
100
368.014
306.343
251.068
204.963
169.127
143.125
125.484
114.27
107.577
103.819
101.829
100.833
100.362
100.15
100.059
100.022
100.008
100.003
100.001
100
100
100
100
100
100
100
100
100
100
100
100
100
100
100
100
100
100
100
100
100
100
100
100
100
100
100
100
100
100
100
100
100
100
100
100
100
100
100
100
100
100
100
100
100
100
100
100
100
100
100
100
100
100
100
100
368.096
306.562
251.364
205.27
169.395
143.332
125.628
114.362
107.631
103.848
101.844
100.84
100.365
100.151
100.06
100.023
100.008
100.003
100.001
100
100
100
100
100
100
100
100
100
100
100
100
100
100
100
100
100
100
100
100
100
100
100
100
100
100
100
100
100
100
100
100
100
100
100
100
100
100
100
100
100
100
100
100
100
100
100
100
100
100
100
100
100
100
100
100
368.131
306.658
251.496
205.408
169.517
143.428
125.695
114.405
107.656
103.862
101.851
100.844
100.367
100.152
100.06
100.023
100.008
100.003
100.001
100
100
100
100
100
100
100
100
100
100
100
100
100
100
100
100
100
100
100
100
100
100
100
100
100
100
100
100
100
100
100
100
100
100
100
100
100
100
100
100
100
100
100
100
100
100
100
100
100
100
100
100
100
100
100
100
368.146
306.699
251.552
205.468
169.571
143.47
125.725
114.424
107.668
103.869
101.854
100.846
100.367
100.152
100.06
100.023
100.008
100.003
100.001
100
100
100
100
100
100
100
100
100
100
100
100
100
100
100
100
100
100
100
100
100
100
100
100
100
100
100
100
100
100
100
100
100
100
100
100
100
100
100
100
100
100
100
100
100
100
100
100
100
100
100
100
100
100
100
100
368.152
306.716
251.575
205.492
169.593
143.488
125.738
114.433
107.673
103.872
101.856
100.846
100.368
100.152
100.06
100.023
100.008
100.003
100.001
100
100
100
100
100
100
100
100
100
100
100
100
100
100
100
100
100
100
100
100
100
100
100
100
100
100
100
100
100
100
100
100
100
100
100
100
100
100
100
100
100
100
100
100
100
100
100
100
100
100
100
100
100
100
100
100
368.154
306.722
251.584
205.502
169.602
143.495
125.743
114.436
107.675
103.873
101.857
100.847
100.368
100.152
100.06
100.023
100.008
100.003
100.001
100
100
100
100
100
100
100
100
100
100
100
100
100
100
100
100
100
100
100
100
100
100
100
100
100
100
100
100
100
100
100
100
100
100
100
100
100
100
100
100
100
100
100
100
100
100
100
100
100
100
100
100
100
100
100
100
368.155
306.725
251.587
205.506
169.605
143.498
125.745
114.437
107.676
103.873
101.857
100.847
100.368
100.152
100.06
100.023
100.008
100.003
100.001
100
100
100
100
100
100
100
100
100
100
100
100
100
100
100
100
100
100
100
100
100
100
100
100
100
100
100
100
100
100
100
100
100
100
100
100
100
100
100
100
100
100
100
100
100
100
100
100
100
100
100
100
100
100
100
100
368.156
306.725
251.589
205.507
169.606
143.499
125.746
114.438
107.676
103.873
101.857
100.847
100.368
100.152
100.06
100.023
100.008
100.003
100.001
100
100
100
100
100
100
100
100
100
100
100
100
100
100
100
100
100
100
100
100
100
100
100
100
100
100
100
100
100
100
100
100
100
100
100
100
100
100
100
100
100
100
100
100
100
100
100
100
100
100
100
100
100
100
100
100
368.156
306.726
251.589
205.508
169.607
143.499
125.746
114.438
107.677
103.873
101.857
100.847
100.368
100.152
100.06
100.023
100.008
100.003
100.001
100
100
100
100
100
100
100
100
100
100
100
100
100
100
100
100
100
100
100
100
100
100
100
100
100
100
100
100
100
100
100
100
100
100
100
100
100
100
100
100
100
100
100
100
100
100
100
100
100
100
100
100
100
100
100
100
368.156
306.726
251.589
205.508
169.607
143.499
125.747
114.438
107.677
103.873
101.857
100.847
100.368
100.153
100.06
100.023
100.008
100.003
100.001
100
100
100
100
100
100
100
100
100
100
100
100
100
100
100
100
100
100
100
100
100
100
100
100
100
100
100
100
100
100
100
100
100
100
100
100
100
100
100
100
100
100
100
100
100
100
100
100
100
100
100
100
100
100
100
100
368.156
306.726
251.589
205.508
169.607
143.499
125.747
114.438
107.677
103.873
101.857
100.847
100.368
100.153
100.06
100.023
100.008
100.003
100.001
100
100
100
100
100
100
100
100
100
100
100
100
100
100
100
100
100
100
100
100
100
100
100
100
100
100
100
100
100
100
100
100
100
100
100
100
100
100
100
100
100
100
100
100
100
100
100
100
100
100
100
100
100
100
100
100
368.156
306.726
251.589
205.508
169.607
143.499
125.747
114.438
107.677
103.873
101.857
100.847
100.368
100.153
100.06
100.023
100.008
100.003
100.001
100
100
100
100
100
100
100
100
100
100
100
100
100
100
100
100
100
100
100
100
100
100
100
100
100
100
100
100
100
100
100
100
100
100
100
100
100
100
100
100
100
100
100
100
100
100
100
100
100
100
100
100
100
100
100
100
368.156
306.726
251.589
205.508
169.607
143.499
125.747
114.438
107.677
103.873
101.857
100.847
100.368
100.153
100.06
100.023
100.008
100.003
100.001
100
100
100
100
100
100
100
100
100
100
100
100
100
100
100
100
100
100
100
100
100
100
100
100
100
100
100
100
100
100
100
100
100
100
100
100
100
100
100
100
100
100
100
100
100
100
100
100
100
100
100
100
100
100
100
100
368.156
306.726
251.589
205.508
169.607
143.499
125.747
114.438
107.677
103.873
101.857
100.847
100.368
100.153
100.06
100.023
100.008
100.003
100.001
100
100
100
100
100
100
100
100
100
100
100
100
100
100
100
100
100
100
100
100
100
100
100
100
100
100
100
100
100
100
100
100
100
100
100
100
100
100
100
100
100
100
100
100
100
100
100
100
100
100
100
100
100
100
100
100
368.156
306.726
251.589
205.508
169.607
143.499
125.747
114.438
107.677
103.873
101.857
100.847
100.368
100.153
100.06
100.023
100.008
100.003
100.001
100
100
100
100
100
100
100
100
100
100
100
100
100
100
100
100
100
100
100
100
100
100
100
100
100
100
100
100
100
100
100
100
100
100
100
100
100
100
100
100
100
100
100
100
100
100
100
100
100
100
100
100
100
100
100
100
368.156
306.726
251.589
205.508
169.607
143.499
125.747
114.438
107.677
103.873
101.857
100.847
100.368
100.153
100.06
100.023
100.008
100.003
100.001
100
100
100
100
100
100
100
100
100
100
100
100
100
100
100
100
100
100
100
100
100
100
100
100
100
100
100
100
100
100
100
100
100
100
100
100
100
100
100
100
100
100
100
100
100
100
100
100
100
100
100
100
100
100
100
100
368.156
306.726
251.589
205.508
169.607
143.499
125.747
114.438
107.677
103.873
101.857
100.847
100.368
100.153
100.06
100.023
100.008
100.003
100.001
100
100
100
100
100
100
100
100
100
100
100
100
100
100
100
100
100
100
100
100
100
100
100
100
100
100
100
100
100
100
100
100
100
100
100
100
100
100
100
100
100
100
100
100
100
100
100
100
100
100
100
100
100
100
100
100
368.156
306.726
251.589
205.508
169.607
143.499
125.747
114.438
107.677
103.873
101.857
100.847
100.368
100.153
100.06
100.023
100.008
100.003
100.001
100
100
100
100
100
100
100
100
100
100
100
100
100
100
100
100
100
100
100
100
100
100
100
100
100
100
100
100
100
100
100
100
100
100
100
100
100
100
100
100
100
100
100
100
100
100
100
100
100
100
100
100
100
100
100
100
368.156
306.726
251.589
205.508
169.607
143.499
125.747
114.438
107.677
103.873
101.857
100.847
100.368
100.153
100.06
100.023
100.008
100.003
100.001
100
100
100
100
100
100
100
100
100
100
100
100
100
100
100
100
100
100
100
100
100
100
100
100
100
100
100
100
100
100
100
100
100
100
100
100
100
100
100
100
100
100
100
100
100
100
100
100
100
100
100
100
100
100
100
100
368.156
306.726
251.589
205.508
169.607
143.499
125.747
114.438
107.677
103.873
101.857
100.847
100.368
100.153
100.06
100.023
100.008
100.003
100.001
100
100
100
100
100
100
100
100
100
100
100
100
100
100
100
100
100
100
100
100
100
100
100
100
100
100
100
100
100
100
100
100
100
100
100
100
100
100
100
100
100
100
100
100
100
100
100
100
100
100
100
100
100
100
100
100
368.156
306.726
251.589
205.508
169.607
143.499
125.747
114.438
107.677
103.873
101.857
100.847
100.368
100.153
100.06
100.023
100.008
100.003
100.001
100
100
100
100
100
100
100
100
100
100
100
100
100
100
100
100
100
100
100
100
100
100
100
100
100
100
100
100
100
100
100
100
100
100
100
100
100
100
100
100
100
100
100
100
100
100
100
100
100
100
100
100
100
100
100
100
368.156
306.726
251.589
205.508
169.607
143.499
125.747
114.438
107.677
103.873
101.857
100.847
100.368
100.153
100.06
100.023
100.008
100.003
100.001
100
100
100
100
100
100
100
100
100
100
100
100
100
100
100
100
100
100
100
100
100
100
100
100
100
100
100
100
100
100
100
100
100
100
100
100
100
100
100
100
100
100
100
100
100
100
100
100
100
100
100
100
100
100
100
100
368.156
306.726
251.589
205.508
169.607
143.499
125.747
114.438
107.677
103.873
101.857
100.847
100.368
100.153
100.06
100.023
100.008
100.003
100.001
100
100
100
100
100
100
100
100
100
100
100
100
100
100
100
100
100
100
100
100
100
100
100
100
100
100
100
100
100
100
100
100
100
100
100
100
100
100
100
100
100
100
100
100
100
100
100
100
100
100
100
100
100
100
100
100
368.156
306.726
251.589
205.508
169.607
143.499
125.747
114.438
107.677
103.873
101.857
100.847
100.368
100.153
100.06
100.023
100.008
100.003
100.001
100
100
100
100
100
100
100
100
100
100
100
100
100
100
100
100
100
100
100
100
100
100
100
100
100
100
100
100
100
100
100
100
100
100
100
100
100
100
100
100
100
100
100
100
100
100
100
100
100
100
100
100
100
100
100
100
368.156
306.726
251.589
205.508
169.607
143.499
125.747
114.438
107.677
103.873
101.857
100.847
100.368
100.153
100.06
100.023
100.008
100.003
100.001
100
100
100
100
100
100
100
100
100
100
100
100
100
100
100
100
100
100
100
100
100
100
100
100
100
100
100
100
100
100
100
100
100
100
100
100
100
100
100
100
100
100
100
100
100
100
100
100
100
100
100
100
100
100
100
100
368.156
306.726
251.589
205.508
169.607
143.499
125.747
114.438
107.677
103.873
101.857
100.847
100.368
100.153
100.06
100.023
100.008
100.003
100.001
100
100
100
100
100
100
100
100
100
100
100
100
100
100
100
100
100
100
100
100
100
100
100
100
100
100
100
100
100
100
100
100
100
100
100
100
100
100
100
100
100
100
100
100
100
100
100
100
100
100
100
100
100
100
100
100
368.156
306.726
251.589
205.508
169.607
143.499
125.747
114.438
107.677
103.873
101.857
100.847
100.368
100.153
100.06
100.023
100.008
100.003
100.001
100
100
100
100
100
100
100
100
100
100
100
100
100
100
100
100
100
100
100
100
100
100
100
100
100
100
100
100
100
100
100
100
100
100
100
100
100
100
100
100
100
100
100
100
100
100
100
100
100
100
100
100
100
100
100
100
368.156
306.726
251.589
205.508
169.607
143.499
125.747
114.438
107.677
103.873
101.857
100.847
100.368
100.153
100.06
100.023
100.008
100.003
100.001
100
100
100
100
100
100
100
100
100
100
100
100
100
100
100
100
100
100
100
100
100
100
100
100
100
100
100
100
100
100
100
100
100
100
100
100
100
100
100
100
100
100
100
100
100
100
100
100
100
100
100
100
100
100
100
100
368.156
306.726
251.589
205.508
169.607
143.499
125.747
114.438
107.677
103.873
101.857
100.847
100.368
100.153
100.06
100.023
100.008
100.003
100.001
100
100
100
100
100
100
100
100
100
100
100
100
100
100
100
100
100
100
100
100
100
100
100
100
100
100
100
100
100
100
100
100
100
100
100
100
100
100
100
100
100
100
100
100
100
100
100
100
100
100
100
100
100
100
100
100
368.156
306.726
251.589
205.508
169.607
143.499
125.747
114.438
107.677
103.873
101.857
100.847
100.368
100.153
100.06
100.023
100.008
100.003
100.001
100
100
100
100
100
100
100
100
100
100
100
100
100
100
100
100
100
100
100
100
100
100
100
100
100
100
100
100
100
100
100
100
100
100
100
100
100
100
100
100
100
100
100
100
100
100
100
100
100
100
100
100
100
100
100
100
368.156
306.726
251.589
205.508
169.607
143.499
125.747
114.438
107.677
103.873
101.857
100.847
100.368
100.153
100.06
100.023
100.008
100.003
100.001
100
100
100
100
100
100
100
100
100
100
100
100
100
100
100
100
100
100
100
100
100
100
100
100
100
100
100
100
100
100
100
100
100
100
100
100
100
100
100
100
100
100
100
100
100
100
100
100
100
100
100
100
100
100
100
100
368.156
306.726
251.589
205.508
169.607
143.499
125.747
114.438
107.677
103.873
101.857
100.847
100.368
100.153
100.06
100.023
100.008
100.003
100.001
100
100
100
100
100
100
100
100
100
100
100
100
100
100
100
100
100
100
100
100
100
100
100
100
100
100
100
100
100
100
100
100
100
100
100
100
100
100
100
100
100
100
100
100
100
100
100
100
100
100
100
100
100
100
100
100
368.156
306.726
251.589
205.508
169.607
143.499
125.747
114.438
107.677
103.873
101.857
100.847
100.368
100.153
100.06
100.023
100.008
100.003
100.001
100
100
100
100
100
100
100
100
100
100
100
100
100
100
100
100
100
100
100
100
100
100
100
100
100
100
100
100
100
100
100
100
100
100
100
100
100
100
100
100
100
100
100
100
100
100
100
100
100
100
100
100
100
100
100
100
368.156
306.726
251.589
205.508
169.607
143.499
125.747
114.438
107.677
103.873
101.857
100.847
100.368
100.153
100.06
100.023
100.008
100.003
100.001
100
100
100
100
100
100
100
100
100
100
100
100
100
100
100
100
100
100
100
100
100
100
100
100
100
100
100
100
100
100
100
100
100
100
100
100
100
100
100
100
100
100
100
100
100
100
100
100
100
100
100
100
100
100
100
100
368.156
306.726
251.589
205.508
169.607
143.499
125.747
114.438
107.677
103.873
101.857
100.847
100.368
100.153
100.06
100.023
100.008
100.003
100.001
100
100
100
100
100
100
100
100
100
100
100
100
100
100
100
100
100
100
100
100
100
100
100
100
100
100
100
100
100
100
100
100
100
100
100
100
100
100
100
100
100
100
100
100
100
100
100
100
100
100
100
100
100
100
100
100
368.156
306.726
251.589
205.508
169.607
143.499
125.747
114.438
107.677
103.873
101.857
100.847
100.368
100.153
100.06
100.023
100.008
100.003
100.001
100
100
100
100
100
100
100
100
100
100
100
100
100
100
100
100
100
100
100
100
100
100
100
100
100
100
100
100
100
100
100
100
100
100
100
100
100
100
100
100
100
100
100
100
100
100
100
100
100
100
100
100
100
100
100
100
368.156
306.726
251.589
205.508
169.607
143.499
125.747
114.438
107.677
103.873
101.857
100.847
100.368
100.153
100.06
100.023
100.008
100.003
100.001
100
100
100
100
100
100
100
100
100
100
100
100
100
100
100
100
100
100
100
100
100
100
100
100
100
100
100
100
100
100
100
100
100
100
100
100
100
100
100
100
100
100
100
100
100
100
100
100
100
100
100
100
100
100
100
100
368.156
306.726
251.589
205.508
169.607
143.499
125.747
114.438
107.677
103.873
101.857
100.847
100.368
100.153
100.06
100.023
100.008
100.003
100.001
100
100
100
100
100
100
100
100
100
100
100
100
100
100
100
100
100
100
100
100
100
100
100
100
100
100
100
100
100
100
100
100
100
100
100
100
100
100
100
100
100
100
100
100
100
100
100
100
100
100
100
100
100
100
100
100
368.156
306.726
251.589
205.508
169.607
143.499
125.747
114.438
107.677
103.873
101.857
100.847
100.368
100.153
100.06
100.023
100.008
100.003
100.001
100
100
100
100
100
100
100
100
100
100
100
100
100
100
100
100
100
100
100
100
100
100
100
100
100
100
100
100
100
100
100
100
100
100
100
100
100
100
100
100
100
100
100
100
100
100
100
100
100
100
100
100
100
100
100
100
368.156
306.726
251.589
205.508
169.607
143.499
125.747
114.438
107.677
103.873
101.857
100.847
100.368
100.153
100.06
100.023
100.008
100.003
100.001
100
100
100
100
100
100
100
100
100
100
100
100
100
100
100
100
100
100
100
100
100
100
100
100
100
100
100
100
100
100
100
100
100
100
100
100
100
100
100
100
100
100
100
100
100
100
100
100
100
100
100
100
100
100
100
100
368.156
306.726
251.589
205.508
169.607
143.499
125.747
114.438
107.677
103.873
101.857
100.847
100.368
100.153
100.06
100.023
100.008
100.003
100.001
100
100
100
100
100
100
100
100
100
100
100
100
100
100
100
100
100
100
100
100
100
100
100
100
100
100
100
100
100
100
100
100
100
100
100
100
100
100
100
100
100
100
100
100
100
100
100
100
100
100
100
100
100
100
100
100
368.156
306.726
251.589
205.508
169.607
143.499
125.747
114.438
107.677
103.873
101.857
100.847
100.368
100.153
100.06
100.023
100.008
100.003
100.001
100
100
100
100
100
100
100
100
100
100
100
100
100
100
100
100
100
100
100
100
100
100
100
100
100
100
100
100
100
100
100
100
100
100
100
100
100
100
100
100
100
100
100
100
100
100
100
100
100
100
100
100
100
100
100
100
368.156
306.726
251.589
205.508
169.607
143.499
125.747
114.438
107.677
103.873
101.857
100.847
100.368
100.153
100.06
100.023
100.008
100.003
100.001
100
100
100
100
100
100
100
100
100
100
100
100
100
100
100
100
100
100
100
100
100
100
100
100
100
100
100
100
100
100
100
100
100
100
100
100
100
100
100
100
100
100
100
100
100
100
100
100
100
100
100
100
100
100
100
100
368.156
306.726
251.589
205.508
169.607
143.499
125.747
114.438
107.677
103.873
101.857
100.847
100.368
100.153
100.06
100.023
100.008
100.003
100.001
100
100
100
100
100
100
100
100
100
100
100
100
100
100
100
100
100
100
100
100
100
100
100
100
100
100
100
100
100
100
100
100
100
100
100
100
100
100
100
100
100
100
100
100
100
100
100
100
100
100
100
100
100
100
100
100
368.156
306.726
251.589
205.508
169.607
143.499
125.747
114.438
107.677
103.873
101.857
100.847
100.368
100.153
100.06
100.023
100.008
100.003
100.001
100
100
100
100
100
100
100
100
100
100
100
100
100
100
100
100
100
100
100
100
100
100
100
100
100
100
100
100
100
100
100
100
100
100
100
100
100
100
100
100
100
100
100
100
100
100
100
100
100
100
100
100
100
100
100
100
368.156
306.726
251.589
205.508
169.607
143.499
125.747
114.438
107.677
103.873
101.857
100.847
100.368
100.153
100.06
100.023
100.008
100.003
100.001
100
100
100
100
100
100
100
100
100
100
100
100
100
100
100
100
100
100
100
100
100
100
100
100
100
100
100
100
100
100
100
100
100
100
100
100
100
100
100
100
100
100
100
100
100
100
100
100
100
100
100
100
100
100
100
100
368.156
306.726
251.589
205.508
169.607
143.499
125.747
114.438
107.677
103.873
101.857
100.847
100.368
100.153
100.06
100.023
100.008
100.003
100.001
100
100
100
100
100
100
100
100
100
100
100
100
100
100
100
100
100
100
100
100
100
100
100
100
100
100
100
100
100
100
100
100
100
100
100
100
100
100
100
100
100
100
100
100
100
100
100
100
100
100
100
100
100
100
100
100
368.156
306.726
251.589
205.508
169.607
143.499
125.747
114.438
107.677
103.873
101.857
100.847
100.368
100.153
100.06
100.023
100.008
100.003
100.001
100
100
100
100
100
100
100
100
100
100
100
100
100
100
100
100
100
100
100
100
100
100
100
100
100
100
100
100
100
100
100
100
100
100
100
100
100
100
100
100
100
100
100
100
100
100
100
100
100
100
100
100
100
100
100
100
368.156
306.726
251.589
205.508
169.607
143.499
125.747
114.438
107.677
103.873
101.857
100.847
100.368
100.153
100.06
100.023
100.008
100.003
100.001
100
100
100
100
100
100
100
100
100
100
100
100
100
100
100
100
100
100
100
100
100
100
100
100
100
100
100
100
100
100
100
100
100
100
100
100
100
100
100
100
100
100
100
100
100
100
100
100
100
100
100
100
100
100
100
100
368.156
306.726
251.589
205.508
169.607
143.499
125.747
114.438
107.677
103.873
101.857
100.847
100.368
100.153
100.06
100.023
100.008
100.003
100.001
100
100
100
100
100
100
100
100
100
100
100
100
100
100
100
100
100
100
100
100
100
100
100
100
100
100
100
100
100
100
100
100
100
100
100
100
100
100
100
100
100
100
100
100
100
100
100
100
100
100
100
100
100
100
100
100
368.156
306.726
251.589
205.508
169.607
143.499
125.747
114.438
107.677
103.873
101.857
100.847
100.368
100.153
100.06
100.023
100.008
100.003
100.001
100
100
100
100
100
100
100
100
100
100
100
100
100
100
100
100
100
100
100
100
100
100
100
100
100
100
100
100
100
100
100
100
100
100
100
100
100
100
100
100
100
100
100
100
100
100
100
100
100
100
100
100
100
100
100
100
368.156
306.726
251.589
205.508
169.607
143.499
125.747
114.438
107.677
103.873
101.857
100.847
100.368
100.153
100.06
100.023
100.008
100.003
100.001
100
100
100
100
100
100
100
100
100
100
100
100
100
100
100
100
100
100
100
100
100
100
100
100
100
100
100
100
100
100
100
100
100
100
100
100
100
100
100
100
100
100
100
100
100
100
100
100
100
100
100
100
100
100
100
100
368.156
306.726
251.589
205.508
169.607
143.499
125.747
114.438
107.677
103.873
101.857
100.847
100.368
100.153
100.06
100.023
100.008
100.003
100.001
100
100
100
100
100
100
100
100
100
100
100
100
100
100
100
100
100
100
100
100
100
100
100
100
100
100
100
100
100
100
100
100
100
100
100
100
100
100
100
100
100
100
100
100
100
100
100
100
100
100
100
100
100
100
100
100
368.156
306.726
251.589
205.508
169.607
143.499
125.747
114.438
107.677
103.873
101.857
100.847
100.368
100.153
100.06
100.023
100.008
100.003
100.001
100
100
100
100
100
100
100
100
100
100
100
100
100
100
100
100
100
100
100
100
100
100
100
100
100
100
100
100
100
100
100
100
100
100
100
100
100
100
100
100
100
100
100
100
100
100
100
100
100
100
100
100
100
100
100
100
368.156
306.726
251.589
205.508
169.607
143.499
125.747
114.438
107.677
103.873
101.857
100.847
100.368
100.153
100.06
100.023
100.008
100.003
100.001
100
100
100
100
100
100
100
100
100
100
100
100
100
100
100
100
100
100
100
100
100
100
100
100
100
100
100
100
100
100
100
100
100
100
100
100
100
100
100
100
100
100
100
100
100
100
100
100
100
100
100
100
100
100
100
100
368.156
306.726
251.589
205.508
169.607
143.499
125.747
114.438
107.677
103.873
101.857
100.847
100.368
100.153
100.06
100.023
100.008
100.003
100.001
100
100
100
100
100
100
100
100
100
100
100
100
100
100
100
100
100
100
100
100
100
100
100
100
100
100
100
100
100
100
100
100
100
100
100
100
100
100
100
100
100
100
100
100
100
100
100
100
100
100
100
100
100
100
100
100
368.156
306.726
251.589
205.508
169.607
143.499
125.747
114.438
107.677
103.873
101.857
100.847
100.368
100.153
100.06
100.023
100.008
100.003
100.001
100
100
100
100
100
100
100
100
100
100
100
100
100
100
100
100
100
100
100
100
100
100
100
100
100
100
100
100
100
100
100
100
100
100
100
100
100
100
100
100
100
100
100
100
100
100
100
100
100
100
100
100
100
100
100
100
368.156
306.726
251.589
205.508
169.607
143.499
125.747
114.438
107.677
103.873
101.857
100.847
100.368
100.153
100.06
100.023
100.008
100.003
100.001
100
100
100
100
100
100
100
100
100
100
100
100
100
100
100
100
100
100
100
100
100
100
100
100
100
100
100
100
100
100
100
100
100
100
100
100
100
100
100
100
100
100
100
100
100
100
100
100
100
100
100
100
100
100
100
100
368.156
306.726
251.589
205.508
169.607
143.499
125.747
114.438
107.677
103.873
101.857
100.847
100.368
100.153
100.06
100.023
100.008
100.003
100.001
100
100
100
100
100
100
100
100
100
100
100
100
100
100
100
100
100
100
100
100
100
100
100
100
100
100
100
100
100
100
100
100
100
100
100
100
100
100
100
100
100
100
100
100
100
100
100
100
100
100
100
100
100
100
100
100
368.156
306.726
251.589
205.508
169.607
143.499
125.747
114.438
107.677
103.873
101.857
100.847
100.368
100.153
100.06
100.023
100.008
100.003
100.001
100
100
100
100
100
100
100
100
100
100
100
100
100
100
100
100
100
100
100
100
100
100
100
100
100
100
100
100
100
100
100
100
100
100
100
100
100
100
100
100
100
100
100
100
100
100
100
100
100
100
100
100
100
100
100
100
368.156
306.726
251.589
205.508
169.607
143.499
125.747
114.438
107.677
103.873
101.857
100.847
100.368
100.153
100.06
100.023
100.008
100.003
100.001
100
100
100
100
100
100
100
100
100
100
100
100
100
100
100
100
100
100
100
100
100
100
100
100
100
100
100
100
100
100
100
100
100
100
100
100
100
100
100
100
100
100
100
100
100
100
100
100
100
100
100
100
100
100
100
100
368.156
306.726
251.589
205.508
169.607
143.499
125.747
114.438
107.677
103.873
101.857
100.847
100.368
100.153
100.06
100.023
100.008
100.003
100.001
100
100
100
100
100
100
100
100
100
100
100
100
100
100
100
100
100
100
100
100
100
100
100
100
100
100
100
100
100
100
100
100
100
100
100
100
100
100
100
100
100
100
100
100
100
100
100
100
100
100
100
100
100
100
100
100
368.156
306.726
251.589
205.508
169.607
143.499
125.747
114.438
107.677
103.873
101.857
100.847
100.368
100.153
100.06
100.023
100.008
100.003
100.001
100
100
100
100
100
100
100
100
100
100
100
100
100
100
100
100
100
100
100
100
100
100
100
100
100
100
100
100
100
100
100
100
100
100
100
100
100
100
100
100
100
100
100
100
100
100
100
100
100
100
100
100
100
100
100
100
368.156
306.726
251.589
205.508
169.607
143.499
125.747
114.438
107.677
103.873
101.857
100.847
100.368
100.153
100.06
100.023
100.008
100.003
100.001
100
100
100
100
100
100
100
100
100
100
100
100
100
100
100
100
100
100
100
100
100
100
100
100
100
100
100
100
100
100
100
100
100
100
100
100
100
100
100
100
100
100
100
100
100
100
100
100
100
100
100
100
100
100
100
100
368.156
306.726
251.589
205.508
169.607
143.499
125.747
114.438
107.677
103.873
101.857
100.847
100.368
100.153
100.06
100.023
100.008
100.003
100.001
100
100
100
100
100
100
100
100
100
100
100
100
100
100
100
100
100
100
100
100
100
100
100
100
100
100
100
100
100
100
100
100
100
100
100
100
100
100
100
100
100
100
100
100
100
100
100
100
100
100
100
100
100
100
100
100
368.156
306.726
251.589
205.508
169.607
143.499
125.747
114.438
107.677
103.873
101.857
100.847
100.368
100.153
100.06
100.023
100.008
100.003
100.001
100
100
100
100
100
100
100
100
100
100
100
100
100
100
100
100
100
100
100
100
100
100
100
100
100
100
100
100
100
100
100
100
100
100
100
100
100
100
100
100
100
100
100
100
100
100
100
100
100
100
100
100
100
100
100
100
368.156
306.726
251.589
205.508
169.607
143.499
125.747
114.438
107.677
103.873
101.857
100.847
100.368
100.153
100.06
100.023
100.008
100.003
100.001
100
100
100
100
100
100
100
100
100
100
100
100
100
100
100
100
100
100
100
100
100
100
100
100
100
100
100
100
100
100
100
100
100
100
100
100
100
100
100
100
100
100
100
100
100
100
100
100
100
100
100
100
100
100
100
100
368.156
306.726
251.589
205.508
169.607
143.499
125.747
114.438
107.677
103.873
101.857
100.847
100.368
100.153
100.06
100.023
100.008
100.003
100.001
100
100
100
100
100
100
100
100
100
100
100
100
100
100
100
100
100
100
100
100
100
100
100
100
100
100
100
100
100
100
100
100
100
100
100
100
100
100
100
100
100
100
100
100
100
100
100
100
100
100
100
100
100
100
100
100
368.156
306.726
251.589
205.508
169.607
143.499
125.747
114.438
107.677
103.873
101.857
100.847
100.368
100.153
100.06
100.023
100.008
100.003
100.001
100
100
100
100
100
100
100
100
100
100
100
100
100
100
100
100
100
100
100
100
100
100
100
100
100
100
100
100
100
100
100
100
100
100
100
100
100
100
100
100
100
100
100
100
100
100
100
100
100
100
100
100
100
100
100
100
368.156
306.726
251.589
205.508
169.607
143.499
125.747
114.438
107.677
103.873
101.857
100.847
100.368
100.153
100.06
100.023
100.008
100.003
100.001
100
100
100
100
100
100
100
100
100
100
100
100
100
100
100
100
100
100
100
100
100
100
100
100
100
100
100
100
100
100
100
100
100
100
100
100
100
100
100
100
100
100
100
100
100
100
100
100
100
100
100
100
100
100
100
100
368.156
306.726
251.589
205.508
169.607
143.499
125.747
114.438
107.677
103.873
101.857
100.847
100.368
100.153
100.06
100.023
100.008
100.003
100.001
100
100
100
100
100
100
100
100
100
100
100
100
100
100
100
100
100
100
100
100
100
100
100
100
100
100
100
100
100
100
100
100
100
100
100
100
100
100
100
100
100
100
100
100
100
100
100
100
100
100
100
100
100
100
100
100
368.156
306.726
251.589
205.508
169.607
143.499
125.747
114.438
107.677
103.873
101.857
100.847
100.368
100.153
100.06
100.023
100.008
100.003
100.001
100
100
100
100
100
100
100
100
100
100
100
100
100
100
100
100
100
100
100
100
100
100
100
100
100
100
100
100
100
100
100
100
100
100
100
100
100
100
100
100
100
100
100
100
100
100
100
100
100
100
100
100
100
100
100
100
368.156
306.726
251.589
205.508
169.607
143.499
125.747
114.438
107.677
103.873
101.857
100.847
100.368
100.153
100.06
100.023
100.008
100.003
100.001
100
100
100
100
100
100
100
100
100
100
100
100
100
100
100
100
100
100
100
100
100
100
100
100
100
100
100
100
100
100
100
100
100
100
100
100
100
100
100
100
100
100
100
100
100
100
100
100
100
100
100
100
100
100
100
100
368.156
306.726
251.589
205.508
169.607
143.499
125.747
114.438
107.677
103.873
101.857
100.847
100.368
100.153
100.06
100.023
100.008
100.003
100.001
100
100
100
100
100
100
100
100
100
100
100
100
100
100
100
100
100
100
100
100
100
100
100
100
100
100
100
100
100
100
100
100
100
100
100
100
100
100
100
100
100
100
100
100
100
100
100
100
100
100
100
100
100
100
100
100
368.156
306.726
251.589
205.508
169.607
143.499
125.747
114.438
107.677
103.873
101.857
100.847
100.368
100.153
100.06
100.023
100.008
100.003
100.001
100
100
100
100
100
100
100
100
100
100
100
100
100
100
100
100
100
100
100
100
100
100
100
100
100
100
100
100
100
100
100
100
100
100
100
100
100
100
100
100
100
100
100
100
100
100
100
100
100
100
100
100
100
100
100
100
368.156
306.726
251.589
205.508
169.607
143.499
125.747
114.438
107.677
103.873
101.857
100.847
100.368
100.153
100.06
100.023
100.008
100.003
100.001
100
100
100
100
100
100
100
100
100
100
100
100
100
100
100
100
100
100
100
100
100
100
100
100
100
100
100
100
100
100
100
100
100
100
100
100
100
100
100
100
100
100
100
100
100
100
100
100
100
100
100
100
100
100
100
100
368.156
306.726
251.589
205.508
169.607
143.499
125.747
114.438
107.677
103.873
101.857
100.847
100.368
100.153
100.06
100.023
100.008
100.003
100.001
100
100
100
100
100
100
100
100
100
100
100
100
100
100
100
100
100
100
100
100
100
100
100
100
100
100
100
100
100
100
100
100
100
100
100
100
100
100
100
100
100
100
100
100
100
100
100
100
100
100
100
100
100
100
100
100
368.156
306.726
251.589
205.508
169.607
143.499
125.747
114.438
107.677
103.873
101.857
100.847
100.368
100.153
100.06
100.023
100.008
100.003
100.001
100
100
100
100
100
100
100
100
100
100
100
100
100
100
100
100
100
100
100
100
100
100
100
100
100
100
100
100
100
100
100
100
100
100
100
100
100
100
100
100
100
100
100
100
100
100
100
100
100
100
100
100
100
100
100
100
368.156
306.726
251.589
205.508
169.607
143.499
125.747
114.438
107.677
103.873
101.857
100.847
100.368
100.153
100.06
100.023
100.008
100.003
100.001
100
100
100
100
100
100
100
100
100
100
100
100
100
100
100
100
100
100
100
100
100
100
100
100
100
100
100
100
100
100
100
100
100
100
100
100
100
100
100
100
100
100
100
100
100
100
100
100
100
100
100
100
100
100
100
100
368.156
306.726
251.589
205.508
169.607
143.499
125.747
114.438
107.677
103.873
101.857
100.847
100.368
100.153
100.06
100.023
100.008
100.003
100.001
100
100
100
100
100
100
100
100
100
100
100
100
100
100
100
100
100
100
100
100
100
100
100
100
100
100
100
100
100
100
100
100
100
100
100
100
100
100
100
100
100
100
100
100
100
100
100
100
100
100
100
100
100
100
100
100
368.156
306.726
251.589
205.508
169.607
143.499
125.747
114.438
107.677
103.873
101.857
100.847
100.368
100.153
100.06
100.023
100.008
100.003
100.001
100
100
100
100
100
100
100
100
100
100
100
100
100
100
100
100
100
100
100
100
100
100
100
100
100
100
100
100
100
100
100
100
100
100
100
100
100
100
100
100
100
100
100
100
100
100
100
100
100
100
100
100
100
100
100
100
368.156
306.726
251.589
205.508
169.607
143.499
125.747
114.438
107.677
103.873
101.857
100.847
100.368
100.153
100.06
100.023
100.008
100.003
100.001
100
100
100
100
100
100
100
100
100
100
100
100
100
100
100
100
100
100
100
100
100
100
100
100
100
100
100
100
100
100
100
100
100
100
100
100
100
100
100
100
100
100
100
100
100
100
100
100
100
100
100
100
100
100
100
100
368.156
306.726
251.589
205.508
169.607
143.499
125.747
114.438
107.677
103.873
101.857
100.847
100.368
100.153
100.06
100.023
100.008
100.003
100.001
100
100
100
100
100
100
100
100
100
100
100
100
100
100
100
100
100
100
100
100
100
100
100
100
100
100
100
100
100
100
100
100
100
100
100
100
100
100
100
100
100
100
100
100
100
100
100
100
100
100
100
100
100
100
100
100
368.156
306.726
251.589
205.508
169.607
143.499
125.747
114.438
107.677
103.873
101.857
100.847
100.368
100.153
100.06
100.023
100.008
100.003
100.001
100
100
100
100
100
100
100
100
100
100
100
100
100
100
100
100
100
100
100
100
100
100
100
100
100
100
100
100
100
100
100
100
100
100
100
100
100
100
100
100
100
100
100
100
100
100
100
100
100
100
100
100
100
100
100
100
368.156
306.726
251.589
205.508
169.607
143.499
125.747
114.438
107.677
103.873
101.857
100.847
100.368
100.153
100.06
100.023
100.008
100.003
100.001
100
100
100
100
100
100
100
100
100
100
100
100
100
100
100
100
100
100
100
100
100
100
100
100
100
100
100
100
100
100
100
100
100
100
100
100
100
100
100
100
100
100
100
100
100
100
100
100
100
100
100
100
100
100
100
100
368.156
306.726
251.589
205.508
169.607
143.499
125.747
114.438
107.677
103.873
101.857
100.847
100.368
100.153
100.06
100.023
100.008
100.003
100.001
100
100
100
100
100
100
100
100
100
100
100
100
100
100
100
100
100
100
100
100
100
100
100
100
100
100
100
100
100
100
100
100
100
100
100
100
100
100
100
100
100
100
100
100
100
100
100
100
100
100
100
100
100
100
100
100
368.156
306.726
251.589
205.508
169.607
143.499
125.747
114.438
107.677
103.873
101.857
100.847
100.368
100.153
100.06
100.023
100.008
100.003
100.001
100
100
100
100
100
100
100
100
100
100
100
100
100
100
100
100
100
100
100
100
100
100
100
100
100
100
100
100
100
100
100
100
100
100
100
100
100
100
100
100
100
100
100
100
100
100
100
100
100
100
100
100
100
100
100
100
368.156
306.726
251.589
205.508
169.607
143.499
125.747
114.438
107.677
103.873
101.857
100.847
100.368
100.153
100.06
100.023
100.008
100.003
100.001
100
100
100
100
100
100
100
100
100
100
100
100
100
100
100
100
100
100
100
100
100
100
100
100
100
100
100
100
100
100
100
100
100
100
100
100
100
100
100
100
100
100
100
100
100
100
100
100
100
100
100
100
100
100
100
100
368.156
306.726
251.589
205.508
169.607
143.499
125.747
114.438
107.677
103.873
101.857
100.847
100.368
100.153
100.06
100.023
100.008
100.003
100.001
100
100
100
100
100
100
100
100
100
100
100
100
100
100
100
100
100
100
100
100
100
100
100
100
100
100
100
100
100
100
100
100
100
100
100
100
100
100
100
100
100
100
100
100
100
100
100
100
100
100
100
100
100
100
100
100
368.156
306.726
251.589
205.508
169.607
143.499
125.747
114.438
107.677
103.873
101.857
100.847
100.368
100.153
100.06
100.023
100.008
100.003
100.001
100
100
100
100
100
100
100
100
100
100
100
100
100
100
100
100
100
100
100
100
100
100
100
100
100
100
100
100
100
100
100
100
100
100
100
100
100
100
100
100
100
100
100
100
100
100
100
100
100
100
100
100
100
100
100
100
368.156
306.726
251.589
205.508
169.607
143.499
125.747
114.438
107.677
103.873
101.857
100.847
100.368
100.153
100.06
100.023
100.008
100.003
100.001
100
100
100
100
100
100
100
100
100
100
100
100
100
100
100
100
100
100
100
100
100
100
100
100
100
100
100
100
100
100
100
100
100
100
100
100
100
100
100
100
100
100
100
100
100
100
100
100
100
100
100
100
100
100
100
100
368.156
306.726
251.589
205.508
169.607
143.499
125.747
114.438
107.677
103.873
101.857
100.847
100.368
100.153
100.06
100.023
100.008
100.003
100.001
100
100
100
100
100
100
100
100
100
100
100
100
100
100
100
100
100
100
100
100
100
100
100
100
100
100
100
100
100
100
100
100
100
100
100
100
100
100
100
100
100
100
100
100
100
100
100
100
100
100
100
100
100
100
100
100
368.156
306.726
251.589
205.508
169.607
143.499
125.747
114.438
107.677
103.873
101.857
100.847
100.368
100.153
100.06
100.023
100.008
100.003
100.001
100
100
100
100
100
100
100
100
100
100
100
100
100
100
100
100
100
100
100
100
100
100
100
100
100
100
100
100
100
100
100
100
100
100
100
100
100
100
100
100
100
100
100
100
100
100
100
100
100
100
100
100
100
100
100
100
368.156
306.726
251.589
205.508
169.607
143.499
125.747
114.438
107.677
103.873
101.857
100.847
100.368
100.153
100.06
100.023
100.008
100.003
100.001
100
100
100
100
100
100
100
100
100
100
100
100
100
100
100
100
100
100
100
100
100
100
100
100
100
100
100
100
100
100
100
100
100
100
100
100
100
100
100
100
100
100
100
100
100
100
100
100
100
100
100
100
100
100
100
100
368.156
306.726
251.589
205.508
169.607
143.499
125.747
114.438
107.677
103.873
101.857
100.847
100.368
100.153
100.06
100.023
100.008
100.003
100.001
100
100
100
100
100
100
100
100
100
100
100
100
100
100
100
100
100
100
100
100
100
100
100
100
100
100
100
100
100
100
100
100
100
100
100
100
100
100
100
100
100
100
100
100
100
100
100
100
100
100
100
100
100
100
100
100
368.156
306.726
251.589
205.508
169.607
143.499
125.747
114.438
107.677
103.873
101.857
100.847
100.368
100.153
100.06
100.023
100.008
100.003
100.001
100
100
100
100
100
100
100
100
100
100
100
100
100
100
100
100
100
100
100
100
100
100
100
100
100
100
100
100
100
100
100
100
100
100
100
100
100
100
100
100
100
100
100
100
100
100
100
100
100
100
100
100
100
100
100
100
368.156
306.726
251.589
205.508
169.607
143.499
125.747
114.438
107.677
103.873
101.857
100.847
100.368
100.153
100.06
100.023
100.008
100.003
100.001
100
100
100
100
100
100
100
100
100
100
100
100
100
100
100
100
100
100
100
100
100
100
100
100
100
100
100
100
100
100
100
100
100
100
100
100
100
100
100
100
100
100
100
100
100
100
100
100
100
100
100
100
100
100
100
100
368.156
306.726
251.589
205.508
169.607
143.499
125.747
114.438
107.677
103.873
101.857
100.847
100.368
100.153
100.06
100.023
100.008
100.003
100.001
100
100
100
100
100
100
100
100
100
100
100
100
100
100
100
100
100
100
100
100
100
100
100
100
100
100
100
100
100
100
100
100
100
100
100
100
100
100
100
100
100
100
100
100
100
100
100
100
100
100
100
100
100
100
100
100
368.156
306.726
251.589
205.508
169.607
143.499
125.747
114.438
107.677
103.873
101.857
100.847
100.368
100.153
100.06
100.023
100.008
100.003
100.001
100
100
100
100
100
100
100
100
100
100
100
100
100
100
100
100
100
100
100
100
100
100
100
100
100
100
100
100
100
100
100
100
100
100
100
100
100
100
100
100
100
100
100
100
100
100
100
100
100
100
100
100
100
100
100
100
368.156
306.726
251.589
205.508
169.607
143.499
125.747
114.438
107.677
103.873
101.857
100.847
100.368
100.153
100.06
100.023
100.008
100.003
100.001
100
100
100
100
100
100
100
100
100
100
100
100
100
100
100
100
100
100
100
100
100
100
100
100
100
100
100
100
100
100
100
100
100
100
100
100
100
100
100
100
100
100
100
100
100
100
100
100
100
100
100
100
100
100
100
100
368.156
306.726
251.589
205.508
169.607
143.499
125.747
114.438
107.677
103.873
101.857
100.847
100.368
100.153
100.06
100.023
100.008
100.003
100.001
100
100
100
100
100
100
100
100
100
100
100
100
100
100
100
100
100
100
100
100
100
100
100
100
100
100
100
100
100
100
100
100
100
100
100
100
100
100
100
100
100
100
100
100
100
100
100
100
100
100
100
100
100
100
100
100
368.156
306.726
251.589
205.508
169.607
143.499
125.747
114.438
107.677
103.873
101.857
100.847
100.368
100.153
100.06
100.023
100.008
100.003
100.001
100
100
100
100
100
100
100
100
100
100
100
100
100
100
100
100
100
100
100
100
100
100
100
100
100
100
100
100
100
100
100
100
100
100
100
100
100
100
100
100
100
100
100
100
100
100
100
100
100
100
100
100
100
100
100
100
368.156
306.726
251.589
205.508
169.607
143.499
125.747
114.438
107.677
103.873
101.857
100.847
100.368
100.153
100.06
100.023
100.008
100.003
100.001
100
100
100
100
100
100
100
100
100
100
100
100
100
100
100
100
100
100
100
100
100
100
100
100
100
100
100
100
100
100
100
100
100
100
100
100
100
100
100
100
100
100
100
100
100
100
100
100
100
100
100
100
100
100
100
100
368.156
306.726
251.589
205.508
169.607
143.499
125.747
114.438
107.677
103.873
101.857
100.847
100.368
100.153
100.06
100.023
100.008
100.003
100.001
100
100
100
100
100
100
100
100
100
100
100
100
100
100
100
100
100
100
100
100
100
100
100
100
100
100
100
100
100
100
100
100
100
100
100
100
100
100
100
100
100
100
100
100
100
100
100
100
100
100
100
100
100
100
100
100
368.156
306.726
251.589
205.508
169.607
143.499
125.747
114.438
107.677
103.873
101.857
100.847
100.368
100.153
100.06
100.023
100.008
100.003
100.001
100
100
100
100
100
100
100
100
100
100
100
100
100
100
100
100
100
100
100
100
100
100
100
100
100
100
100
100
100
100
100
100
100
100
100
100
100
100
100
100
100
100
100
100
100
100
100
100
100
100
100
100
100
100
100
100
368.156
306.726
251.589
205.508
169.607
143.499
125.747
114.438
107.677
103.873
101.857
100.847
100.368
100.153
100.06
100.023
100.008
100.003
100.001
100
100
100
100
100
100
100
100
100
100
100
100
100
100
100
100
100
100
100
100
100
100
100
100
100
100
100
100
100
100
100
100
100
100
100
100
100
100
100
100
100
100
100
100
100
100
100
100
100
100
100
100
100
100
100
100
368.156
306.726
251.589
205.508
169.607
143.499
125.747
114.438
107.677
103.873
101.857
100.847
100.368
100.153
100.06
100.023
100.008
100.003
100.001
100
100
100
100
100
100
100
100
100
100
100
100
100
100
100
100
100
100
100
100
100
100
100
100
100
100
100
100
100
100
100
100
100
100
100
100
100
100
100
100
100
100
100
100
100
100
100
100
100
100
100
100
100
100
100
100
368.156
306.726
251.589
205.508
169.607
143.499
125.747
114.438
107.677
103.873
101.857
100.847
100.368
100.153
100.06
100.023
100.008
100.003
100.001
100
100
100
100
100
100
100
100
100
100
100
100
100
100
100
100
100
100
100
100
100
100
100
100
100
100
100
100
100
100
100
100
100
100
100
100
100
100
100
100
100
100
100
100
100
100
100
100
100
100
100
100
100
100
100
100
368.156
306.726
251.589
205.508
169.607
143.499
125.747
114.438
107.677
103.873
101.857
100.847
100.368
100.153
100.06
100.023
100.008
100.003
100.001
100
100
100
100
100
100
100
100
100
100
100
100
100
100
100
100
100
100
100
100
100
100
100
100
100
100
100
100
100
100
100
100
100
100
100
100
100
100
100
100
100
100
100
100
100
100
100
100
100
100
100
100
100
100
100
100
368.156
306.726
251.589
205.508
169.607
143.499
125.747
114.438
107.677
103.873
101.857
100.847
100.368
100.153
100.06
100.023
100.008
100.003
100.001
100
100
100
100
100
100
100
100
100
100
100
100
100
100
100
100
100
100
100
100
100
100
100
100
100
100
100
100
100
100
100
100
100
100
100
100
100
100
100
100
100
100
100
100
100
100
100
100
100
100
100
100
100
100
100
100
368.156
306.726
251.589
205.508
169.607
143.499
125.747
114.438
107.677
103.873
101.857
100.847
100.368
100.153
100.06
100.023
100.008
100.003
100.001
100
100
100
100
100
100
100
100
100
100
100
100
100
100
100
100
100
100
100
100
100
100
100
100
100
100
100
100
100
100
100
100
100
100
100
100
100
100
100
100
100
100
100
100
100
100
100
100
100
100
100
100
100
100
100
100
368.156
306.726
251.589
205.508
169.607
143.499
125.747
114.438
107.677
103.873
101.857
100.847
100.368
100.153
100.06
100.023
100.008
100.003
100.001
100
100
100
100
100
100
100
100
100
100
100
100
100
100
100
100
100
100
100
100
100
100
100
100
100
100
100
100
100
100
100
100
100
100
100
100
100
100
100
100
100
100
100
100
100
100
100
100
100
100
100
100
100
100
100
100
368.156
306.726
251.589
205.508
169.607
143.499
125.747
114.438
107.677
103.873
101.857
100.847
100.368
100.153
100.06
100.023
100.008
100.003
100.001
100
100
100
100
100
100
100
100
100
100
100
100
100
100
100
100
100
100
100
100
100
100
100
100
100
100
100
100
100
100
100
100
100
100
100
100
100
100
100
100
100
100
100
100
100
100
100
100
100
100
100
100
100
100
100
100
368.156
306.726
251.589
205.508
169.607
143.499
125.747
114.438
107.677
103.873
101.857
100.847
100.368
100.153
100.06
100.023
100.008
100.003
100.001
100
100
100
100
100
100
100
100
100
100
100
100
100
100
100
100
100
100
100
100
100
100
100
100
100
100
100
100
100
100
100
100
100
100
100
100
100
100
100
100
100
100
100
100
100
100
100
100
100
100
100
100
100
100
100
100
368.156
306.726
251.589
205.508
169.607
143.499
125.747
114.438
107.677
103.873
101.857
100.847
100.368
100.153
100.06
100.023
100.008
100.003
100.001
100
100
100
100
100
100
100
100
100
100
100
100
100
100
100
100
100
100
100
100
100
100
100
100
100
100
100
100
100
100
100
100
100
100
100
100
100
100
100
100
100
100
100
100
100
100
100
100
100
100
100
100
100
100
100
100
368.156
306.726
251.589
205.508
169.607
143.499
125.747
114.438
107.677
103.873
101.857
100.847
100.368
100.153
100.06
100.023
100.008
100.003
100.001
100
100
100
100
100
100
100
100
100
100
100
100
100
100
100
100
100
100
100
100
100
100
100
100
100
100
100
100
100
100
100
100
100
100
100
100
100
100
100
100
100
100
100
100
100
100
100
100
100
100
100
100
100
100
100
100
368.156
306.726
251.589
205.508
169.607
143.499
125.747
114.438
107.677
103.873
101.857
100.847
100.368
100.153
100.06
100.023
100.008
100.003
100.001
100
100
100
100
100
100
100
100
100
100
100
100
100
100
100
100
100
100
100
100
100
100
100
100
100
100
100
100
100
100
100
100
100
100
100
100
100
100
100
100
100
100
100
100
100
100
100
100
100
100
100
100
100
100
100
100
368.156
306.726
251.589
205.508
169.607
143.499
125.747
114.438
107.677
103.873
101.857
100.847
100.368
100.153
100.06
100.023
100.008
100.003
100.001
100
100
100
100
100
100
100
100
100
100
100
100
100
100
100
100
100
100
100
100
100
100
100
100
100
100
100
100
100
100
100
100
100
100
100
100
100
100
100
100
100
100
100
100
100
100
100
100
100
100
100
100
100
100
100
100
368.156
306.726
251.589
205.508
169.607
143.499
125.747
114.438
107.677
103.873
101.857
100.847
100.368
100.153
100.06
100.023
100.008
100.003
100.001
100
100
100
100
100
100
100
100
100
100
100
100
100
100
100
100
100
100
100
100
100
100
100
100
100
100
100
100
100
100
100
100
100
100
100
100
100
100
100
100
100
100
100
100
100
100
100
100
100
100
100
100
100
100
100
100
368.156
306.726
251.589
205.508
169.607
143.499
125.747
114.438
107.677
103.873
101.857
100.847
100.368
100.153
100.06
100.023
100.008
100.003
100.001
100
100
100
100
100
100
100
100
100
100
100
100
100
100
100
100
100
100
100
100
100
100
100
100
100
100
100
100
100
100
100
100
100
100
100
100
100
100
100
100
100
100
100
100
100
100
100
100
100
100
100
100
100
100
100
100
368.156
306.726
251.589
205.508
169.607
143.499
125.747
114.438
107.677
103.873
101.857
100.847
100.368
100.153
100.06
100.023
100.008
100.003
100.001
100
100
100
100
100
100
100
100
100
100
100
100
100
100
100
100
100
100
100
100
100
100
100
100
100
100
100
100
100
100
100
100
100
100
100
100
100
100
100
100
100
100
100
100
100
100
100
100
100
100
100
100
100
100
100
100
368.156
306.726
251.589
205.508
169.607
143.499
125.747
114.438
107.677
103.873
101.857
100.847
100.368
100.153
100.06
100.023
100.008
100.003
100.001
100
100
100
100
100
100
100
100
100
100
100
100
100
100
100
100
100
100
100
100
100
100
100
100
100
100
100
100
100
100
100
100
100
100
100
100
100
100
100
100
100
100
100
100
100
100
100
100
100
100
100
100
100
100
100
100
368.156
306.726
251.589
205.508
169.607
143.499
125.747
114.438
107.677
103.873
101.857
100.847
100.368
100.153
100.06
100.023
100.008
100.003
100.001
100
100
100
100
100
100
100
100
100
100
100
100
100
100
100
100
100
100
100
100
100
100
100
100
100
100
100
100
100
100
100
100
100
100
100
100
100
100
100
100
100
100
100
100
100
100
100
100
100
100
100
100
100
100
100
100
368.156
306.726
251.589
205.508
169.607
143.499
125.747
114.438
107.677
103.873
101.857
100.847
100.368
100.153
100.06
100.023
100.008
100.003
100.001
100
100
100
100
100
100
100
100
100
100
100
100
100
100
100
100
100
100
100
100
100
100
100
100
100
100
100
100
100
100
100
100
100
100
100
100
100
100
100
100
100
100
100
100
100
100
100
100
100
100
100
100
100
100
100
100
368.156
306.726
251.589
205.508
169.607
143.499
125.747
114.438
107.677
103.873
101.857
100.847
100.368
100.153
100.06
100.023
100.008
100.003
100.001
100
100
100
100
100
100
100
100
100
100
100
100
100
100
100
100
100
100
100
100
100
100
100
100
100
100
100
100
100
100
100
100
100
100
100
100
100
100
100
100
100
100
100
100
100
100
100
100
100
100
100
100
100
100
100
100
368.156
306.726
251.589
205.508
169.607
143.499
125.746
114.438
107.677
103.873
101.857
100.847
100.368
100.152
100.06
100.023
100.008
100.003
100.001
100
100
100
100
100
100
100
100
100
100
100
100
100
100
100
100
100
100
100
100
100
100
100
100
100
100
100
100
100
100
100
100
100
100
100
100
100
100
100
100
100
100
100
100
100
100
100
100
100
100
100
100
100
100
100
100
368.156
306.725
251.589
205.507
169.606
143.499
125.746
114.438
107.676
103.873
101.857
100.847
100.368
100.152
100.06
100.023
100.008
100.003
100.001
100
100
100
100
100
100
100
100
100
100
100
100
100
100
100
100
100
100
100
100
100
100
100
100
100
100
100
100
100
100
100
100
100
100
100
100
100
100
100
100
100
100
100
100
100
100
100
100
100
100
100
100
100
100
100
100
368.155
306.725
251.587
205.506
169.605
143.498
125.745
114.437
107.676
103.873
101.857
100.847
100.368
100.152
100.06
100.023
100.008
100.003
100.001
100
100
100
100
100
100
100
100
100
100
100
100
100
100
100
100
100
100
100
100
100
100
100
100
100
100
100
100
100
100
100
100
100
100
100
100
100
100
100
100
100
100
100
100
100
100
100
100
100
100
100
100
100
100
100
100
368.154
306.722
251.584
205.502
169.602
143.495
125.743
114.436
107.675
103.873
101.857
100.847
100.368
100.152
100.06
100.023
100.008
100.003
100.001
100
100
100
100
100
100
100
100
100
100
100
100
100
100
100
100
100
100
100
100
100
100
100
100
100
100
100
100
100
100
100
100
100
100
100
100
100
100
100
100
100
100
100
100
100
100
100
100
100
100
100
100
100
100
100
100
368.152
306.716
251.575
205.492
169.593
143.488
125.738
114.433
107.673
103.872
101.856
100.846
100.368
100.152
100.06
100.023
100.008
100.003
100.001
100
100
100
100
100
100
100
100
100
100
100
100
100
100
100
100
100
100
100
100
100
100
100
100
100
100
100
100
100
100
100
100
100
100
100
100
100
100
100
100
100
100
100
100
100
100
100
100
100
100
100
100
100
100
100
100
368.146
306.699
251.552
205.468
169.571
143.47
125.725
114.424
107.668
103.869
101.854
100.846
100.367
100.152
100.06
100.023
100.008
100.003
100.001
100
100
100
100
100
100
100
100
100
100
100
100
100
100
100
100
100
100
100
100
100
100
100
100
100
100
100
100
100
100
100
100
100
100
100
100
100
100
100
100
100
100
100
100
100
100
100
100
100
100
100
100
100
100
100
100
368.131
306.658
251.496
205.408
169.517
143.428
125.695
114.405
107.656
103.862
101.851
100.844
100.367
100.152
100.06
100.023
100.008
100.003
100.001
100
100
100
100
100
100
100
100
100
100
100
100
100
100
100
100
100
100
100
100
100
100
100
100
100
100
100
100
100
100
100
100
100
100
100
100
100
100
100
100
100
100
100
100
100
100
100
100
100
100
100
100
100
100
100
100
368.096
306.562
251.364
205.27
169.395
143.332
125.628
114.362
107.631
103.848
101.844
100.84
100.365
100.151
100.06
100.023
100.008
100.003
100.001
100
100
100
100
100
100
100
100
100
100
100
100
100
100
100
100
100
100
100
100
100
100
100
100
100
100
100
100
100
100
100
100
100
100
100
100
100
100
100
100
100
100
100
100
100
100
100
100
100
100
100
100
100
100
100
100
368.014
306.343
251.068
204.964
169.127
143.126
125.485
114.27
107.577
103.819
101.829
100.833
100.362
100.15
100.059
100.022
100.008
100.003
100.001
100
100
100
100
100
100
100
100
100
100
100
100
100
100
100
100
100
100
100
100
100
100
100
100
100
100
100
100
100
100
100
100
100
100
100
100
100
100
100
100
100
100
100
100
100
100
100
100
100
100
100
100
100
100
100
100
367.833
305.861
250.427
204.311
168.566
142.7
125.194
114.088
107.471
103.762
101.8
100.819
100.355
100.147
100.058
100.022
100.008
100.003
100.001
100
100
100
100
100
100
100
100
100
100
100
100
100
100
100
100
100
100
100
100
100
100
100
100
100
100
100
100
100
100
100
100
100
100
100
100
100
100
100
100
100
100
100
100
100
100
100
100
100
100
100
100
100
100
100
100
367.442
304.833
249.088
202.98
167.447
141.87
124.636
113.744
107.275
103.656
101.747
100.794
100.344
100.142
100.056
100.021
100.008
100.003
100.001
100
100
100
100
100
100
100
100
100
100
100
100
100
100
100
100
100
100
100
100
100
100
100
100
100
100
100
100
100
100
100
100
100
100
100
100
100
100
100
100
100
100
100
100
100
100
100
100
100
100
100
100
100
100
100
100
366.607
302.698
246.392
200.383
165.328
140.337
123.628
113.134
106.931
103.475
101.657
100.752
100.325
100.134
100.053
100.02
100.007
100.003
100.001
100
100
100
100
100
100
100
100
100
100
100
100
100
100
100
100
100
100
100
100
100
100
100
100
100
100
100
100
100
100
100
100
100
100
100
100
100
100
100
100
100
100
100
100
100
100
100
100
100
100
100
100
100
100
100
100
364.827
298.343
241.144
195.541
161.519
137.664
121.916
112.118
106.368
103.182
101.513
100.686
100.296
100.122
100.048
100.018
100.007
100.002
100.001
100
100
100
100
100
100
100
100
100
100
100
100
100
100
100
100
100
100
100
100
100
100
100
100
100
100
100
100
100
100
100
100
100
100
100
100
100
100
100
100
100
100
100
100
100
100
100
100
100
100
100
100
100
100
100
100
360.92
289.54
231.257
186.941
155.067
133.303
119.203
110.546
105.513
102.744
101.301
100.588
100.253
100.104
100.041
100.015
100.006
100.002
100.001
100
100
100
100
100
100
100
100
100
100
100
100
100
100
100
100
100
100
100
100
100
100
100
100
100
100
100
100
100
100
100
100
100
100
100
100
100
100
100
100
100
100
100
100
100
100
100
100
100
100
100
100
100
100
100
100
351.697
271.724
213.28
172.503
144.857
126.697
115.224
108.295
104.312
102.137
101.01
100.455
100.196
100.08
100.032
100.012
100.004
100.001
100
100
100
100
100
100
100
100
100
100
100
100
100
100
100
100
100
100
100
100
100
100
100
100
100
100
100
100
100
100
100
100
100
100
100
100
100
100
100
100
100
100
100
100
100
100
100
100
100
100
100
100
100
100
100
100
100
326.959
235.495
182.118
149.973
130.009
117.539
109.887
105.347
102.765
101.365
100.643
100.289
100.124
100.051
100.02
100.008
100.003
100.001
100
100
100
100
100
100
100
100
100
100
100
100
100
100
100
100
100
100
100
100
100
100
100
100
100
100
100
100
100
100
100
100
100
100
100
100
100
100
100
100
100
100
100
100
100
100
100
100
100
100
100
100
100
100
100
100
100
248.309
163.136
132.544
118.429
110.712
106.161
103.443
101.852
100.955
100.47
100.221
100.099
100.043
100.017
100.007
100.003
100.001
100
100
100
100
100
100
100
100
100
100
100
100
100
100
100
100
100
100
100
100
100
100
100
100
100
100
100
100
100
100
100
100
100
100
100
100
100
100
100
100
100
100
100
100
100
100
100
100
100
100
100
100
100
100
100
100
100
100
)
;

boundaryField
{
    upperwall
    {
        type            fixedValue;
        value           uniform 400;
    }
    rightwall
    {
        type            fixedValue;
        value           uniform 100;
    }
    leftwall
    {
        type            fixedValue;
        value           uniform 100;
    }
    bottomwall
    {
        type            fixedValue;
        value           uniform 100;
    }
    frontandback
    {
        type            empty;
    }
}


// ************************************************************************* //
