/*--------------------------------*- C++ -*----------------------------------*\
  =========                 |
  \\      /  F ield         | OpenFOAM: The Open Source CFD Toolbox
   \\    /   O peration     | Website:  https://openfoam.org
    \\  /    A nd           | Version:  10
     \\/     M anipulation  |
\*---------------------------------------------------------------------------*/
FoamFile
{
    format      ascii;
    class       volScalarField;
    location    "1000";
    object      T;
}
// * * * * * * * * * * * * * * * * * * * * * * * * * * * * * * * * * * * * * //

dimensions      [0 0 0 1 0 0 0];

internalField   nonuniform List<scalar> 
11250
(
249.947
167.869
139.876
127.658
121.073
116.954
114.113
112.021
110.408
109.121
108.067
107.184
106.434
105.786
105.221
104.723
104.281
103.887
103.532
103.212
102.922
102.659
102.42
102.201
102.002
101.819
101.652
101.499
101.359
101.231
101.114
101.007
100.909
100.819
100.738
100.663
100.596
100.534
100.478
100.427
100.381
100.34
100.302
100.268
100.238
100.211
100.186
100.164
100.144
100.127
100.111
100.098
100.085
100.074
100.065
100.056
100.049
100.042
100.036
100.031
100.027
100.023
100.02
100.017
100.014
100.012
100.01
100.008
100.007
100.006
100.004
100.003
100.002
100.001
100
331.813
249.523
203.855
177.344
160.754
149.585
141.592
135.587
130.902
127.135
124.032
121.426
119.203
117.281
115.601
114.119
112.803
111.625
110.567
109.612
108.746
107.96
107.244
106.59
105.993
105.447
104.948
104.49
104.072
103.688
103.337
103.017
102.723
102.455
102.211
101.988
101.785
101.6
101.432
101.28
101.143
101.018
100.906
100.804
100.713
100.631
100.558
100.492
100.433
100.38
100.334
100.292
100.255
100.223
100.194
100.169
100.146
100.127
100.109
100.094
100.081
100.069
100.059
100.051
100.043
100.036
100.03
100.025
100.021
100.017
100.013
100.01
100.007
100.004
100.001
359.594
294.558
248.679
217.114
195.02
179.048
167.091
157.845
150.49
144.496
139.513
135.3
131.686
128.549
125.798
123.367
121.202
119.263
117.517
115.94
114.509
113.209
112.023
110.941
109.952
109.047
108.219
107.46
106.765
106.129
105.546
105.013
104.526
104.081
103.675
103.304
102.967
102.66
102.382
102.129
101.9
101.693
101.506
101.338
101.186
101.05
100.927
100.818
100.72
100.633
100.555
100.486
100.425
100.371
100.323
100.28
100.243
100.211
100.182
100.157
100.135
100.115
100.099
100.084
100.071
100.06
100.05
100.042
100.034
100.028
100.022
100.016
100.011
100.007
100.002
371.602
320.438
279.195
247.422
223.175
204.508
189.894
178.228
168.733
160.868
154.247
148.597
143.716
139.456
135.704
132.376
129.404
126.736
124.329
122.151
120.173
118.372
116.73
115.229
113.856
112.599
111.448
110.393
109.427
108.542
107.731
106.989
106.311
105.691
105.125
104.609
104.139
103.711
103.323
102.97
102.651
102.362
102.101
101.866
101.655
101.465
101.294
101.142
101.005
100.883
100.775
100.679
100.593
100.517
100.451
100.392
100.34
100.294
100.254
100.219
100.188
100.161
100.138
100.117
100.1
100.084
100.07
100.059
100.048
100.039
100.03
100.023
100.016
100.009
100.003
377.979
336.403
300.248
270.215
245.763
225.934
209.77
196.462
185.374
176.023
168.042
161.157
155.16
149.89
145.225
141.068
137.342
133.988
130.955
128.204
125.702
123.42
121.336
119.431
117.685
116.087
114.621
113.277
112.046
110.917
109.883
108.936
108.07
107.278
106.555
105.896
105.295
104.748
104.252
103.801
103.393
103.024
102.69
102.389
102.119
101.875
101.657
101.462
101.287
101.131
100.992
100.869
100.76
100.663
100.577
100.501
100.435
100.376
100.325
100.28
100.241
100.206
100.176
100.15
100.128
100.108
100.09
100.075
100.062
100.05
100.039
100.029
100.02
100.012
100.004
381.891
346.953
315.19
287.443
263.748
243.718
226.816
212.505
200.312
189.843
180.78
172.873
165.921
159.767
154.286
149.378
144.961
140.97
137.352
134.063
131.064
128.325
125.819
123.525
121.422
119.493
117.723
116.1
114.61
113.244
111.993
110.846
109.796
108.837
107.96
107.161
106.432
105.769
105.166
104.619
104.123
103.675
103.27
102.904
102.576
102.28
102.015
101.777
101.565
101.376
101.207
101.057
100.924
100.806
100.702
100.61
100.529
100.458
100.396
100.341
100.293
100.251
100.215
100.183
100.155
100.131
100.11
100.091
100.075
100.06
100.047
100.036
100.025
100.015
100.005
384.528
354.334
326.129
300.635
278.089
258.4
241.302
226.467
213.566
202.3
192.411
183.683
175.937
169.028
162.834
157.257
152.216
147.645
143.487
139.695
136.232
133.062
130.157
127.493
125.048
122.803
120.742
118.848
117.11
115.516
114.053
112.712
111.485
110.362
109.336
108.4
107.546
106.769
106.063
105.421
104.84
104.314
103.839
103.41
103.025
102.678
102.366
102.088
101.838
101.616
101.418
101.242
101.086
100.947
100.825
100.717
100.622
100.538
100.465
100.401
100.344
100.295
100.252
100.215
100.182
100.154
100.129
100.107
100.088
100.071
100.056
100.042
100.029
100.017
100.006
386.419
359.736
334.372
310.9
289.601
270.523
253.564
238.538
225.232
213.432
202.937
193.571
185.182
177.639
170.833
164.671
159.076
153.981
149.33
145.078
141.183
137.611
134.332
131.32
128.551
126.005
123.665
121.514
119.537
117.722
116.057
114.529
113.13
111.849
110.678
109.609
108.634
107.746
106.939
106.206
105.541
104.94
104.396
103.906
103.464
103.067
102.711
102.392
102.106
101.852
101.625
101.423
101.244
101.086
100.945
100.822
100.713
100.617
100.533
100.459
100.395
100.339
100.289
100.247
100.209
100.177
100.148
100.123
100.101
100.081
100.064
100.048
100.034
100.02
100.007
387.834
363.828
340.741
319.017
298.922
280.565
263.934
248.938
235.448
223.317
212.398
202.551
193.653
185.591
178.269
171.602
165.519
159.958
154.864
150.192
145.901
141.957
138.329
134.99
131.917
129.087
126.483
124.087
121.883
119.858
117.997
116.29
114.725
113.292
111.982
110.785
109.692
108.697
107.792
106.97
106.225
105.55
104.94
104.389
103.893
103.448
103.047
102.689
102.368
102.082
101.827
101.6
101.399
101.221
101.063
100.924
100.802
100.694
100.6
100.517
100.444
100.381
100.326
100.277
100.235
100.199
100.167
100.138
100.114
100.092
100.072
100.054
100.038
100.022
100.007
388.927
367.014
345.766
325.53
306.54
288.924
272.716
257.888
244.367
232.058
220.858
210.662
201.369
192.889
185.138
178.042
171.537
165.565
160.075
155.024
150.373
146.088
142.137
138.495
135.137
132.041
129.188
126.56
124.141
121.915
119.869
117.991
116.268
114.689
113.244
111.923
110.718
109.62
108.62
107.712
106.889
106.143
105.468
104.859
104.311
103.818
103.375
102.978
102.623
102.307
102.024
101.773
101.551
101.353
101.179
101.025
100.889
100.769
100.665
100.573
100.493
100.422
100.361
100.308
100.261
100.22
100.185
100.154
100.126
100.102
100.08
100.06
100.042
100.025
100.008
389.792
369.547
349.801
330.826
312.824
295.919
280.173
265.591
252.141
239.766
228.396
217.954
208.365
199.553
191.451
183.995
177.127
170.797
164.957
159.568
154.591
149.994
145.748
141.826
138.204
134.86
131.774
128.928
126.305
123.89
121.668
119.627
117.753
116.034
114.461
113.023
111.709
110.512
109.421
108.431
107.531
106.717
105.98
105.315
104.716
104.177
103.693
103.259
102.871
102.525
102.216
101.942
101.698
101.482
101.291
101.122
100.973
100.843
100.728
100.628
100.54
100.463
100.396
100.337
100.286
100.241
100.202
100.168
100.138
100.111
100.088
100.066
100.046
100.027
100.009
390.488
371.597
353.089
335.183
318.05
301.808
286.525
272.229
258.914
246.55
235.093
224.489
214.682
205.613
197.228
189.472
182.297
175.656
169.51
163.82
158.551
153.673
149.158
144.979
141.113
137.538
134.235
131.185
128.372
125.778
123.391
121.195
119.177
117.327
115.631
114.08
112.663
111.371
110.194
109.123
108.152
107.272
106.475
105.756
105.108
104.525
104.001
103.532
103.111
102.736
102.402
102.104
101.84
101.606
101.399
101.217
101.056
100.914
100.79
100.681
100.585
100.502
100.429
100.366
100.31
100.262
100.22
100.183
100.15
100.121
100.095
100.071
100.05
100.029
100.01
391.058
373.278
355.801
338.804
322.431
306.792
291.955
277.96
264.818
252.517
241.033
230.331
220.369
211.105
202.493
194.491
187.057
180.151
173.738
167.782
162.254
157.123
152.363
147.95
143.86
140.073
136.569
133.329
130.337
127.577
125.033
122.692
120.539
118.563
116.752
115.094
113.579
112.196
110.936
109.79
108.749
107.806
106.952
106.181
105.486
104.86
104.298
103.794
103.343
102.941
102.582
102.262
101.978
101.727
101.505
101.308
101.135
100.983
100.849
100.732
100.63
100.54
100.462
100.393
100.334
100.282
100.236
100.196
100.161
100.13
100.102
100.077
100.054
100.032
100.01
391.53
374.673
358.06
341.838
326.129
311.031
296.613
282.917
269.966
257.762
246.295
235.542
225.477
216.067
207.278
199.075
191.424
184.293
177.648
171.461
165.701
160.344
155.365
150.739
146.445
142.463
138.773
135.358
132.2
129.284
126.594
124.116
121.837
119.743
117.822
116.063
114.454
112.985
111.646
110.428
109.322
108.318
107.41
106.589
105.849
105.183
104.584
104.047
103.567
103.137
102.755
102.414
102.111
101.843
101.606
101.396
101.212
101.049
100.907
100.782
100.672
100.577
100.493
100.42
100.357
100.301
100.252
100.21
100.172
100.139
100.109
100.082
100.057
100.034
100.011
391.924
375.841
359.958
344.399
329.269
314.655
300.621
287.215
274.462
262.375
250.952
240.185
230.054
220.539
211.612
203.248
195.419
188.096
181.253
174.863
168.901
163.343
158.165
153.347
148.868
144.707
140.847
137.27
133.959
130.898
128.073
125.467
123.069
120.864
118.84
116.985
115.289
113.738
112.325
111.038
109.869
108.808
107.848
106.98
106.197
105.492
104.858
104.29
103.781
103.326
102.921
102.56
102.239
101.955
101.704
101.481
101.286
101.113
100.962
100.83
100.713
100.612
100.523
100.446
100.379
100.32
100.268
100.223
100.183
100.148
100.116
100.087
100.061
100.036
100.012
392.257
376.827
361.565
346.576
331.95
317.765
304.082
290.947
278.391
266.431
255.073
244.316
234.151
224.561
215.531
207.038
199.061
191.578
184.565
177.999
171.859
166.123
160.77
155.779
151.132
146.809
142.793
139.067
135.615
132.42
129.468
126.744
124.235
121.926
119.806
117.861
116.081
114.455
112.971
111.619
110.391
109.276
108.266
107.353
106.529
105.788
105.121
104.522
103.986
103.507
103.08
102.7
102.362
102.062
101.797
101.563
101.357
101.175
101.015
100.876
100.753
100.646
100.552
100.471
100.4
100.337
100.283
100.235
100.193
100.156
100.122
100.092
100.064
100.038
100.013
392.539
377.664
362.933
348.434
334.248
320.444
307.078
294.196
281.829
270
258.719
247.99
237.811
228.174
219.065
210.471
202.374
194.756
187.599
180.882
174.586
168.693
163.183
158.038
153.239
148.77
144.612
140.75
137.168
133.85
130.781
127.947
125.334
122.929
120.718
118.69
116.832
115.134
113.584
112.171
110.887
109.721
108.664
107.709
106.846
106.069
105.371
104.744
104.182
103.68
103.232
102.834
102.479
102.165
101.887
101.641
101.425
101.234
101.066
100.92
100.791
100.679
100.58
100.495
100.42
100.355
100.297
100.247
100.203
100.164
100.129
100.097
100.067
100.04
100.013
392.779
378.38
364.104
350.03
336.227
322.759
309.679
297.029
284.842
273.141
261.943
251.255
241.079
231.413
222.248
213.574
205.38
197.651
190.371
183.524
177.093
171.062
165.413
160.13
155.196
150.593
146.307
142.321
138.62
135.189
132.012
129.077
126.368
123.873
121.578
119.472
117.542
115.776
114.163
112.694
111.356
110.142
109.042
108.046
107.147
106.337
105.608
104.954
104.369
103.845
103.377
102.961
102.591
102.263
101.972
101.716
101.489
101.29
101.115
100.962
100.827
100.71
100.607
100.517
100.439
100.371
100.311
100.259
100.212
100.171
100.135
100.101
100.071
100.042
100.014
392.986
378.994
365.111
351.404
337.937
324.766
311.941
299.503
287.484
275.908
264.795
254.155
243.994
234.313
225.109
216.375
208.102
200.28
192.897
185.939
179.391
173.239
167.468
162.062
157.006
152.284
147.882
143.783
139.974
136.439
133.163
130.134
127.337
124.759
122.386
120.207
118.209
116.381
114.71
113.187
111.8
110.541
109.399
108.365
107.432
106.591
105.834
105.154
104.546
104.001
103.515
103.082
102.697
102.356
102.054
101.787
101.551
101.344
101.162
101.002
100.862
100.739
100.633
100.539
100.458
100.387
100.324
100.27
100.221
100.179
100.14
100.106
100.074
100.043
100.014
393.164
379.524
365.979
352.592
339.418
326.51
313.914
301.667
289.803
278.347
267.318
256.73
246.592
236.908
227.677
218.897
210.562
202.664
195.194
188.141
181.492
175.235
169.356
163.841
158.677
153.848
149.34
145.14
141.232
137.602
134.237
131.121
128.243
125.588
123.143
120.897
118.836
116.949
115.224
113.651
112.218
110.916
109.736
108.667
107.701
106.831
106.047
105.344
104.713
104.149
103.645
103.197
102.798
102.444
102.131
101.854
101.61
101.395
101.206
101.04
100.895
100.768
100.657
100.56
100.475
100.401
100.337
100.28
100.23
100.186
100.146
100.11
100.076
100.045
100.015
393.317
379.981
366.731
353.622
340.705
328.029
315.635
303.562
291.84
280.496
269.549
259.016
248.906
239.226
229.98
221.166
212.781
204.822
197.279
190.144
183.408
177.059
171.086
165.475
160.214
155.289
150.688
146.395
142.398
138.682
135.234
132.04
129.087
126.361
123.85
121.542
119.422
117.481
115.706
114.086
112.611
111.269
110.053
108.951
107.955
107.057
106.248
105.522
104.871
104.289
103.769
103.305
102.893
102.528
102.204
101.918
101.665
101.443
101.248
101.076
100.926
100.795
100.68
100.58
100.492
100.416
100.349
100.29
100.238
100.192
100.151
100.114
100.079
100.047
100.015
393.451
380.378
367.383
354.516
341.825
329.353
317.141
305.224
293.632
282.391
271.523
261.043
250.965
241.296
232.041
223.203
214.78
206.77
199.166
191.963
185.152
178.724
172.667
166.972
161.625
156.615
151.929
147.553
143.475
139.681
136.158
132.893
129.871
127.081
124.509
122.143
119.97
117.978
116.157
114.494
112.978
111.6
110.35
109.217
108.193
107.269
106.437
105.69
105.02
104.42
103.885
103.408
102.983
102.607
102.273
101.978
101.718
101.489
101.287
101.11
100.955
100.82
100.702
100.598
100.508
100.429
100.36
100.299
100.246
100.198
100.156
100.117
100.082
100.048
100.016
393.566
380.722
367.95
355.295
342.801
330.51
318.459
306.682
295.208
284.063
273.268
262.842
252.796
243.142
233.885
225.03
216.578
208.526
200.872
193.611
186.736
180.238
174.109
168.339
162.917
157.831
153.069
148.619
144.469
140.604
137.013
133.682
130.598
127.749
125.121
122.702
120.479
118.442
116.577
114.874
113.322
111.91
110.628
109.466
108.416
107.468
106.615
105.848
105.16
104.544
103.994
103.504
103.068
102.681
102.338
102.035
101.767
101.532
101.324
101.143
100.983
100.844
100.722
100.616
100.523
100.442
100.37
100.308
100.253
100.204
100.161
100.121
100.084
100.05
100.016
393.667
381.022
368.444
355.974
343.654
331.522
319.614
307.962
296.595
285.538
274.812
264.436
254.424
244.787
235.533
226.667
218.192
210.107
202.411
195.101
188.171
181.614
175.422
169.586
164.097
158.943
154.114
149.598
145.382
141.453
137.801
134.41
131.27
128.366
125.687
123.22
120.952
118.872
116.968
115.228
113.642
112.198
110.887
109.699
108.624
107.654
106.781
105.995
105.291
104.66
104.097
103.594
103.147
102.75
102.399
102.088
101.814
101.572
101.359
101.173
101.009
100.866
100.741
100.632
100.537
100.453
100.38
100.316
100.26
100.21
100.165
100.124
100.086
100.051
100.017
393.754
381.284
368.875
356.567
344.4
332.408
320.627
309.086
297.815
286.838
276.177
265.849
255.87
246.252
237.003
228.131
219.639
211.528
203.798
196.446
189.469
182.86
176.613
170.72
165.172
159.959
155.07
150.494
146.219
142.233
138.525
135.081
131.889
128.936
126.211
123.699
121.39
119.271
117.33
115.557
113.939
112.466
111.128
109.915
108.818
107.828
106.935
106.133
105.413
104.768
104.192
103.679
103.222
102.816
102.456
102.138
101.857
101.61
101.392
101.201
101.034
100.888
100.76
100.648
100.55
100.465
100.39
100.324
100.266
100.215
100.169
100.127
100.089
100.052
100.017
393.831
381.512
369.251
357.086
345.052
333.184
321.515
310.075
298.89
287.986
277.384
267.101
257.154
247.555
238.314
229.439
220.934
212.802
205.044
197.657
190.64
183.987
177.693
171.75
166.15
160.884
155.941
151.312
146.985
142.948
139.189
135.697
132.458
129.461
126.693
124.141
121.794
119.64
117.666
115.861
114.214
112.715
111.352
110.117
108.999
107.989
107.079
106.261
105.527
104.869
104.281
103.757
103.291
102.877
102.509
102.185
101.898
101.645
101.423
101.228
101.057
100.907
100.777
100.662
100.562
100.475
100.399
100.332
100.272
100.22
100.173
100.13
100.091
100.053
100.018
393.898
381.712
369.58
357.539
345.623
333.865
322.295
310.944
299.837
288.999
278.45
268.209
258.293
248.713
239.482
230.607
222.093
213.944
206.163
198.747
191.696
185.005
178.669
172.682
167.037
161.724
156.734
152.058
147.683
143.6
139.797
136.261
132.98
129.943
127.136
124.548
122.166
119.979
117.975
116.142
114.468
112.944
111.559
110.303
109.166
108.139
107.213
106.38
105.632
104.963
104.364
103.83
103.355
102.933
102.559
102.228
101.936
101.678
101.452
101.253
101.078
100.926
100.792
100.676
100.574
100.485
100.407
100.339
100.278
100.225
100.176
100.133
100.093
100.055
100.018
393.956
381.886
369.868
357.936
346.123
334.461
322.98
311.708
300.67
289.891
279.391
269.19
259.302
249.742
240.521
231.647
223.128
214.966
207.165
199.725
192.645
185.922
179.55
173.525
167.839
162.485
157.454
152.736
148.32
144.196
140.352
136.776
133.458
130.384
127.543
124.921
122.508
120.292
118.259
116.4
114.703
113.156
111.75
110.475
109.32
108.277
107.336
106.49
105.73
105.05
104.441
103.898
103.415
102.986
102.605
102.268
101.971
101.709
101.478
101.276
101.098
100.943
100.807
100.688
100.585
100.494
100.415
100.345
100.283
100.229
100.18
100.135
100.094
100.056
100.018
394.007
382.039
370.12
358.284
346.562
334.985
323.582
312.38
301.404
290.678
280.223
270.057
260.196
250.655
241.444
232.574
224.05
215.879
208.063
200.602
193.498
186.746
180.344
174.285
168.565
163.175
158.106
153.351
148.898
144.737
140.857
137.246
133.894
130.787
127.914
125.263
122.822
120.578
118.521
116.638
114.918
113.351
111.927
110.633
109.463
108.404
107.45
106.592
105.821
105.13
104.512
103.961
103.471
103.035
102.648
102.306
102.004
101.737
101.503
101.297
101.117
100.959
100.821
100.7
100.595
100.503
100.422
100.351
100.288
100.233
100.183
100.138
100.096
100.057
100.019
394.052
382.172
370.34
358.588
346.946
335.444
324.11
312.97
302.05
291.372
280.957
270.823
260.987
251.464
242.264
233.397
224.872
216.693
208.864
201.387
194.262
187.486
181.057
174.97
169.219
163.797
158.696
153.907
149.421
145.228
141.316
137.674
134.291
131.154
128.253
125.575
123.108
120.84
118.76
116.855
115.116
113.53
112.088
110.779
109.593
108.522
107.555
106.685
105.904
105.204
104.578
104.019
103.522
103.08
102.688
102.34
102.034
101.764
101.526
101.317
101.134
100.974
100.834
100.711
100.604
100.51
100.428
100.356
100.293
100.236
100.186
100.14
100.097
100.057
100.019
394.091
382.289
370.534
358.855
347.283
335.847
324.573
313.489
302.618
291.983
281.604
271.5
261.687
252.18
242.991
234.129
225.603
217.419
209.58
202.088
194.945
188.149
181.697
175.585
169.807
164.357
159.228
154.41
149.895
145.672
141.732
138.062
134.651
131.488
128.562
125.859
123.369
121.079
118.978
117.054
115.297
113.694
112.236
110.913
109.714
108.63
107.652
106.772
105.981
105.272
104.639
104.073
103.569
103.121
102.724
102.372
102.062
101.788
101.547
101.336
101.15
100.988
100.846
100.721
100.613
100.518
100.435
100.362
100.297
100.24
100.189
100.142
100.099
100.058
100.019
394.125
382.391
370.703
359.089
347.578
336.2
324.98
313.945
303.117
292.52
282.174
272.097
262.305
252.814
243.635
234.778
226.252
218.064
210.217
202.714
195.556
188.742
182.27
176.136
170.335
164.861
159.707
154.864
150.323
146.074
142.108
138.413
134.978
131.791
128.842
126.118
123.607
121.297
119.177
117.236
115.462
113.844
112.372
111.035
109.824
108.728
107.74
106.851
106.051
105.335
104.694
104.122
103.612
103.159
102.758
102.402
102.088
101.811
101.567
101.353
101.165
101
100.856
100.731
100.621
100.524
100.44
100.366
100.301
100.243
100.191
100.144
100.1
100.059
100.02
394.155
382.481
370.851
359.293
347.837
336.51
325.337
314.345
303.556
292.993
282.676
272.623
262.851
253.374
244.205
235.353
226.829
218.637
210.784
203.271
196.101
189.272
182.783
176.63
170.809
165.314
160.137
155.271
150.707
146.436
142.447
138.73
135.273
132.066
129.096
126.352
123.822
121.495
119.358
117.401
115.612
113.98
112.495
111.146
109.924
108.818
107.821
106.923
106.116
105.392
104.745
104.167
103.652
103.194
102.788
102.429
102.111
101.831
101.585
101.368
101.178
101.012
100.866
100.739
100.628
100.531
100.446
100.371
100.305
100.246
100.193
100.146
100.101
100.06
100.02
394.182
382.559
370.98
359.472
348.063
336.781
325.65
314.696
303.942
293.409
283.118
273.087
263.332
253.869
244.708
235.862
227.339
219.146
211.287
203.766
196.586
189.744
183.24
177.071
171.233
165.719
160.523
155.637
151.053
146.762
142.753
139.016
135.54
132.313
129.325
126.564
124.017
121.674
119.522
117.551
115.748
114.104
112.607
111.248
110.015
108.901
107.895
106.989
106.175
105.445
104.791
104.208
103.688
103.226
102.817
102.454
102.133
101.85
101.601
101.383
101.191
101.023
100.876
100.747
100.635
100.536
100.45
100.375
100.308
100.249
100.195
100.147
100.103
100.06
100.02
394.205
382.628
371.093
359.629
348.262
337.019
325.925
315.004
304.28
293.775
283.507
273.495
263.756
254.305
245.153
236.312
227.791
219.596
211.733
204.206
197.017
190.164
183.648
177.465
171.611
166.081
160.868
155.965
151.363
147.054
143.027
139.273
135.78
132.536
129.532
126.755
124.193
121.836
119.671
117.686
115.872
114.216
112.709
111.34
110.098
108.975
107.962
107.049
106.228
105.492
104.834
104.246
103.722
103.256
102.842
102.476
102.153
101.867
101.616
101.396
101.202
101.032
100.884
100.754
100.641
100.542
100.455
100.378
100.311
100.251
100.197
100.149
100.104
100.061
100.02
394.225
382.688
371.192
359.766
348.435
337.227
326.165
315.274
304.577
294.095
283.848
273.854
264.13
254.689
245.545
236.709
228.19
219.994
212.129
204.596
197.399
190.538
184.01
177.815
171.948
166.404
161.176
156.258
151.641
147.316
143.274
139.504
135.995
132.737
129.718
126.927
124.352
121.982
119.805
117.809
115.984
114.318
112.801
111.423
110.174
109.043
108.022
107.103
106.277
105.535
104.872
104.28
103.752
103.282
102.866
102.497
102.171
101.883
101.63
101.408
101.212
101.041
100.892
100.761
100.647
100.546
100.459
100.382
100.314
100.253
100.199
100.15
100.104
100.062
100.02
394.242
382.74
371.279
359.886
348.587
337.408
326.375
315.51
304.837
294.376
284.148
274.169
264.457
255.027
245.89
237.059
228.542
220.346
212.478
204.941
197.738
190.869
184.332
178.127
172.248
166.692
161.451
156.52
151.889
147.55
143.494
139.71
136.188
132.917
129.885
127.082
124.495
122.113
119.925
117.919
116.085
114.41
112.885
111.498
110.242
109.104
108.077
107.152
106.321
105.575
104.907
104.311
103.779
103.307
102.887
102.516
102.187
101.898
101.643
101.418
101.222
101.05
100.899
100.767
100.652
100.551
100.462
100.385
100.316
100.255
100.201
100.151
100.105
100.062
100.021
394.257
382.786
371.354
359.99
348.72
337.568
326.559
315.717
305.065
294.623
284.41
274.446
264.745
255.324
246.194
237.367
228.852
220.657
212.787
205.246
198.038
191.162
184.618
178.403
172.515
166.947
161.696
156.753
152.11
147.759
143.691
139.895
136.361
133.078
130.035
127.221
124.623
122.231
120.034
118.019
116.175
114.492
112.96
111.566
110.303
109.16
108.127
107.197
106.361
105.61
104.939
104.339
103.804
103.328
102.906
102.532
102.202
101.911
101.654
101.428
101.23
101.057
100.905
100.772
100.656
100.555
100.466
100.388
100.319
100.257
100.202
100.152
100.106
100.063
100.021
394.271
382.825
371.42
360.082
348.835
337.706
326.72
315.898
305.264
294.838
284.64
274.688
264.998
255.585
246.461
237.638
229.125
220.93
213.059
205.516
198.303
191.421
184.87
178.648
172.751
167.174
161.913
156.96
152.306
147.945
143.866
140.059
136.515
133.222
130.169
127.345
124.738
122.337
120.131
118.108
116.257
114.567
113.027
111.627
110.358
109.209
108.172
107.237
106.396
105.642
104.967
104.364
103.826
103.348
102.924
102.548
102.216
101.922
101.664
101.437
101.238
101.064
100.911
100.777
100.661
100.558
100.469
100.39
100.321
100.259
100.204
100.153
100.107
100.063
100.021
394.282
382.86
371.478
360.161
348.936
337.828
326.86
316.056
305.438
295.027
284.841
274.9
265.219
255.813
246.695
237.876
229.365
221.171
213.298
205.753
198.536
191.65
185.093
178.864
172.96
167.375
162.105
157.143
152.481
148.11
144.022
140.206
136.652
133.35
130.288
127.456
124.84
122.432
120.218
118.187
116.329
114.633
113.087
111.682
110.408
109.254
108.212
107.273
106.429
105.671
104.993
104.387
103.847
103.366
102.94
102.562
102.228
101.933
101.673
101.445
101.245
101.07
100.916
100.782
100.664
100.562
100.472
100.393
100.323
100.261
100.205
100.154
100.107
100.063
100.021
394.292
382.89
371.528
360.231
349.024
337.933
326.982
316.194
305.59
295.191
285.017
275.086
265.413
256.013
246.9
238.084
229.576
221.382
213.509
205.961
198.742
191.851
185.289
179.055
173.144
167.553
162.276
157.306
152.636
148.257
144.16
140.336
136.774
133.464
130.395
127.554
124.932
122.516
120.295
118.259
116.395
114.692
113.141
111.731
110.452
109.294
108.248
107.306
106.458
105.697
105.016
104.407
103.865
103.382
102.954
102.574
102.239
101.943
101.682
101.453
101.251
101.075
100.921
100.786
100.668
100.565
100.474
100.395
100.324
100.262
100.206
100.155
100.108
100.064
100.021
394.301
382.917
371.571
360.291
349.101
338.025
327.089
316.314
305.722
295.335
285.171
275.248
265.582
256.188
247.079
238.267
229.76
221.567
213.694
206.144
198.922
192.028
185.462
179.223
173.307
167.71
162.426
157.449
152.772
148.386
144.283
140.452
136.883
133.565
130.489
127.642
125.013
122.591
120.365
118.322
116.453
114.745
113.19
111.775
110.492
109.33
108.28
107.335
106.484
105.72
105.037
104.426
103.881
103.397
102.967
102.585
102.248
101.951
101.689
101.459
101.257
101.08
100.925
100.79
100.671
100.567
100.476
100.396
100.326
100.263
100.207
100.156
100.109
100.064
100.021
394.309
382.94
371.609
360.343
349.167
338.105
327.181
316.418
305.837
295.46
285.304
275.389
265.729
256.341
247.236
238.426
229.921
221.729
213.855
206.305
199.081
192.184
185.615
179.371
173.45
167.848
162.558
157.576
152.893
148.501
144.391
140.554
136.979
133.655
130.573
127.72
125.085
122.658
120.426
118.379
116.504
114.793
113.233
111.814
110.527
109.362
108.309
107.36
106.507
105.741
105.055
104.442
103.896
103.41
102.978
102.595
102.257
101.959
101.696
101.465
101.262
101.085
100.929
100.793
100.674
100.57
100.478
100.398
100.327
100.264
100.208
100.156
100.109
100.064
100.021
394.316
382.959
371.642
360.389
349.225
338.175
327.262
316.509
305.938
295.568
285.421
275.512
265.858
256.474
247.373
238.566
230.062
221.871
213.997
206.445
199.219
192.32
185.748
179.501
173.576
167.969
162.675
157.688
152.999
148.602
144.487
140.644
137.063
133.734
130.647
127.789
125.149
122.717
120.48
118.429
116.55
114.835
113.271
111.849
110.559
109.39
108.335
107.383
106.528
105.76
105.072
104.457
103.909
103.421
102.988
102.604
102.265
101.966
101.702
101.47
101.267
101.089
100.932
100.796
100.676
100.572
100.48
100.4
100.329
100.265
100.209
100.157
100.109
100.065
100.021
394.321
382.977
371.671
360.428
349.275
338.235
327.332
316.588
306.025
295.663
285.522
275.619
265.97
256.59
247.492
238.687
230.185
221.994
214.12
206.568
199.341
192.44
185.865
179.614
173.686
168.075
162.777
157.786
153.093
148.691
144.571
140.723
137.138
133.804
130.712
127.849
125.206
122.769
120.529
118.473
116.591
114.872
113.305
111.88
110.587
109.416
108.358
107.404
106.546
105.776
105.086
104.47
103.921
103.432
102.997
102.613
102.272
101.972
101.708
101.475
101.271
101.092
100.935
100.798
100.679
100.574
100.482
100.401
100.33
100.266
100.209
100.158
100.11
100.065
100.021
394.326
382.992
371.695
360.463
349.319
338.287
327.392
316.656
306.1
295.745
285.61
275.712
266.067
256.691
247.596
238.793
230.292
222.102
214.228
206.675
199.447
192.544
185.967
179.714
173.783
168.169
162.867
157.872
153.175
148.769
144.645
140.793
137.204
133.866
130.77
127.903
125.255
122.815
120.571
118.512
116.627
114.905
113.335
111.907
110.611
109.438
108.378
107.422
106.562
105.791
105.099
104.482
103.931
103.441
103.005
102.62
102.279
101.978
101.712
101.479
101.275
101.095
100.938
100.801
100.681
100.575
100.483
100.402
100.331
100.267
100.21
100.158
100.11
100.065
100.021
394.331
383.005
371.717
360.492
349.356
338.333
327.445
316.715
306.166
295.816
285.686
275.792
266.152
256.778
247.686
238.885
230.386
222.196
214.322
206.769
199.539
192.635
186.056
179.801
173.867
168.25
162.946
157.947
153.247
148.837
144.709
140.854
137.261
133.92
130.82
127.95
125.299
122.856
120.609
118.547
116.659
114.934
113.361
111.931
110.633
109.458
108.396
107.438
106.577
105.804
105.111
104.492
103.94
103.449
103.013
102.626
102.284
101.982
101.717
101.483
101.278
101.098
100.941
100.803
100.682
100.577
100.485
100.403
100.332
100.268
100.211
100.159
100.11
100.065
100.022
394.334
383.016
371.735
360.518
349.389
338.372
327.49
316.766
306.222
295.878
285.752
275.862
266.225
256.854
247.764
238.965
230.466
222.277
214.404
206.85
199.62
192.714
186.133
179.876
173.94
168.321
163.014
158.013
153.31
148.897
144.766
140.908
137.312
133.968
130.865
127.992
125.338
122.891
120.642
118.577
116.687
114.959
113.385
111.953
110.653
109.475
108.412
107.453
106.59
105.815
105.121
104.501
103.948
103.456
103.019
102.632
102.289
101.987
101.72
101.486
101.281
101.101
100.943
100.805
100.684
100.578
100.486
100.404
100.332
100.268
100.211
100.159
100.111
100.065
100.022
394.338
383.025
371.751
360.54
349.417
338.405
327.529
316.811
306.271
295.931
285.809
275.922
266.288
256.92
247.831
239.034
230.537
222.348
214.474
206.92
199.689
192.783
186.201
179.942
174.004
168.383
163.074
158.07
153.364
148.949
144.816
140.955
137.356
134.009
130.903
128.028
125.371
122.923
120.671
118.604
116.711
114.982
113.405
111.971
110.67
109.491
108.426
107.465
106.601
105.825
105.13
104.509
103.955
103.462
103.025
102.637
102.293
101.991
101.724
101.489
101.283
101.103
100.945
100.806
100.685
100.58
100.487
100.405
100.333
100.269
100.212
100.159
100.111
100.065
100.022
394.34
383.034
371.765
360.559
349.441
338.435
327.563
316.849
306.313
295.977
285.858
275.975
266.343
256.977
247.89
239.093
230.597
222.409
214.536
206.981
199.75
192.843
186.26
180
174.06
168.437
163.126
158.12
153.412
148.995
144.859
140.996
137.394
134.045
130.937
128.06
125.401
122.95
120.696
118.627
116.732
115.001
113.423
111.988
110.685
109.504
108.438
107.476
106.611
105.834
105.138
104.516
103.962
103.468
103.03
102.641
102.297
101.994
101.727
101.492
101.286
101.105
100.946
100.808
100.687
100.581
100.488
100.406
100.334
100.27
100.212
100.16
100.111
100.066
100.022
394.343
383.041
371.777
360.575
349.462
338.46
327.592
316.882
306.35
296.016
285.9
276.02
266.39
257.026
247.94
239.145
230.65
222.462
214.589
207.034
199.802
192.894
186.31
180.049
174.108
168.484
163.171
158.163
153.454
149.034
144.897
141.031
137.428
134.077
130.967
128.087
125.427
122.974
120.718
118.647
116.751
115.019
113.439
112.002
110.698
109.516
108.449
107.486
106.62
105.842
105.145
104.523
103.967
103.473
103.034
102.645
102.301
101.997
101.729
101.494
101.288
101.106
100.948
100.809
100.688
100.582
100.488
100.407
100.334
100.27
100.212
100.16
100.111
100.066
100.022
394.345
383.047
371.787
360.59
349.48
338.481
327.617
316.91
306.381
296.05
285.937
276.058
266.43
257.068
247.984
239.19
230.695
222.508
214.634
207.08
199.848
192.939
186.354
180.092
174.15
168.524
163.21
158.201
153.49
149.069
144.929
141.062
137.457
134.104
130.993
128.111
125.449
122.995
120.737
118.665
116.768
115.034
113.453
112.015
110.709
109.527
108.458
107.494
106.627
105.849
105.151
104.528
103.972
103.477
103.038
102.648
102.304
102
101.732
101.496
101.289
101.108
100.949
100.81
100.689
100.582
100.489
100.407
100.335
100.27
100.213
100.16
100.112
100.066
100.022
394.346
383.052
371.796
360.602
349.495
338.5
327.639
316.934
306.408
296.08
285.968
276.092
266.465
257.104
248.021
239.228
230.734
222.547
214.674
207.119
199.887
192.977
186.392
180.129
174.186
168.559
163.244
158.233
153.521
149.098
144.958
141.089
137.483
134.128
131.015
128.132
125.469
123.013
120.754
118.681
116.782
115.047
113.465
112.026
110.719
109.536
108.466
107.502
106.634
105.855
105.157
104.533
103.976
103.481
103.041
102.651
102.306
102.002
101.734
101.498
101.291
101.109
100.95
100.811
100.69
100.583
100.49
100.408
100.335
100.271
100.213
100.16
100.112
100.066
100.022
394.348
383.057
371.803
360.612
349.508
338.516
327.657
316.955
306.431
296.105
285.995
276.12
266.495
257.135
248.053
239.261
230.767
222.581
214.708
207.153
199.92
193.011
186.425
180.161
174.217
168.59
163.273
158.261
153.548
149.124
144.982
141.112
137.505
134.149
131.034
128.15
125.486
123.029
120.769
118.694
116.794
115.058
113.475
112.035
110.728
109.543
108.473
107.508
106.64
105.86
105.161
104.537
103.98
103.484
103.044
102.654
102.309
102.004
101.735
101.499
101.292
101.11
100.951
100.812
100.69
100.584
100.49
100.408
100.336
100.271
100.213
100.16
100.112
100.066
100.022
394.349
383.06
371.809
360.621
349.52
338.529
327.673
316.973
306.451
296.126
286.018
276.145
266.521
257.162
248.081
239.289
230.796
222.61
214.737
207.182
199.949
193.039
186.453
180.189
174.244
168.616
163.298
158.286
153.571
149.146
145.003
141.132
137.524
134.167
131.051
128.166
125.5
123.042
120.781
118.706
116.805
115.068
113.484
112.043
110.735
109.55
108.479
107.514
106.645
105.865
105.166
104.541
103.983
103.487
103.047
102.656
102.311
102.006
101.737
101.501
101.293
101.111
100.952
100.813
100.691
100.584
100.491
100.409
100.336
100.271
100.213
100.161
100.112
100.066
100.022
394.35
383.064
371.815
360.628
349.529
338.541
327.686
316.988
306.468
296.145
286.038
276.166
266.543
257.185
248.105
239.313
230.82
222.635
214.762
207.207
199.974
193.064
186.477
180.212
174.267
168.638
163.32
158.306
153.591
149.166
145.021
141.15
137.54
134.182
131.066
128.18
125.513
123.054
120.792
118.716
116.814
115.077
113.492
112.05
110.742
109.556
108.485
107.519
106.649
105.868
105.169
104.544
103.986
103.49
103.049
102.658
102.312
102.007
101.738
101.502
101.294
101.112
100.953
100.814
100.692
100.585
100.491
100.409
100.336
100.272
100.214
100.161
100.112
100.066
100.022
394.351
383.067
371.819
360.635
349.537
338.551
327.698
317.001
306.482
296.16
286.055
276.183
266.562
257.205
248.125
239.334
230.842
222.656
214.783
207.229
199.995
193.085
186.498
180.233
174.287
168.657
163.338
158.324
153.608
149.182
145.037
141.164
137.554
134.195
131.078
128.191
125.524
123.064
120.802
118.725
116.822
115.084
113.499
112.057
110.747
109.561
108.49
107.523
106.653
105.872
105.172
104.547
103.989
103.492
103.051
102.66
102.314
102.009
101.74
101.503
101.295
101.113
100.954
100.814
100.692
100.585
100.492
100.409
100.336
100.272
100.214
100.161
100.112
100.066
100.022
394.352
383.069
371.823
360.64
349.544
338.559
327.708
317.012
306.494
296.174
286.069
276.199
266.578
257.221
248.142
239.352
230.86
222.674
214.801
207.247
200.013
193.103
186.515
180.25
174.304
168.674
163.354
158.34
153.623
149.196
145.051
141.177
137.566
134.207
131.089
128.201
125.533
123.073
120.81
118.732
116.829
115.09
113.505
112.062
110.752
109.566
108.494
107.526
106.656
105.875
105.175
104.549
103.991
103.494
103.052
102.661
102.315
102.01
101.741
101.504
101.296
101.114
100.954
100.815
100.693
100.586
100.492
100.409
100.337
100.272
100.214
100.161
100.112
100.066
100.022
394.353
383.071
371.827
360.645
349.55
338.566
327.716
317.022
306.505
296.185
286.081
276.212
266.591
257.235
248.157
239.367
230.875
222.689
214.817
207.262
200.029
193.118
186.531
180.265
174.319
168.688
163.368
158.353
153.636
149.208
145.062
141.188
137.576
134.217
131.098
128.21
125.541
123.081
120.817
118.739
116.835
115.096
113.51
112.067
110.756
109.57
108.497
107.53
106.659
105.877
105.177
104.551
103.993
103.495
103.054
102.662
102.316
102.011
101.741
101.505
101.297
101.114
100.955
100.815
100.693
100.586
100.492
100.41
100.337
100.272
100.214
100.161
100.112
100.066
100.022
394.353
383.073
371.83
360.649
349.555
338.572
327.723
317.03
306.514
296.195
286.092
276.223
266.603
257.248
248.169
239.379
230.888
222.703
214.83
207.276
200.042
193.131
186.543
180.277
174.331
168.7
163.38
158.364
153.646
149.218
145.072
141.197
137.585
134.225
131.106
128.217
125.548
123.087
120.823
118.744
116.84
115.101
113.514
112.071
110.76
109.573
108.5
107.532
106.661
105.88
105.179
104.553
103.994
103.497
103.055
102.664
102.317
102.012
101.742
101.505
101.297
101.115
100.955
100.815
100.693
100.586
100.492
100.41
100.337
100.272
100.214
100.161
100.112
100.066
100.022
394.354
383.074
371.832
360.652
349.56
338.577
327.729
317.036
306.521
296.203
286.101
276.232
266.613
257.258
248.18
239.39
230.899
222.714
214.842
207.287
200.053
193.142
186.554
180.288
174.341
168.71
163.39
158.374
153.655
149.227
145.08
141.205
137.593
134.232
131.113
128.224
125.554
123.092
120.828
118.749
116.845
115.105
113.518
112.074
110.763
109.576
108.503
107.535
106.664
105.881
105.181
104.554
103.995
103.498
103.056
102.665
102.318
102.012
101.743
101.506
101.298
101.115
100.956
100.816
100.693
100.586
100.493
100.41
100.337
100.272
100.214
100.161
100.112
100.066
100.022
394.354
383.075
371.834
360.655
349.563
338.582
327.734
317.042
306.527
296.21
286.108
276.24
266.621
257.266
248.189
239.399
230.908
222.723
214.851
207.297
200.063
193.152
186.564
180.297
174.35
168.719
163.398
158.382
153.663
149.235
145.087
141.212
137.599
134.238
131.118
128.229
125.559
123.097
120.832
118.753
116.849
115.108
113.521
112.077
110.766
109.578
108.505
107.537
106.665
105.883
105.182
104.556
103.997
103.499
103.057
102.665
102.319
102.013
101.743
101.506
101.298
101.116
100.956
100.816
100.694
100.587
100.493
100.41
100.337
100.272
100.214
100.161
100.112
100.066
100.022
394.355
383.076
371.836
360.658
349.566
338.585
327.738
317.047
306.533
296.216
286.114
276.247
266.628
257.274
248.196
239.407
230.916
222.731
214.859
207.305
200.071
193.16
186.571
180.305
174.358
168.726
163.405
158.389
153.67
149.241
145.094
141.218
137.605
134.243
131.123
128.234
125.563
123.101
120.836
118.756
116.852
115.111
113.524
112.079
110.768
109.58
108.507
107.538
106.667
105.884
105.183
104.557
103.998
103.5
103.058
102.666
102.319
102.013
101.744
101.507
101.299
101.116
100.956
100.816
100.694
100.587
100.493
100.41
100.337
100.273
100.214
100.161
100.112
100.066
100.022
394.355
383.077
371.837
360.66
349.569
338.589
327.742
317.051
306.537
296.22
286.12
276.252
266.634
257.28
248.203
239.414
230.923
222.738
214.866
207.311
200.078
193.166
186.578
180.312
174.364
168.732
163.411
158.394
153.675
149.246
145.099
141.223
137.609
134.248
131.127
128.238
125.567
123.105
120.839
118.759
116.854
115.114
113.526
112.081
110.77
109.582
108.508
107.54
106.668
105.886
105.184
104.558
103.998
103.501
103.059
102.667
102.32
102.014
101.744
101.507
101.299
101.116
100.956
100.817
100.694
100.587
100.493
100.41
100.337
100.273
100.214
100.161
100.112
100.066
100.022
394.355
383.078
371.839
360.661
349.571
338.591
327.745
317.054
306.541
296.225
286.124
276.257
266.639
257.285
248.208
239.419
230.928
222.744
214.872
207.317
200.083
193.172
186.584
180.317
174.37
168.738
163.416
158.399
153.68
149.251
145.103
141.227
137.613
134.251
131.131
128.241
125.57
123.107
120.842
118.762
116.857
115.116
113.528
112.083
110.772
109.583
108.509
107.541
106.669
105.887
105.185
104.558
103.999
103.501
103.059
102.667
102.32
102.014
101.745
101.507
101.299
101.117
100.957
100.817
100.694
100.587
100.493
100.411
100.338
100.273
100.214
100.161
100.112
100.066
100.022
394.355
383.079
371.84
360.663
349.573
338.593
327.747
317.057
306.544
296.228
286.128
276.261
266.643
257.289
248.212
239.424
230.933
222.748
214.876
207.322
200.088
193.177
186.588
180.322
174.374
168.742
163.42
158.403
153.684
149.255
145.107
141.23
137.616
134.254
131.134
128.244
125.573
123.11
120.844
118.764
116.859
115.117
113.529
112.085
110.773
109.585
108.511
107.542
106.67
105.887
105.186
104.559
104
103.502
103.06
102.668
102.321
102.015
101.745
101.508
101.299
101.117
100.957
100.817
100.694
100.587
100.493
100.411
100.338
100.273
100.214
100.161
100.112
100.066
100.022
394.356
383.079
371.84
360.664
349.574
338.595
327.749
317.06
306.547
296.231
286.131
276.264
266.647
257.293
248.216
239.428
230.937
222.752
214.88
207.326
200.092
193.181
186.592
180.325
174.378
168.746
163.424
158.407
153.687
149.258
145.11
141.233
137.619
134.257
131.136
128.246
125.575
123.112
120.846
118.766
116.86
115.119
113.531
112.086
110.774
109.586
108.512
107.543
106.671
105.888
105.187
104.56
104
103.502
103.06
102.668
102.321
102.015
101.745
101.508
101.3
101.117
100.957
100.817
100.694
100.587
100.493
100.411
100.338
100.273
100.214
100.161
100.113
100.066
100.022
394.356
383.08
371.841
360.665
349.575
338.597
327.751
317.062
306.549
296.233
286.133
276.267
266.649
257.296
248.219
239.431
230.94
222.756
214.884
207.329
200.095
193.184
186.595
180.329
174.381
168.749
163.427
158.41
153.69
149.26
145.112
141.236
137.621
134.259
131.138
128.248
125.576
123.113
120.847
118.767
116.862
115.12
113.532
112.087
110.775
109.587
108.512
107.543
106.672
105.889
105.187
104.56
104.001
103.503
103.06
102.668
102.321
102.015
101.745
101.508
101.3
101.117
100.957
100.817
100.695
100.587
100.493
100.411
100.338
100.273
100.214
100.161
100.113
100.066
100.022
394.356
383.08
371.842
360.666
349.576
338.598
327.753
317.063
306.551
296.235
286.135
276.269
266.652
257.298
248.222
239.433
230.943
222.758
214.886
207.332
200.098
193.187
186.598
180.331
174.383
168.751
163.429
158.412
153.692
149.263
145.114
141.238
137.623
134.261
131.14
128.249
125.578
123.115
120.849
118.768
116.863
115.121
113.533
112.088
110.776
109.587
108.513
107.544
106.672
105.889
105.188
104.56
104.001
103.503
103.061
102.668
102.322
102.015
101.746
101.508
101.3
101.117
100.957
100.817
100.695
100.587
100.493
100.411
100.338
100.273
100.215
100.162
100.113
100.066
100.022
394.356
383.08
371.842
360.666
349.577
338.599
327.754
317.064
306.552
296.237
286.137
276.271
266.654
257.3
248.224
239.435
230.945
222.76
214.889
207.334
200.1
193.189
186.6
180.333
174.385
168.753
163.431
158.414
153.694
149.264
145.116
141.239
137.625
134.262
131.141
128.251
125.579
123.116
120.85
118.769
116.864
115.122
113.534
112.089
110.776
109.588
108.514
107.545
106.673
105.89
105.188
104.561
104.001
103.503
103.061
102.669
102.322
102.015
101.746
101.508
101.3
101.117
100.957
100.817
100.695
100.587
100.493
100.411
100.338
100.273
100.215
100.162
100.113
100.066
100.022
394.356
383.08
371.842
360.667
349.578
338.6
327.755
317.065
306.553
296.238
286.138
276.272
266.655
257.302
248.225
239.437
230.947
222.762
214.89
207.336
200.102
193.191
186.602
180.335
174.387
168.755
163.433
158.415
153.696
149.266
145.117
141.24
137.626
134.264
131.142
128.252
125.58
123.117
120.85
118.77
116.864
115.123
113.534
112.089
110.777
109.588
108.514
107.545
106.673
105.89
105.188
104.561
104.002
103.503
103.061
102.669
102.322
102.016
101.746
101.508
101.3
101.117
100.957
100.817
100.695
100.588
100.493
100.411
100.338
100.273
100.215
100.162
100.113
100.066
100.022
394.356
383.081
371.843
360.667
349.578
338.6
327.755
317.066
306.554
296.239
286.139
276.273
266.656
257.303
248.227
239.438
230.948
222.763
214.892
207.337
200.103
193.192
186.603
180.336
174.388
168.756
163.434
158.416
153.697
149.267
145.118
141.241
137.627
134.264
131.143
128.252
125.581
123.117
120.851
118.771
116.865
115.123
113.535
112.089
110.777
109.589
108.514
107.545
106.673
105.89
105.189
104.561
104.002
103.504
103.061
102.669
102.322
102.016
101.746
101.508
101.3
101.117
100.957
100.817
100.695
100.588
100.494
100.411
100.338
100.273
100.215
100.162
100.113
100.066
100.022
394.356
383.081
371.843
360.668
349.579
338.601
327.756
317.067
306.555
296.24
286.14
276.274
266.657
257.304
248.228
239.439
230.949
222.764
214.893
207.338
200.104
193.193
186.604
180.337
174.389
168.757
163.435
158.417
153.698
149.268
145.119
141.242
137.628
134.265
131.144
128.253
125.581
123.118
120.852
118.771
116.865
115.123
113.535
112.09
110.778
109.589
108.515
107.545
106.673
105.89
105.189
104.561
104.002
103.504
103.061
102.669
102.322
102.016
101.746
101.509
101.3
101.117
100.957
100.817
100.695
100.588
100.494
100.411
100.338
100.273
100.215
100.162
100.113
100.066
100.022
394.356
383.081
371.843
360.668
349.579
338.601
327.756
317.067
306.555
296.24
286.141
276.275
266.658
257.304
248.228
239.44
230.949
222.765
214.893
207.339
200.105
193.193
186.605
180.338
174.39
168.757
163.435
158.418
153.698
149.268
145.119
141.243
137.628
134.265
131.144
128.253
125.582
123.118
120.852
118.771
116.865
115.124
113.535
112.09
110.778
109.589
108.515
107.546
106.673
105.89
105.189
104.561
104.002
103.504
103.061
102.669
102.322
102.016
101.746
101.509
101.3
101.117
100.957
100.817
100.695
100.588
100.494
100.411
100.338
100.273
100.215
100.162
100.113
100.066
100.022
394.356
383.081
371.843
360.668
349.579
338.601
327.756
317.067
306.555
296.24
286.141
276.275
266.658
257.305
248.228
239.44
230.95
222.765
214.893
207.339
200.105
193.194
186.605
180.338
174.39
168.758
163.436
158.418
153.698
149.268
145.12
141.243
137.628
134.266
131.144
128.253
125.582
123.118
120.852
118.771
116.866
115.124
113.535
112.09
110.778
109.589
108.515
107.546
106.674
105.89
105.189
104.562
104.002
103.504
103.061
102.669
102.322
102.016
101.746
101.509
101.3
101.117
100.957
100.817
100.695
100.588
100.494
100.411
100.338
100.273
100.215
100.162
100.113
100.066
100.022
394.356
383.081
371.843
360.668
349.579
338.601
327.756
317.067
306.555
296.24
286.141
276.275
266.658
257.305
248.228
239.44
230.95
222.765
214.893
207.339
200.105
193.194
186.605
180.338
174.39
168.758
163.436
158.418
153.698
149.268
145.12
141.243
137.628
134.266
131.144
128.253
125.582
123.118
120.852
118.771
116.866
115.124
113.535
112.09
110.778
109.589
108.515
107.546
106.674
105.89
105.189
104.562
104.002
103.504
103.061
102.669
102.322
102.016
101.746
101.509
101.3
101.117
100.957
100.817
100.695
100.588
100.494
100.411
100.338
100.273
100.215
100.162
100.113
100.066
100.022
394.356
383.081
371.843
360.668
349.579
338.601
327.756
317.067
306.555
296.24
286.141
276.275
266.658
257.304
248.228
239.44
230.949
222.765
214.893
207.339
200.105
193.193
186.605
180.338
174.39
168.757
163.435
158.418
153.698
149.268
145.119
141.243
137.628
134.265
131.144
128.253
125.582
123.118
120.852
118.771
116.865
115.124
113.535
112.09
110.778
109.589
108.515
107.546
106.673
105.89
105.189
104.561
104.002
103.504
103.061
102.669
102.322
102.016
101.746
101.509
101.3
101.117
100.957
100.817
100.695
100.588
100.494
100.411
100.338
100.273
100.215
100.162
100.113
100.066
100.022
394.356
383.081
371.843
360.668
349.579
338.601
327.756
317.067
306.555
296.24
286.14
276.274
266.657
257.304
248.228
239.439
230.949
222.764
214.893
207.338
200.104
193.193
186.604
180.337
174.389
168.757
163.435
158.417
153.698
149.268
145.119
141.242
137.628
134.265
131.144
128.253
125.581
123.118
120.852
118.771
116.865
115.123
113.535
112.09
110.778
109.589
108.515
107.545
106.673
105.89
105.189
104.561
104.002
103.504
103.061
102.669
102.322
102.016
101.746
101.509
101.3
101.117
100.957
100.817
100.695
100.588
100.494
100.411
100.338
100.273
100.215
100.162
100.113
100.066
100.022
394.356
383.081
371.843
360.667
349.578
338.6
327.755
317.066
306.554
296.239
286.139
276.273
266.656
257.303
248.227
239.438
230.948
222.763
214.892
207.337
200.103
193.192
186.603
180.336
174.388
168.756
163.434
158.416
153.697
149.267
145.118
141.241
137.627
134.264
131.143
128.252
125.581
123.117
120.851
118.771
116.865
115.123
113.535
112.089
110.777
109.589
108.514
107.545
106.673
105.89
105.189
104.561
104.002
103.504
103.061
102.669
102.322
102.016
101.746
101.508
101.3
101.117
100.957
100.817
100.695
100.588
100.494
100.411
100.338
100.273
100.215
100.162
100.113
100.066
100.022
394.356
383.08
371.842
360.667
349.578
338.6
327.755
317.065
306.553
296.238
286.138
276.272
266.655
257.302
248.225
239.437
230.947
222.762
214.89
207.336
200.102
193.191
186.602
180.335
174.387
168.755
163.433
158.415
153.696
149.266
145.117
141.24
137.626
134.264
131.142
128.252
125.58
123.117
120.85
118.77
116.864
115.123
113.534
112.089
110.777
109.588
108.514
107.545
106.673
105.89
105.188
104.561
104.002
103.503
103.061
102.669
102.322
102.016
101.746
101.508
101.3
101.117
100.957
100.817
100.695
100.588
100.493
100.411
100.338
100.273
100.215
100.162
100.113
100.066
100.022
394.356
383.08
371.842
360.666
349.577
338.599
327.754
317.064
306.552
296.237
286.137
276.271
266.654
257.3
248.224
239.435
230.945
222.76
214.889
207.334
200.1
193.189
186.6
180.333
174.385
168.753
163.431
158.414
153.694
149.264
145.116
141.239
137.625
134.262
131.141
128.251
125.579
123.116
120.85
118.769
116.864
115.122
113.534
112.089
110.776
109.588
108.514
107.545
106.673
105.89
105.188
104.561
104.001
103.503
103.061
102.669
102.322
102.015
101.746
101.508
101.3
101.117
100.957
100.817
100.695
100.587
100.493
100.411
100.338
100.273
100.215
100.162
100.113
100.066
100.022
394.356
383.08
371.842
360.666
349.576
338.598
327.753
317.063
306.551
296.235
286.135
276.269
266.652
257.298
248.222
239.433
230.943
222.758
214.886
207.332
200.098
193.187
186.598
180.331
174.383
168.751
163.429
158.412
153.692
149.263
145.114
141.238
137.623
134.261
131.14
128.249
125.578
123.115
120.849
118.768
116.863
115.121
113.533
112.088
110.776
109.587
108.513
107.544
106.672
105.889
105.188
104.56
104.001
103.503
103.061
102.668
102.322
102.015
101.746
101.508
101.3
101.117
100.957
100.817
100.695
100.587
100.493
100.411
100.338
100.273
100.215
100.162
100.113
100.066
100.022
394.356
383.08
371.841
360.665
349.575
338.597
327.751
317.062
306.549
296.233
286.133
276.267
266.649
257.296
248.219
239.431
230.94
222.756
214.884
207.329
200.095
193.184
186.595
180.329
174.381
168.749
163.427
158.41
153.69
149.26
145.112
141.236
137.621
134.259
131.138
128.248
125.576
123.113
120.847
118.767
116.862
115.12
113.532
112.087
110.775
109.587
108.512
107.543
106.672
105.889
105.187
104.56
104.001
103.503
103.06
102.668
102.321
102.015
101.745
101.508
101.3
101.117
100.957
100.817
100.695
100.587
100.493
100.411
100.338
100.273
100.214
100.161
100.113
100.066
100.022
394.356
383.079
371.84
360.664
349.574
338.595
327.749
317.06
306.547
296.231
286.131
276.264
266.647
257.293
248.216
239.428
230.937
222.752
214.88
207.326
200.092
193.181
186.592
180.325
174.378
168.746
163.424
158.407
153.687
149.258
145.11
141.233
137.619
134.257
131.136
128.246
125.575
123.112
120.846
118.766
116.86
115.119
113.531
112.086
110.774
109.586
108.512
107.543
106.671
105.888
105.187
104.56
104
103.502
103.06
102.668
102.321
102.015
101.745
101.508
101.3
101.117
100.957
100.817
100.694
100.587
100.493
100.411
100.338
100.273
100.214
100.161
100.113
100.066
100.022
394.355
383.079
371.84
360.663
349.573
338.593
327.747
317.057
306.544
296.228
286.128
276.261
266.643
257.289
248.212
239.424
230.933
222.748
214.876
207.322
200.088
193.177
186.588
180.322
174.374
168.742
163.42
158.403
153.684
149.255
145.107
141.23
137.616
134.254
131.134
128.244
125.573
123.11
120.844
118.764
116.859
115.117
113.529
112.085
110.773
109.585
108.511
107.542
106.67
105.887
105.186
104.559
104
103.502
103.06
102.668
102.321
102.015
101.745
101.508
101.299
101.117
100.957
100.817
100.694
100.587
100.493
100.411
100.338
100.273
100.214
100.161
100.112
100.066
100.022
394.355
383.078
371.839
360.661
349.571
338.591
327.745
317.054
306.541
296.225
286.124
276.257
266.639
257.285
248.208
239.419
230.928
222.744
214.872
207.317
200.083
193.172
186.584
180.317
174.37
168.738
163.416
158.399
153.68
149.251
145.103
141.227
137.613
134.251
131.131
128.241
125.57
123.107
120.842
118.762
116.857
115.116
113.528
112.083
110.772
109.583
108.509
107.541
106.669
105.887
105.185
104.558
103.999
103.501
103.059
102.667
102.32
102.014
101.745
101.507
101.299
101.117
100.957
100.817
100.694
100.587
100.493
100.411
100.338
100.273
100.214
100.161
100.112
100.066
100.022
394.355
383.077
371.837
360.66
349.569
338.589
327.742
317.051
306.537
296.22
286.12
276.252
266.634
257.28
248.203
239.414
230.923
222.738
214.866
207.311
200.078
193.166
186.578
180.312
174.364
168.732
163.411
158.394
153.675
149.246
145.099
141.223
137.609
134.248
131.127
128.238
125.567
123.105
120.839
118.759
116.854
115.114
113.526
112.081
110.77
109.582
108.508
107.54
106.668
105.886
105.184
104.558
103.998
103.501
103.059
102.667
102.32
102.014
101.744
101.507
101.299
101.116
100.956
100.817
100.694
100.587
100.493
100.41
100.337
100.273
100.214
100.161
100.112
100.066
100.022
394.355
383.076
371.836
360.658
349.566
338.585
327.738
317.047
306.533
296.216
286.114
276.247
266.628
257.274
248.196
239.407
230.916
222.731
214.859
207.305
200.071
193.16
186.571
180.305
174.358
168.726
163.405
158.389
153.67
149.241
145.094
141.218
137.605
134.243
131.123
128.234
125.563
123.101
120.836
118.756
116.852
115.111
113.524
112.079
110.768
109.58
108.507
107.538
106.667
105.884
105.183
104.557
103.998
103.5
103.058
102.666
102.319
102.013
101.744
101.507
101.299
101.116
100.956
100.816
100.694
100.587
100.493
100.41
100.337
100.273
100.214
100.161
100.112
100.066
100.022
394.354
383.075
371.834
360.655
349.563
338.582
327.734
317.042
306.527
296.21
286.108
276.24
266.621
257.266
248.189
239.399
230.908
222.723
214.851
207.297
200.063
193.152
186.564
180.297
174.35
168.719
163.398
158.382
153.663
149.235
145.087
141.212
137.599
134.238
131.118
128.229
125.559
123.097
120.832
118.753
116.849
115.108
113.521
112.077
110.766
109.578
108.505
107.537
106.665
105.883
105.182
104.556
103.997
103.499
103.057
102.665
102.319
102.013
101.743
101.506
101.298
101.116
100.956
100.816
100.694
100.587
100.493
100.41
100.337
100.272
100.214
100.161
100.112
100.066
100.022
394.354
383.074
371.832
360.652
349.56
338.577
327.729
317.036
306.521
296.203
286.101
276.232
266.613
257.258
248.18
239.39
230.899
222.714
214.842
207.287
200.053
193.142
186.554
180.288
174.341
168.71
163.39
158.374
153.655
149.227
145.08
141.205
137.593
134.232
131.113
128.224
125.554
123.092
120.828
118.749
116.845
115.105
113.518
112.074
110.763
109.576
108.503
107.535
106.664
105.881
105.181
104.554
103.995
103.498
103.056
102.665
102.318
102.012
101.743
101.506
101.298
101.115
100.956
100.816
100.693
100.586
100.493
100.41
100.337
100.272
100.214
100.161
100.112
100.066
100.022
394.353
383.073
371.83
360.649
349.555
338.572
327.723
317.03
306.514
296.195
286.092
276.223
266.603
257.248
248.169
239.379
230.888
222.703
214.83
207.276
200.042
193.131
186.543
180.277
174.331
168.7
163.38
158.364
153.646
149.218
145.072
141.197
137.585
134.225
131.106
128.217
125.548
123.087
120.823
118.744
116.84
115.101
113.514
112.071
110.76
109.573
108.5
107.532
106.661
105.88
105.179
104.553
103.994
103.497
103.055
102.664
102.317
102.012
101.742
101.505
101.297
101.115
100.955
100.815
100.693
100.586
100.492
100.41
100.337
100.272
100.214
100.161
100.112
100.066
100.022
394.353
383.071
371.827
360.645
349.55
338.566
327.716
317.022
306.505
296.185
286.081
276.212
266.591
257.235
248.157
239.367
230.875
222.689
214.817
207.262
200.029
193.118
186.531
180.265
174.319
168.688
163.368
158.353
153.636
149.208
145.062
141.188
137.576
134.217
131.098
128.21
125.541
123.081
120.817
118.739
116.835
115.096
113.51
112.067
110.756
109.57
108.497
107.53
106.659
105.877
105.177
104.551
103.993
103.495
103.054
102.662
102.316
102.011
101.741
101.505
101.297
101.114
100.955
100.815
100.693
100.586
100.492
100.41
100.337
100.272
100.214
100.161
100.112
100.066
100.022
394.352
383.069
371.823
360.64
349.544
338.559
327.708
317.012
306.494
296.174
286.069
276.199
266.578
257.221
248.142
239.352
230.86
222.674
214.801
207.247
200.013
193.103
186.515
180.25
174.304
168.674
163.354
158.34
153.623
149.196
145.051
141.177
137.566
134.207
131.089
128.201
125.533
123.073
120.81
118.732
116.829
115.09
113.505
112.062
110.752
109.566
108.494
107.526
106.656
105.875
105.175
104.549
103.991
103.494
103.052
102.661
102.315
102.01
101.741
101.504
101.296
101.114
100.954
100.815
100.693
100.586
100.492
100.409
100.337
100.272
100.214
100.161
100.112
100.066
100.022
394.351
383.067
371.819
360.635
349.537
338.551
327.698
317.001
306.482
296.16
286.055
276.183
266.562
257.205
248.125
239.334
230.842
222.656
214.783
207.229
199.995
193.085
186.498
180.233
174.287
168.657
163.338
158.324
153.608
149.182
145.037
141.164
137.554
134.195
131.078
128.191
125.524
123.064
120.802
118.725
116.822
115.084
113.499
112.057
110.747
109.561
108.49
107.523
106.653
105.872
105.172
104.547
103.989
103.492
103.051
102.66
102.314
102.009
101.74
101.503
101.295
101.113
100.954
100.814
100.692
100.585
100.492
100.409
100.336
100.272
100.214
100.161
100.112
100.066
100.022
394.35
383.064
371.815
360.628
349.529
338.541
327.686
316.988
306.468
296.145
286.038
276.166
266.543
257.185
248.105
239.313
230.82
222.635
214.762
207.207
199.974
193.064
186.477
180.212
174.267
168.638
163.32
158.306
153.591
149.166
145.021
141.15
137.54
134.182
131.066
128.18
125.513
123.054
120.792
118.716
116.814
115.077
113.492
112.05
110.742
109.556
108.485
107.519
106.649
105.868
105.169
104.544
103.986
103.49
103.049
102.658
102.312
102.007
101.738
101.502
101.294
101.112
100.953
100.814
100.692
100.585
100.491
100.409
100.336
100.272
100.214
100.161
100.112
100.066
100.022
394.349
383.06
371.809
360.621
349.52
338.529
327.673
316.973
306.451
296.126
286.018
276.145
266.521
257.162
248.081
239.289
230.796
222.61
214.737
207.182
199.949
193.039
186.453
180.189
174.244
168.616
163.298
158.286
153.571
149.146
145.003
141.132
137.524
134.167
131.051
128.166
125.5
123.042
120.781
118.706
116.805
115.068
113.484
112.043
110.735
109.55
108.479
107.514
106.645
105.865
105.166
104.541
103.983
103.487
103.047
102.656
102.311
102.006
101.737
101.501
101.293
101.111
100.952
100.813
100.691
100.584
100.491
100.409
100.336
100.271
100.213
100.161
100.112
100.066
100.022
394.348
383.057
371.803
360.612
349.508
338.516
327.657
316.955
306.431
296.105
285.995
276.12
266.495
257.135
248.053
239.261
230.767
222.581
214.708
207.153
199.92
193.011
186.425
180.161
174.217
168.59
163.273
158.261
153.548
149.124
144.982
141.112
137.505
134.149
131.034
128.15
125.486
123.029
120.769
118.694
116.794
115.058
113.475
112.035
110.728
109.543
108.473
107.508
106.64
105.86
105.161
104.537
103.98
103.484
103.044
102.654
102.309
102.004
101.735
101.499
101.292
101.11
100.951
100.812
100.69
100.584
100.49
100.408
100.336
100.271
100.213
100.16
100.112
100.066
100.022
394.346
383.052
371.796
360.602
349.495
338.5
327.639
316.934
306.408
296.08
285.968
276.092
266.465
257.104
248.021
239.228
230.734
222.547
214.674
207.119
199.887
192.977
186.392
180.129
174.186
168.559
163.244
158.233
153.521
149.098
144.958
141.089
137.483
134.128
131.015
128.132
125.469
123.013
120.754
118.681
116.782
115.047
113.465
112.026
110.719
109.536
108.466
107.502
106.634
105.855
105.157
104.533
103.976
103.481
103.041
102.651
102.306
102.002
101.734
101.498
101.291
101.109
100.95
100.811
100.69
100.583
100.49
100.408
100.335
100.271
100.213
100.16
100.112
100.066
100.022
394.345
383.047
371.787
360.59
349.48
338.481
327.617
316.91
306.381
296.05
285.937
276.058
266.43
257.068
247.984
239.19
230.695
222.508
214.634
207.08
199.848
192.939
186.354
180.092
174.15
168.524
163.21
158.201
153.49
149.069
144.929
141.062
137.457
134.104
130.993
128.111
125.449
122.995
120.737
118.665
116.768
115.034
113.453
112.015
110.709
109.527
108.458
107.494
106.627
105.849
105.151
104.528
103.972
103.477
103.038
102.648
102.304
102
101.732
101.496
101.289
101.108
100.949
100.81
100.689
100.582
100.489
100.407
100.335
100.27
100.213
100.16
100.112
100.066
100.022
394.343
383.041
371.777
360.575
349.462
338.46
327.592
316.882
306.35
296.016
285.9
276.02
266.39
257.026
247.94
239.145
230.65
222.462
214.589
207.034
199.802
192.894
186.31
180.049
174.108
168.484
163.171
158.163
153.454
149.034
144.897
141.031
137.428
134.077
130.967
128.087
125.427
122.974
120.718
118.647
116.751
115.019
113.439
112.002
110.698
109.516
108.449
107.486
106.62
105.842
105.145
104.523
103.967
103.473
103.034
102.645
102.301
101.997
101.729
101.494
101.288
101.106
100.948
100.809
100.688
100.582
100.488
100.407
100.334
100.27
100.212
100.16
100.111
100.066
100.022
394.34
383.034
371.765
360.559
349.441
338.435
327.563
316.849
306.313
295.977
285.858
275.975
266.343
256.977
247.89
239.093
230.597
222.409
214.536
206.981
199.75
192.843
186.26
180
174.06
168.437
163.126
158.12
153.412
148.995
144.859
140.996
137.394
134.045
130.937
128.06
125.401
122.95
120.696
118.627
116.733
115.001
113.423
111.988
110.685
109.504
108.438
107.476
106.611
105.834
105.138
104.516
103.962
103.468
103.03
102.641
102.297
101.994
101.727
101.492
101.286
101.105
100.946
100.808
100.687
100.581
100.488
100.406
100.334
100.27
100.212
100.16
100.111
100.066
100.022
394.338
383.025
371.751
360.54
349.417
338.405
327.529
316.811
306.271
295.931
285.809
275.922
266.288
256.92
247.831
239.034
230.537
222.348
214.474
206.92
199.689
192.783
186.201
179.942
174.004
168.383
163.074
158.07
153.364
148.949
144.816
140.955
137.356
134.009
130.903
128.028
125.371
122.923
120.671
118.604
116.711
114.982
113.405
111.971
110.67
109.491
108.426
107.465
106.601
105.825
105.13
104.509
103.955
103.462
103.025
102.637
102.293
101.991
101.724
101.489
101.283
101.103
100.945
100.806
100.685
100.58
100.487
100.405
100.333
100.269
100.212
100.159
100.111
100.065
100.022
394.334
383.016
371.735
360.518
349.389
338.372
327.49
316.766
306.222
295.878
285.752
275.862
266.225
256.854
247.764
238.965
230.466
222.277
214.404
206.85
199.62
192.714
186.133
179.876
173.94
168.321
163.014
158.013
153.31
148.897
144.766
140.908
137.312
133.968
130.865
127.992
125.338
122.891
120.642
118.577
116.687
114.959
113.385
111.953
110.653
109.475
108.412
107.453
106.59
105.815
105.121
104.501
103.948
103.456
103.019
102.632
102.289
101.987
101.72
101.486
101.281
101.101
100.943
100.805
100.684
100.578
100.486
100.404
100.332
100.268
100.211
100.159
100.111
100.065
100.022
394.331
383.005
371.717
360.492
349.356
338.333
327.445
316.715
306.166
295.816
285.686
275.792
266.152
256.778
247.686
238.885
230.386
222.196
214.322
206.769
199.539
192.635
186.056
179.801
173.867
168.25
162.946
157.947
153.247
148.837
144.71
140.854
137.261
133.92
130.82
127.95
125.299
122.856
120.609
118.547
116.659
114.934
113.361
111.931
110.633
109.458
108.396
107.438
106.577
105.804
105.111
104.492
103.94
103.449
103.013
102.626
102.284
101.982
101.717
101.483
101.278
101.098
100.941
100.803
100.682
100.577
100.485
100.403
100.332
100.268
100.211
100.159
100.11
100.065
100.022
394.326
382.992
371.695
360.463
349.319
338.287
327.392
316.656
306.1
295.745
285.61
275.712
266.067
256.691
247.596
238.793
230.292
222.102
214.228
206.675
199.447
192.544
185.967
179.714
173.783
168.169
162.867
157.872
153.175
148.769
144.645
140.793
137.204
133.866
130.77
127.903
125.255
122.815
120.571
118.512
116.627
114.905
113.335
111.907
110.611
109.438
108.378
107.422
106.562
105.791
105.1
104.482
103.931
103.441
103.005
102.62
102.279
101.978
101.712
101.479
101.275
101.095
100.938
100.801
100.681
100.575
100.483
100.402
100.331
100.267
100.21
100.158
100.11
100.065
100.021
394.321
382.977
371.671
360.428
349.275
338.235
327.332
316.588
306.025
295.663
285.522
275.619
265.97
256.59
247.492
238.687
230.185
221.994
214.12
206.568
199.341
192.44
185.865
179.614
173.686
168.075
162.777
157.786
153.093
148.691
144.571
140.723
137.138
133.804
130.712
127.849
125.206
122.769
120.529
118.473
116.591
114.872
113.305
111.88
110.587
109.416
108.358
107.404
106.546
105.776
105.086
104.47
103.921
103.432
102.997
102.613
102.272
101.972
101.708
101.475
101.271
101.092
100.935
100.798
100.679
100.574
100.482
100.401
100.33
100.266
100.209
100.158
100.11
100.065
100.021
394.316
382.959
371.642
360.389
349.225
338.175
327.262
316.509
305.938
295.568
285.421
275.512
265.858
256.474
247.373
238.566
230.062
221.871
213.997
206.445
199.219
192.32
185.748
179.501
173.576
167.969
162.675
157.688
152.999
148.602
144.487
140.644
137.063
133.734
130.647
127.789
125.149
122.717
120.48
118.429
116.55
114.835
113.271
111.849
110.559
109.39
108.335
107.383
106.528
105.76
105.072
104.457
103.909
103.421
102.988
102.604
102.265
101.966
101.702
101.47
101.267
101.089
100.932
100.796
100.676
100.572
100.48
100.4
100.329
100.265
100.209
100.157
100.109
100.065
100.021
394.309
382.94
371.609
360.343
349.167
338.105
327.181
316.418
305.837
295.46
285.304
275.389
265.729
256.341
247.236
238.426
229.921
221.729
213.855
206.305
199.081
192.184
185.615
179.371
173.45
167.848
162.558
157.576
152.893
148.501
144.391
140.554
136.979
133.655
130.573
127.72
125.085
122.658
120.426
118.379
116.504
114.793
113.233
111.814
110.527
109.362
108.309
107.36
106.507
105.741
105.055
104.442
103.896
103.41
102.978
102.595
102.257
101.959
101.696
101.465
101.262
101.085
100.929
100.793
100.674
100.57
100.478
100.398
100.327
100.264
100.208
100.156
100.109
100.064
100.021
394.301
382.917
371.571
360.291
349.101
338.025
327.089
316.314
305.722
295.335
285.171
275.248
265.582
256.188
247.079
238.267
229.76
221.567
213.694
206.144
198.922
192.028
185.462
179.223
173.307
167.71
162.426
157.449
152.772
148.386
144.283
140.452
136.883
133.565
130.489
127.642
125.013
122.591
120.365
118.322
116.453
114.745
113.19
111.775
110.492
109.33
108.28
107.335
106.484
105.72
105.037
104.426
103.881
103.397
102.967
102.585
102.248
101.951
101.689
101.459
101.257
101.08
100.925
100.79
100.671
100.567
100.476
100.396
100.326
100.263
100.207
100.156
100.109
100.064
100.021
394.292
382.89
371.528
360.231
349.024
337.933
326.982
316.194
305.59
295.191
285.017
275.086
265.413
256.013
246.9
238.084
229.576
221.382
213.509
205.961
198.742
191.851
185.289
179.055
173.144
167.553
162.276
157.306
152.636
148.257
144.16
140.336
136.774
133.464
130.395
127.554
124.932
122.516
120.295
118.259
116.395
114.692
113.141
111.731
110.452
109.294
108.248
107.306
106.458
105.697
105.016
104.407
103.865
103.382
102.954
102.574
102.239
101.943
101.682
101.453
101.251
101.075
100.921
100.786
100.668
100.565
100.474
100.395
100.324
100.262
100.206
100.155
100.108
100.064
100.021
394.282
382.86
371.478
360.161
348.936
337.828
326.86
316.056
305.438
295.027
284.841
274.9
265.219
255.813
246.695
237.876
229.365
221.171
213.298
205.753
198.536
191.65
185.093
178.864
172.96
167.375
162.105
157.143
152.481
148.11
144.022
140.206
136.652
133.35
130.288
127.456
124.84
122.432
120.218
118.187
116.329
114.633
113.087
111.682
110.408
109.254
108.212
107.273
106.429
105.671
104.993
104.387
103.847
103.366
102.94
102.562
102.228
101.933
101.673
101.445
101.245
101.07
100.916
100.782
100.664
100.562
100.472
100.393
100.323
100.261
100.205
100.154
100.107
100.063
100.021
394.271
382.825
371.42
360.082
348.835
337.706
326.72
315.898
305.264
294.838
284.64
274.688
264.998
255.585
246.461
237.638
229.125
220.93
213.059
205.516
198.303
191.421
184.87
178.648
172.751
167.174
161.913
156.96
152.306
147.945
143.866
140.059
136.515
133.222
130.169
127.345
124.738
122.337
120.131
118.108
116.257
114.567
113.027
111.627
110.358
109.209
108.172
107.237
106.396
105.642
104.967
104.364
103.826
103.348
102.924
102.548
102.216
101.922
101.664
101.437
101.238
101.064
100.911
100.777
100.661
100.558
100.469
100.39
100.321
100.259
100.204
100.153
100.107
100.063
100.021
394.257
382.786
371.354
359.99
348.72
337.568
326.559
315.717
305.065
294.623
284.41
274.446
264.745
255.324
246.194
237.367
228.852
220.657
212.787
205.246
198.038
191.162
184.618
178.403
172.515
166.947
161.696
156.753
152.11
147.759
143.691
139.895
136.361
133.078
130.035
127.221
124.623
122.231
120.034
118.019
116.175
114.492
112.96
111.566
110.303
109.16
108.127
107.197
106.361
105.61
104.939
104.339
103.804
103.328
102.906
102.533
102.202
101.911
101.654
101.428
101.23
101.057
100.905
100.772
100.656
100.555
100.466
100.388
100.319
100.257
100.202
100.152
100.106
100.063
100.021
394.242
382.74
371.279
359.886
348.587
337.408
326.375
315.51
304.837
294.376
284.148
274.169
264.457
255.027
245.89
237.059
228.542
220.346
212.478
204.941
197.738
190.869
184.332
178.127
172.248
166.692
161.451
156.52
151.889
147.55
143.494
139.71
136.188
132.917
129.885
127.082
124.495
122.113
119.925
117.919
116.085
114.41
112.885
111.498
110.242
109.104
108.077
107.152
106.321
105.575
104.907
104.311
103.779
103.307
102.887
102.516
102.187
101.898
101.643
101.418
101.222
101.05
100.899
100.767
100.652
100.551
100.462
100.385
100.316
100.255
100.201
100.151
100.105
100.062
100.021
394.225
382.688
371.192
359.766
348.435
337.227
326.165
315.274
304.577
294.095
283.848
273.854
264.13
254.689
245.545
236.709
228.19
219.994
212.129
204.596
197.399
190.538
184.01
177.815
171.948
166.404
161.176
156.258
151.641
147.316
143.274
139.504
135.995
132.737
129.718
126.927
124.352
121.982
119.805
117.809
115.984
114.318
112.801
111.423
110.174
109.043
108.022
107.103
106.277
105.535
104.872
104.28
103.752
103.282
102.866
102.497
102.171
101.883
101.63
101.408
101.212
101.041
100.892
100.761
100.647
100.546
100.459
100.382
100.314
100.253
100.199
100.15
100.104
100.062
100.02
394.205
382.628
371.093
359.629
348.262
337.019
325.925
315.004
304.28
293.775
283.507
273.495
263.756
254.305
245.153
236.312
227.791
219.596
211.733
204.206
197.017
190.164
183.648
177.465
171.611
166.081
160.868
155.965
151.363
147.054
143.027
139.273
135.78
132.536
129.532
126.755
124.193
121.836
119.671
117.686
115.872
114.217
112.709
111.34
110.098
108.975
107.962
107.049
106.228
105.492
104.834
104.246
103.722
103.256
102.842
102.476
102.153
101.867
101.616
101.396
101.202
101.032
100.884
100.754
100.641
100.542
100.455
100.378
100.311
100.251
100.197
100.149
100.104
100.061
100.02
394.182
382.559
370.98
359.472
348.063
336.781
325.65
314.696
303.942
293.409
283.118
273.087
263.332
253.869
244.708
235.862
227.339
219.146
211.287
203.767
196.586
189.744
183.24
177.071
171.233
165.719
160.523
155.637
151.053
146.762
142.753
139.016
135.54
132.313
129.325
126.564
124.017
121.674
119.522
117.551
115.748
114.104
112.607
111.248
110.015
108.901
107.895
106.989
106.175
105.445
104.791
104.208
103.688
103.226
102.817
102.454
102.133
101.85
101.601
101.383
101.191
101.023
100.876
100.747
100.635
100.536
100.45
100.375
100.308
100.249
100.195
100.147
100.103
100.06
100.02
394.155
382.481
370.851
359.293
347.837
336.51
325.337
314.345
303.556
292.993
282.676
272.623
262.851
253.374
244.205
235.353
226.829
218.637
210.784
203.271
196.101
189.272
182.783
176.63
170.809
165.314
160.137
155.271
150.707
146.436
142.447
138.73
135.273
132.066
129.096
126.352
123.822
121.495
119.358
117.401
115.612
113.98
112.495
111.146
109.924
108.818
107.821
106.923
106.116
105.392
104.745
104.167
103.652
103.194
102.788
102.429
102.111
101.831
101.585
101.368
101.178
101.012
100.866
100.739
100.628
100.531
100.446
100.371
100.305
100.246
100.193
100.146
100.101
100.06
100.02
394.125
382.391
370.703
359.089
347.578
336.2
324.98
313.945
303.117
292.52
282.174
272.097
262.305
252.814
243.635
234.778
226.252
218.064
210.217
202.714
195.556
188.742
182.27
176.136
170.335
164.861
159.707
154.864
150.323
146.074
142.108
138.413
134.978
131.791
128.842
126.118
123.607
121.297
119.177
117.236
115.462
113.844
112.372
111.035
109.824
108.728
107.74
106.851
106.051
105.335
104.694
104.122
103.612
103.159
102.758
102.402
102.088
101.811
101.567
101.353
101.165
101
100.856
100.731
100.621
100.524
100.44
100.366
100.301
100.243
100.191
100.144
100.1
100.059
100.02
394.091
382.289
370.534
358.855
347.283
335.847
324.573
313.489
302.618
291.983
281.604
271.5
261.687
252.18
242.991
234.129
225.603
217.419
209.58
202.088
194.945
188.149
181.697
175.585
169.807
164.357
159.228
154.41
149.895
145.672
141.732
138.062
134.651
131.488
128.562
125.859
123.369
121.079
118.978
117.054
115.297
113.694
112.236
110.913
109.714
108.63
107.652
106.772
105.981
105.272
104.639
104.073
103.569
103.121
102.724
102.372
102.062
101.788
101.547
101.336
101.15
100.988
100.846
100.721
100.613
100.518
100.435
100.362
100.297
100.24
100.189
100.142
100.099
100.058
100.019
394.052
382.172
370.34
358.588
346.946
335.444
324.11
312.97
302.05
291.372
280.957
270.823
260.987
251.464
242.264
233.397
224.872
216.693
208.864
201.387
194.262
187.486
181.057
174.97
169.219
163.797
158.696
153.907
149.421
145.228
141.316
137.674
134.291
131.154
128.253
125.575
123.108
120.84
118.76
116.855
115.116
113.53
112.088
110.779
109.593
108.522
107.555
106.685
105.904
105.204
104.578
104.019
103.522
103.08
102.688
102.34
102.034
101.764
101.526
101.317
101.134
100.974
100.834
100.711
100.604
100.51
100.428
100.356
100.293
100.236
100.186
100.14
100.097
100.057
100.019
394.007
382.039
370.12
358.284
346.562
334.985
323.582
312.38
301.404
290.678
280.223
270.057
260.196
250.655
241.444
232.574
224.05
215.879
208.063
200.602
193.498
186.746
180.344
174.285
168.565
163.175
158.106
153.351
148.898
144.737
140.857
137.246
133.894
130.787
127.914
125.263
122.822
120.578
118.521
116.638
114.918
113.351
111.927
110.633
109.463
108.404
107.45
106.592
105.821
105.13
104.512
103.961
103.471
103.035
102.648
102.306
102.004
101.737
101.503
101.297
101.117
100.959
100.821
100.7
100.595
100.503
100.422
100.351
100.288
100.233
100.183
100.138
100.096
100.057
100.019
393.956
381.886
369.868
357.936
346.123
334.461
322.98
311.708
300.67
289.891
279.391
269.19
259.302
249.742
240.521
231.647
223.128
214.966
207.165
199.725
192.645
185.922
179.55
173.525
167.84
162.485
157.454
152.736
148.32
144.196
140.352
136.777
133.458
130.384
127.543
124.921
122.508
120.292
118.259
116.4
114.703
113.156
111.75
110.475
109.32
108.277
107.336
106.49
105.73
105.05
104.441
103.898
103.415
102.986
102.605
102.268
101.971
101.709
101.478
101.276
101.098
100.943
100.807
100.688
100.585
100.494
100.415
100.345
100.283
100.229
100.18
100.135
100.094
100.056
100.018
393.898
381.712
369.58
357.539
345.623
333.865
322.295
310.944
299.837
288.999
278.45
268.209
258.293
248.713
239.482
230.607
222.093
213.944
206.163
198.747
191.696
185.005
178.669
172.682
167.037
161.724
156.734
152.058
147.684
143.601
139.797
136.261
132.98
129.943
127.136
124.548
122.167
119.979
117.975
116.142
114.468
112.944
111.559
110.303
109.166
108.139
107.213
106.38
105.632
104.963
104.364
103.83
103.355
102.933
102.559
102.228
101.936
101.678
101.452
101.253
101.078
100.926
100.792
100.676
100.574
100.485
100.407
100.339
100.278
100.225
100.176
100.133
100.093
100.055
100.018
393.831
381.512
369.251
357.086
345.052
333.184
321.515
310.075
298.89
287.986
277.384
267.101
257.154
247.555
238.314
229.439
220.934
212.802
205.044
197.657
190.64
183.987
177.693
171.75
166.15
160.884
155.941
151.312
146.985
142.948
139.189
135.697
132.458
129.461
126.693
124.141
121.794
119.64
117.666
115.861
114.214
112.715
111.352
110.117
108.999
107.989
107.079
106.261
105.527
104.869
104.281
103.757
103.291
102.877
102.509
102.185
101.898
101.645
101.423
101.228
101.057
100.907
100.777
100.662
100.562
100.475
100.399
100.332
100.272
100.22
100.173
100.13
100.091
100.053
100.018
393.754
381.284
368.875
356.567
344.4
332.408
320.627
309.086
297.815
286.838
276.177
265.849
255.87
246.252
237.003
228.131
219.639
211.528
203.798
196.446
189.469
182.86
176.613
170.72
165.172
159.959
155.07
150.494
146.219
142.233
138.525
135.081
131.889
128.936
126.211
123.699
121.39
119.271
117.33
115.557
113.939
112.466
111.128
109.915
108.818
107.828
106.935
106.133
105.413
104.768
104.192
103.679
103.222
102.816
102.456
102.138
101.857
101.61
101.392
101.201
101.034
100.888
100.76
100.648
100.55
100.465
100.39
100.324
100.266
100.215
100.169
100.127
100.089
100.052
100.017
393.667
381.022
368.444
355.974
343.654
331.522
319.614
307.962
296.595
285.538
274.812
264.436
254.424
244.787
235.533
226.667
218.192
210.107
202.411
195.101
188.171
181.614
175.422
169.586
164.097
158.943
154.114
149.598
145.382
141.453
137.801
134.41
131.27
128.366
125.687
123.22
120.952
118.872
116.968
115.228
113.642
112.198
110.887
109.699
108.624
107.654
106.781
105.995
105.291
104.66
104.097
103.594
103.147
102.75
102.399
102.088
101.814
101.572
101.359
101.173
101.009
100.866
100.741
100.632
100.537
100.453
100.38
100.316
100.26
100.21
100.165
100.124
100.086
100.051
100.017
393.566
380.722
367.95
355.295
342.801
330.51
318.459
306.682
295.208
284.063
273.268
262.842
252.796
243.142
233.885
225.03
216.578
208.526
200.872
193.611
186.736
180.238
174.109
168.339
162.917
157.831
153.069
148.619
144.469
140.604
137.013
133.682
130.598
127.749
125.121
122.702
120.479
118.442
116.577
114.874
113.322
111.91
110.628
109.466
108.416
107.468
106.615
105.848
105.16
104.544
103.994
103.504
103.068
102.681
102.338
102.035
101.767
101.532
101.324
101.143
100.983
100.844
100.722
100.616
100.523
100.442
100.37
100.308
100.253
100.204
100.161
100.121
100.084
100.05
100.016
393.451
380.378
367.383
354.516
341.825
329.353
317.141
305.224
293.632
282.391
271.523
261.043
250.965
241.296
232.041
223.203
214.78
206.77
199.166
191.963
185.152
178.724
172.667
166.972
161.625
156.615
151.929
147.553
143.475
139.681
136.158
132.893
129.871
127.081
124.509
122.143
119.97
117.978
116.157
114.494
112.978
111.6
110.35
109.217
108.193
107.269
106.437
105.69
105.02
104.42
103.885
103.408
102.983
102.607
102.273
101.978
101.718
101.489
101.287
101.11
100.955
100.82
100.702
100.598
100.508
100.429
100.36
100.299
100.246
100.198
100.156
100.117
100.082
100.048
100.016
393.317
379.981
366.731
353.621
340.705
328.029
315.635
303.562
291.84
280.496
269.549
259.016
248.906
239.226
229.98
221.166
212.781
204.822
197.279
190.144
183.408
177.059
171.086
165.475
160.214
155.29
150.688
146.395
142.398
138.682
135.234
132.04
129.087
126.361
123.85
121.542
119.422
117.481
115.706
114.086
112.611
111.269
110.053
108.951
107.955
107.057
106.248
105.522
104.871
104.289
103.769
103.305
102.893
102.528
102.204
101.918
101.665
101.443
101.248
101.076
100.926
100.795
100.68
100.58
100.492
100.416
100.349
100.29
100.238
100.192
100.151
100.114
100.079
100.047
100.015
393.164
379.524
365.979
352.592
339.418
326.51
313.914
301.667
289.803
278.347
267.318
256.73
246.592
236.908
227.677
218.897
210.562
202.664
195.194
188.141
181.492
175.235
169.356
163.841
158.677
153.848
149.341
145.14
141.232
137.602
134.237
131.121
128.243
125.588
123.143
120.897
118.836
116.949
115.224
113.651
112.218
110.916
109.736
108.667
107.701
106.831
106.047
105.344
104.713
104.149
103.646
103.197
102.798
102.444
102.131
101.854
101.61
101.395
101.206
101.04
100.895
100.768
100.657
100.56
100.475
100.401
100.337
100.28
100.23
100.186
100.146
100.11
100.076
100.045
100.015
392.986
378.994
365.111
351.404
337.937
324.766
311.941
299.503
287.484
275.908
264.795
254.155
243.994
234.313
225.109
216.375
208.102
200.28
192.897
185.939
179.391
173.239
167.468
162.062
157.006
152.284
147.882
143.783
139.974
136.439
133.163
130.134
127.337
124.759
122.386
120.207
118.209
116.381
114.71
113.187
111.8
110.541
109.399
108.365
107.432
106.591
105.834
105.154
104.546
104.001
103.515
103.082
102.697
102.356
102.054
101.787
101.551
101.344
101.162
101.002
100.862
100.739
100.633
100.539
100.458
100.387
100.324
100.27
100.221
100.179
100.14
100.106
100.074
100.043
100.014
392.779
378.38
364.104
350.03
336.227
322.759
309.679
297.029
284.842
273.141
261.943
251.255
241.079
231.413
222.248
213.574
205.38
197.651
190.371
183.524
177.093
171.062
165.413
160.13
155.196
150.593
146.307
142.321
138.62
135.189
132.012
129.077
126.368
123.873
121.578
119.472
117.542
115.776
114.163
112.694
111.356
110.142
109.042
108.046
107.147
106.337
105.608
104.954
104.369
103.845
103.377
102.961
102.591
102.263
101.972
101.716
101.489
101.29
101.115
100.962
100.827
100.71
100.607
100.517
100.439
100.371
100.311
100.259
100.212
100.171
100.135
100.101
100.071
100.042
100.014
392.539
377.664
362.933
348.434
334.248
320.444
307.078
294.196
281.829
270
258.719
247.99
237.811
228.174
219.065
210.471
202.374
194.756
187.599
180.882
174.586
168.693
163.183
158.038
153.239
148.77
144.612
140.75
137.168
133.85
130.781
127.947
125.334
122.929
120.718
118.69
116.832
115.134
113.584
112.171
110.887
109.721
108.664
107.709
106.846
106.069
105.371
104.744
104.182
103.68
103.232
102.834
102.479
102.165
101.887
101.641
101.425
101.234
101.066
100.92
100.791
100.679
100.58
100.495
100.42
100.355
100.297
100.247
100.203
100.164
100.129
100.097
100.067
100.04
100.013
392.257
376.827
361.565
346.576
331.95
317.765
304.082
290.947
278.391
266.431
255.073
244.316
234.151
224.561
215.531
207.038
199.061
191.578
184.565
177.999
171.859
166.123
160.77
155.779
151.132
146.809
142.793
139.067
135.615
132.42
129.468
126.744
124.235
121.926
119.806
117.861
116.081
114.455
112.971
111.619
110.391
109.276
108.266
107.353
106.53
105.788
105.121
104.522
103.986
103.507
103.08
102.7
102.362
102.062
101.797
101.563
101.357
101.175
101.015
100.876
100.753
100.646
100.552
100.471
100.4
100.337
100.283
100.235
100.193
100.156
100.122
100.092
100.064
100.038
100.013
391.924
375.841
359.958
344.399
329.269
314.655
300.621
287.215
274.462
262.375
250.952
240.185
230.054
220.539
211.612
203.248
195.419
188.096
181.253
174.863
168.901
163.343
158.165
153.347
148.868
144.707
140.847
137.27
133.959
130.898
128.073
125.467
123.069
120.864
118.84
116.985
115.289
113.739
112.325
111.038
109.869
108.808
107.848
106.98
106.197
105.492
104.858
104.29
103.781
103.326
102.921
102.56
102.239
101.955
101.704
101.482
101.286
101.113
100.962
100.83
100.714
100.612
100.523
100.446
100.379
100.32
100.268
100.223
100.183
100.148
100.116
100.087
100.061
100.036
100.012
391.53
374.673
358.06
341.838
326.129
311.031
296.613
282.917
269.966
257.762
246.295
235.542
225.477
216.067
207.278
199.075
191.424
184.293
177.648
171.461
165.701
160.344
155.365
150.739
146.445
142.463
138.773
135.358
132.2
129.284
126.594
124.116
121.837
119.743
117.822
116.063
114.454
112.985
111.646
110.428
109.322
108.318
107.41
106.589
105.849
105.183
104.584
104.047
103.567
103.137
102.755
102.414
102.111
101.843
101.606
101.396
101.212
101.049
100.907
100.782
100.672
100.577
100.493
100.42
100.357
100.301
100.252
100.21
100.172
100.139
100.109
100.082
100.057
100.034
100.011
391.058
373.278
355.801
338.804
322.431
306.792
291.955
277.96
264.818
252.517
241.033
230.331
220.369
211.105
202.493
194.491
187.057
180.151
173.738
167.782
162.254
157.123
152.363
147.95
143.86
140.073
136.569
133.329
130.337
127.577
125.033
122.692
120.539
118.564
116.752
115.094
113.579
112.196
110.936
109.79
108.749
107.806
106.952
106.181
105.486
104.86
104.298
103.794
103.343
102.941
102.582
102.262
101.978
101.727
101.505
101.308
101.135
100.983
100.849
100.732
100.63
100.54
100.462
100.393
100.334
100.282
100.236
100.196
100.161
100.13
100.102
100.077
100.054
100.032
100.01
390.488
371.597
353.089
335.183
318.05
301.808
286.525
272.229
258.914
246.55
235.093
224.489
214.682
205.613
197.228
189.472
182.297
175.656
169.51
163.82
158.551
153.673
149.158
144.979
141.113
137.538
134.235
131.185
128.372
125.778
123.391
121.195
119.177
117.327
115.631
114.08
112.663
111.371
110.194
109.123
108.152
107.272
106.475
105.756
105.108
104.525
104.001
103.532
103.111
102.736
102.402
102.105
101.84
101.606
101.399
101.217
101.056
100.914
100.79
100.681
100.585
100.502
100.429
100.366
100.31
100.262
100.22
100.183
100.15
100.121
100.095
100.071
100.05
100.029
100.01
389.792
369.547
349.801
330.826
312.824
295.919
280.173
265.591
252.141
239.766
228.396
217.954
208.365
199.553
191.451
183.995
177.127
170.797
164.957
159.568
154.591
149.994
145.748
141.826
138.204
134.86
131.774
128.928
126.305
123.89
121.668
119.627
117.753
116.034
114.461
113.023
111.709
110.512
109.421
108.431
107.532
106.717
105.98
105.315
104.716
104.177
103.693
103.259
102.871
102.525
102.216
101.942
101.698
101.482
101.291
101.122
100.973
100.843
100.728
100.628
100.54
100.463
100.396
100.337
100.286
100.241
100.202
100.168
100.138
100.111
100.088
100.066
100.046
100.027
100.009
388.927
367.014
345.766
325.53
306.54
288.924
272.716
257.888
244.367
232.058
220.858
210.662
201.369
192.889
185.138
178.042
171.537
165.565
160.075
155.024
150.373
146.088
142.137
138.495
135.137
132.041
129.188
126.56
124.141
121.915
119.869
117.991
116.268
114.689
113.244
111.923
110.718
109.62
108.62
107.712
106.889
106.143
105.468
104.859
104.311
103.818
103.375
102.978
102.623
102.307
102.024
101.773
101.551
101.353
101.179
101.025
100.889
100.769
100.665
100.573
100.493
100.422
100.361
100.308
100.261
100.22
100.185
100.154
100.126
100.102
100.08
100.06
100.042
100.025
100.008
387.834
363.828
340.741
319.017
298.922
280.565
263.934
248.938
235.448
223.317
212.398
202.551
193.653
185.591
178.269
171.602
165.519
159.958
154.864
150.192
145.901
141.957
138.329
134.99
131.917
129.087
126.483
124.087
121.883
119.858
117.997
116.29
114.725
113.292
111.982
110.785
109.692
108.697
107.792
106.97
106.225
105.55
104.94
104.389
103.893
103.448
103.047
102.689
102.368
102.082
101.827
101.6
101.399
101.221
101.063
100.924
100.802
100.694
100.6
100.517
100.444
100.381
100.326
100.277
100.235
100.199
100.167
100.138
100.114
100.092
100.072
100.054
100.038
100.022
100.007
386.419
359.736
334.372
310.9
289.601
270.523
253.564
238.538
225.232
213.432
202.937
193.571
185.182
177.639
170.833
164.671
159.076
153.981
149.33
145.078
141.183
137.611
134.332
131.32
128.551
126.005
123.665
121.514
119.537
117.722
116.057
114.529
113.13
111.849
110.678
109.609
108.634
107.746
106.939
106.206
105.541
104.94
104.396
103.906
103.464
103.067
102.711
102.392
102.106
101.852
101.625
101.423
101.244
101.086
100.945
100.822
100.713
100.617
100.533
100.459
100.395
100.339
100.289
100.247
100.209
100.177
100.148
100.123
100.101
100.082
100.064
100.048
100.034
100.02
100.007
384.528
354.334
326.129
300.635
278.089
258.4
241.302
226.467
213.566
202.3
192.411
183.683
175.937
169.028
162.834
157.257
152.216
147.645
143.487
139.695
136.232
133.062
130.157
127.493
125.048
122.803
120.742
118.848
117.11
115.516
114.053
112.713
111.485
110.362
109.336
108.4
107.546
106.769
106.063
105.421
104.84
104.314
103.839
103.41
103.025
102.678
102.366
102.088
101.838
101.616
101.418
101.242
101.086
100.947
100.825
100.717
100.622
100.538
100.465
100.401
100.344
100.295
100.252
100.215
100.182
100.154
100.129
100.107
100.088
100.071
100.056
100.042
100.029
100.017
100.006
381.891
346.953
315.19
287.443
263.748
243.718
226.816
212.505
200.312
189.843
180.78
172.873
165.921
159.767
154.286
149.378
144.961
140.97
137.352
134.063
131.064
128.325
125.819
123.525
121.422
119.493
117.723
116.1
114.61
113.244
111.993
110.846
109.797
108.837
107.96
107.161
106.432
105.769
105.166
104.619
104.123
103.675
103.27
102.904
102.576
102.28
102.015
101.777
101.565
101.376
101.207
101.057
100.924
100.806
100.702
100.61
100.529
100.458
100.396
100.341
100.293
100.251
100.215
100.183
100.155
100.131
100.11
100.091
100.075
100.06
100.047
100.036
100.025
100.015
100.005
377.979
336.403
300.248
270.215
245.763
225.934
209.77
196.462
185.374
176.023
168.042
161.157
155.16
149.89
145.225
141.068
137.342
133.988
130.955
128.204
125.702
123.42
121.337
119.431
117.685
116.087
114.621
113.277
112.046
110.917
109.883
108.936
108.07
107.278
106.555
105.896
105.295
104.748
104.252
103.801
103.393
103.024
102.69
102.389
102.119
101.875
101.657
101.462
101.287
101.131
100.992
100.869
100.76
100.663
100.577
100.501
100.435
100.376
100.325
100.28
100.241
100.206
100.176
100.15
100.128
100.108
100.09
100.075
100.062
100.05
100.039
100.029
100.02
100.012
100.004
371.602
320.438
279.195
247.422
223.175
204.508
189.894
178.228
168.733
160.868
154.247
148.597
143.716
139.456
135.704
132.376
129.404
126.736
124.329
122.151
120.173
118.372
116.73
115.229
113.856
112.599
111.448
110.393
109.427
108.542
107.731
106.989
106.311
105.691
105.125
104.609
104.139
103.711
103.323
102.97
102.651
102.362
102.101
101.866
101.655
101.465
101.294
101.142
101.005
100.883
100.775
100.679
100.593
100.517
100.451
100.392
100.34
100.294
100.254
100.219
100.188
100.161
100.138
100.117
100.1
100.084
100.07
100.059
100.048
100.039
100.03
100.023
100.016
100.009
100.003
359.594
294.558
248.679
217.114
195.02
179.048
167.091
157.845
150.49
144.496
139.513
135.3
131.686
128.549
125.798
123.367
121.202
119.263
117.517
115.94
114.509
113.209
112.023
110.941
109.952
109.047
108.219
107.46
106.765
106.129
105.546
105.013
104.526
104.081
103.675
103.304
102.967
102.66
102.382
102.129
101.9
101.693
101.506
101.338
101.186
101.05
100.927
100.818
100.72
100.633
100.555
100.486
100.425
100.371
100.323
100.28
100.243
100.211
100.182
100.157
100.135
100.115
100.099
100.084
100.071
100.06
100.05
100.042
100.034
100.028
100.022
100.016
100.011
100.007
100.002
331.813
249.523
203.855
177.344
160.754
149.585
141.592
135.587
130.902
127.135
124.032
121.426
119.203
117.281
115.601
114.119
112.803
111.625
110.567
109.612
108.746
107.96
107.244
106.59
105.993
105.447
104.948
104.49
104.072
103.688
103.337
103.017
102.723
102.455
102.211
101.988
101.785
101.6
101.432
101.28
101.143
101.018
100.906
100.804
100.713
100.631
100.558
100.492
100.433
100.38
100.334
100.292
100.255
100.223
100.194
100.169
100.146
100.127
100.109
100.094
100.081
100.069
100.059
100.051
100.043
100.036
100.03
100.025
100.021
100.017
100.013
100.01
100.007
100.004
100.001
249.947
167.869
139.876
127.658
121.073
116.954
114.113
112.021
110.408
109.121
108.067
107.184
106.434
105.786
105.221
104.723
104.281
103.887
103.532
103.212
102.922
102.659
102.42
102.201
102.002
101.819
101.652
101.499
101.359
101.231
101.114
101.007
100.909
100.819
100.738
100.663
100.596
100.534
100.478
100.427
100.381
100.34
100.302
100.268
100.238
100.211
100.186
100.164
100.144
100.127
100.111
100.098
100.085
100.074
100.065
100.056
100.049
100.042
100.036
100.031
100.027
100.023
100.02
100.017
100.014
100.012
100.01
100.008
100.007
100.006
100.004
100.003
100.002
100.001
100
)
;

boundaryField
{
    upperwall
    {
        type            fixedValue;
        value           uniform 400;
    }
    rightwall
    {
        type            fixedValue;
        value           uniform 100;
    }
    leftwall
    {
        type            fixedValue;
        value           uniform 100;
    }
    bottomwall
    {
        type            fixedValue;
        value           uniform 100;
    }
    frontandback
    {
        type            empty;
    }
}


// ************************************************************************* //
