/*--------------------------------*- C++ -*----------------------------------*\
  =========                 |
  \\      /  F ield         | OpenFOAM: The Open Source CFD Toolbox
   \\    /   O peration     | Website:  https://openfoam.org
    \\  /    A nd           | Version:  10
     \\/     M anipulation  |
\*---------------------------------------------------------------------------*/
FoamFile
{
    format      ascii;
    class       volScalarField;
    location    "122";
    object      T;
}
// * * * * * * * * * * * * * * * * * * * * * * * * * * * * * * * * * * * * * //

dimensions      [0 0 0 1 0 0 0];

internalField   nonuniform List<scalar> 
11250
(
249.563
166.729
138.015
125.131
117.953
113.327
110.075
107.67
105.843
104.434
103.342
102.498
101.847
101.351
100.976
100.696
100.49
100.34
100.233
100.157
100.105
100.069
100.044
100.028
100.018
100.011
100.007
100.004
100.002
100.001
100.001
100
100
100
100
100
100
100
100
100
100
100
100
100
100
100
100
100
100
100
100
100
100
100
100
100
100
100
100
100
100
100
100
100
100
100
100
100
100
100
100
100
100
100
100
330.665
246.115
198.29
169.788
151.426
138.742
129.518
122.578
117.249
113.116
109.901
107.407
105.484
104.013
102.901
102.07
101.458
101.012
100.693
100.468
100.311
100.204
100.132
100.084
100.053
100.032
100.02
100.012
100.007
100.004
100.002
100.001
100.001
100
100
100
100
100
100
100
100
100
100
100
100
100
100
100
100
100
100
100
100
100
100
100
100
100
100
100
100
100
100
100
100
100
100
100
100
100
100
100
100
100
100
357.694
288.915
239.466
204.606
179.577
161.096
147.099
136.301
127.877
121.275
116.104
112.072
108.951
106.559
104.746
103.39
102.388
101.659
101.137
100.768
100.511
100.335
100.216
100.138
100.086
100.053
100.032
100.019
100.011
100.007
100.004
100.002
100.001
100.001
100
100
100
100
100
100
100
100
100
100
100
100
100
100
100
100
100
100
100
100
100
100
100
100
100
100
100
100
100
100
100
100
100
100
100
100
100
100
100
100
100
368.968
312.618
266.426
230.084
201.767
179.621
162.175
148.352
137.37
128.655
121.767
116.361
112.157
108.923
106.466
104.623
103.26
102.267
101.554
101.05
100.699
100.459
100.296
100.189
100.118
100.073
100.045
100.027
100.016
100.009
100.005
100.003
100.002
100.001
100
100
100
100
100
100
100
100
100
100
100
100
100
100
100
100
100
100
100
100
100
100
100
100
100
100
100
100
100
100
100
100
100
100
100
100
100
100
100
100
100
374.638
326.482
284.047
248.215
218.595
194.345
174.581
158.528
145.543
135.102
126.771
120.185
115.036
111.058
108.026
105.746
104.057
102.824
101.937
101.31
100.872
100.573
100.37
100.236
100.148
100.091
100.056
100.033
100.02
100.011
100.007
100.004
100.002
100.001
100.001
100
100
100
100
100
100
100
100
100
100
100
100
100
100
100
100
100
100
100
100
100
100
100
100
100
100
100
100
100
100
100
100
100
100
100
100
100
100
100
100
377.874
335.023
295.708
260.984
231.069
205.715
184.474
166.85
152.36
140.565
131.063
123.498
117.55
112.936
109.406
106.744
104.767
103.322
102.281
101.543
101.029
100.676
100.437
100.279
100.175
100.108
100.066
100.04
100.023
100.014
100.008
100.004
100.002
100.001
100.001
100
100
100
100
100
100
100
100
100
100
100
100
100
100
100
100
100
100
100
100
100
100
100
100
100
100
100
100
100
100
100
100
100
100
100
100
100
100
100
100
379.871
340.503
303.539
269.952
240.188
214.315
192.172
173.477
157.894
145.068
134.647
126.294
119.69
114.545
110.595
107.609
105.386
103.757
102.582
101.749
101.167
100.767
100.496
100.316
100.199
100.123
100.075
100.045
100.027
100.015
100.009
100.005
100.003
100.001
100.001
100
100
100
100
100
100
100
100
100
100
100
100
100
100
100
100
100
100
100
100
100
100
100
100
100
100
100
100
100
100
100
100
100
100
100
100
100
100
100
100
381.161
344.12
308.866
276.251
246.793
220.72
198.046
178.64
162.281
148.691
137.567
128.595
121.467
115.892
111.597
108.341
105.912
104.129
102.841
101.925
101.285
100.845
100.547
100.349
100.219
100.136
100.083
100.05
100.029
100.017
100.01
100.006
100.003
100.002
100.001
100
100
100
100
100
100
100
100
100
100
100
100
100
100
100
100
100
100
100
100
100
100
100
100
100
100
100
100
100
100
100
100
100
100
100
100
100
100
100
100
382.017
346.553
312.521
280.676
251.544
225.431
202.456
182.587
165.688
151.544
139.893
130.447
122.91
116.993
112.422
108.947
106.35
104.439
103.057
102.074
101.385
100.912
100.591
100.377
100.237
100.147
100.09
100.054
100.032
100.019
100.011
100.006
100.003
100.002
100.001
100
100
100
100
100
100
100
100
100
100
100
100
100
100
100
100
100
100
100
100
100
100
100
100
100
100
100
100
100
100
100
100
100
100
100
100
100
100
100
100
382.595
348.207
315.042
283.779
254.938
228.858
205.719
185.555
168.286
153.746
141.708
131.906
124.057
117.874
113.086
109.438
106.706
104.693
103.235
102.196
101.468
100.967
100.627
100.4
100.252
100.156
100.095
100.057
100.034
100.02
100.011
100.006
100.004
100.002
100.001
100.001
100
100
100
100
100
100
100
100
100
100
100
100
100
100
100
100
100
100
100
100
100
100
100
100
100
100
100
100
100
100
100
100
100
100
100
100
100
100
100
382.988
349.338
316.783
285.951
257.347
231.327
208.103
187.751
170.232
155.415
143.098
133.033
124.949
118.566
113.61
109.828
106.99
104.896
103.378
102.295
101.535
101.011
100.656
100.419
100.264
100.163
100.1
100.06
100.035
100.021
100.012
100.007
100.004
100.002
100.001
100.001
100
100
100
100
100
100
100
100
100
100
100
100
100
100
100
100
100
100
100
100
100
100
100
100
100
100
100
100
100
100
100
100
100
100
100
100
100
100
100
383.256
350.113
317.984
287.464
259.044
233.087
209.823
189.354
171.668
156.658
144.142
133.887
125.631
119.097
114.015
110.131
107.212
105.056
103.49
102.373
101.588
101.047
100.68
100.434
100.273
100.169
100.103
100.062
100.037
100.021
100.012
100.007
100.004
100.002
100.001
100.001
100
100
100
100
100
100
100
100
100
100
100
100
100
100
100
100
100
100
100
100
100
100
100
100
100
100
100
100
100
100
100
100
100
100
100
100
100
100
100
383.438
350.643
318.81
288.512
260.23
234.329
211.048
190.507
172.711
157.569
144.914
134.523
126.142
119.498
114.323
110.362
107.382
105.179
103.577
102.433
101.63
101.075
100.698
100.446
100.281
100.174
100.106
100.064
100.038
100.022
100.013
100.007
100.004
100.002
100.001
100.001
100
100
100
100
100
100
100
100
100
100
100
100
100
100
100
100
100
100
100
100
100
100
100
100
100
100
100
100
100
100
100
100
100
100
100
100
100
100
100
383.562
351.003
319.374
289.233
261.052
235.196
211.911
191.326
173.458
158.227
145.475
134.989
126.518
119.795
114.552
110.535
107.51
105.271
103.643
102.479
101.661
101.096
100.712
100.455
100.287
100.178
100.109
100.065
100.039
100.023
100.013
100.007
100.004
100.002
100.001
100.001
100
100
100
100
100
100
100
100
100
100
100
100
100
100
100
100
100
100
100
100
100
100
100
100
100
100
100
100
100
100
100
100
100
100
100
100
100
100
100
383.646
351.247
319.757
289.725
261.616
235.795
212.512
191.9
173.985
158.694
145.876
135.324
126.79
120.011
114.719
110.662
107.604
105.34
103.692
102.513
101.685
101.112
100.722
100.462
100.291
100.181
100.11
100.066
100.039
100.023
100.013
100.007
100.004
100.002
100.001
100.001
100
100
100
100
100
100
100
100
100
100
100
100
100
100
100
100
100
100
100
100
100
100
100
100
100
100
100
100
100
100
100
100
100
100
100
100
100
100
100
383.702
351.411
320.016
290.058
261.999
236.204
212.924
192.297
174.351
159.02
146.159
135.561
126.984
120.165
114.84
110.753
107.672
105.39
103.728
102.539
101.702
101.123
100.73
100.467
100.294
100.183
100.112
100.067
100.04
100.023
100.013
100.008
100.004
100.002
100.001
100.001
100
100
100
100
100
100
100
100
100
100
100
100
100
100
100
100
100
100
100
100
100
100
100
100
100
100
100
100
100
100
100
100
100
100
100
100
100
100
100
383.739
351.52
320.188
290.28
262.257
236.481
213.204
192.567
174.602
159.246
146.354
135.726
127.12
120.274
114.925
110.818
107.721
105.425
103.753
102.557
101.714
101.132
100.736
100.471
100.297
100.184
100.113
100.068
100.04
100.023
100.013
100.008
100.004
100.002
100.001
100.001
100
100
100
100
100
100
100
100
100
100
100
100
100
100
100
100
100
100
100
100
100
100
100
100
100
100
100
100
100
100
100
100
100
100
100
100
100
100
100
383.764
351.592
320.301
290.428
262.428
236.665
213.392
192.749
174.772
159.399
146.488
135.839
127.213
120.349
114.984
110.864
107.755
105.451
103.772
102.569
101.723
101.138
100.74
100.474
100.298
100.185
100.113
100.068
100.04
100.024
100.013
100.008
100.004
100.002
100.001
100.001
100
100
100
100
100
100
100
100
100
100
100
100
100
100
100
100
100
100
100
100
100
100
100
100
100
100
100
100
100
100
100
100
100
100
100
100
100
100
100
383.78
351.638
320.376
290.524
262.54
236.786
213.516
192.87
174.886
159.501
146.578
135.916
127.276
120.4
115.024
110.895
107.779
105.468
103.784
102.578
101.729
101.142
100.743
100.475
100.3
100.186
100.114
100.068
100.04
100.024
100.014
100.008
100.004
100.002
100.001
100.001
100
100
100
100
100
100
100
100
100
100
100
100
100
100
100
100
100
100
100
100
100
100
100
100
100
100
100
100
100
100
100
100
100
100
100
100
100
100
100
383.79
351.669
320.424
290.587
262.613
236.866
213.597
192.95
174.96
159.569
146.637
135.967
127.319
120.434
115.051
110.916
107.794
105.48
103.792
102.584
101.734
101.145
100.745
100.477
100.3
100.186
100.114
100.069
100.041
100.024
100.014
100.008
100.004
100.002
100.001
100.001
100
100
100
100
100
100
100
100
100
100
100
100
100
100
100
100
100
100
100
100
100
100
100
100
100
100
100
100
100
100
100
100
100
100
100
100
100
100
100
383.797
351.688
320.454
290.626
262.66
236.916
213.649
193.001
175.008
159.613
146.676
136
127.346
120.457
115.069
110.93
107.805
105.487
103.798
102.588
101.736
101.147
100.746
100.478
100.301
100.187
100.114
100.069
100.041
100.024
100.014
100.008
100.004
100.002
100.001
100.001
100
100
100
100
100
100
100
100
100
100
100
100
100
100
100
100
100
100
100
100
100
100
100
100
100
100
100
100
100
100
100
100
100
100
100
100
100
100
100
383.801
351.7
320.474
290.652
262.69
236.948
213.682
193.033
175.039
159.641
146.701
136.021
127.364
120.472
115.081
110.939
107.812
105.492
103.802
102.591
101.738
101.148
100.747
100.478
100.301
100.187
100.114
100.069
100.041
100.024
100.014
100.008
100.004
100.002
100.001
100.001
100
100
100
100
100
100
100
100
100
100
100
100
100
100
100
100
100
100
100
100
100
100
100
100
100
100
100
100
100
100
100
100
100
100
100
100
100
100
100
383.804
351.708
320.486
290.667
262.708
236.969
213.703
193.054
175.059
159.659
146.717
136.035
127.376
120.481
115.088
110.944
107.816
105.496
103.804
102.593
101.74
101.149
100.747
100.478
100.302
100.187
100.114
100.069
100.041
100.024
100.014
100.008
100.004
100.002
100.001
100.001
100
100
100
100
100
100
100
100
100
100
100
100
100
100
100
100
100
100
100
100
100
100
100
100
100
100
100
100
100
100
100
100
100
100
100
100
100
100
100
383.805
351.712
320.493
290.677
262.719
236.981
213.716
193.067
175.071
159.67
146.727
136.043
127.383
120.487
115.093
110.948
107.819
105.498
103.806
102.594
101.74
101.15
100.748
100.479
100.302
100.187
100.114
100.069
100.041
100.024
100.014
100.008
100.004
100.002
100.001
100.001
100
100
100
100
100
100
100
100
100
100
100
100
100
100
100
100
100
100
100
100
100
100
100
100
100
100
100
100
100
100
100
100
100
100
100
100
100
100
100
383.806
351.715
320.498
290.683
262.726
236.989
213.724
193.074
175.078
159.677
146.733
136.049
127.387
120.49
115.096
110.95
107.821
105.499
103.807
102.594
101.741
101.15
100.748
100.479
100.302
100.187
100.115
100.069
100.041
100.024
100.014
100.008
100.004
100.002
100.001
100.001
100
100
100
100
100
100
100
100
100
100
100
100
100
100
100
100
100
100
100
100
100
100
100
100
100
100
100
100
100
100
100
100
100
100
100
100
100
100
100
383.807
351.717
320.5
290.686
262.731
236.993
213.728
193.079
175.083
159.681
146.736
136.052
127.39
120.493
115.098
110.952
107.822
105.5
103.807
102.595
101.741
101.15
100.748
100.479
100.302
100.187
100.115
100.069
100.041
100.024
100.014
100.008
100.004
100.002
100.001
100.001
100
100
100
100
100
100
100
100
100
100
100
100
100
100
100
100
100
100
100
100
100
100
100
100
100
100
100
100
100
100
100
100
100
100
100
100
100
100
100
383.807
351.718
320.502
290.689
262.733
236.996
213.731
193.082
175.085
159.683
146.739
136.054
127.392
120.494
115.099
110.953
107.822
105.5
103.808
102.595
101.741
101.15
100.748
100.479
100.302
100.187
100.115
100.069
100.041
100.024
100.014
100.008
100.004
100.002
100.001
100.001
100
100
100
100
100
100
100
100
100
100
100
100
100
100
100
100
100
100
100
100
100
100
100
100
100
100
100
100
100
100
100
100
100
100
100
100
100
100
100
383.807
351.718
320.503
290.69
262.734
236.997
213.733
193.084
175.087
159.685
146.74
136.055
127.393
120.495
115.099
110.953
107.823
105.501
103.808
102.595
101.741
101.15
100.748
100.479
100.302
100.187
100.115
100.069
100.041
100.024
100.014
100.008
100.004
100.002
100.001
100.001
100
100
100
100
100
100
100
100
100
100
100
100
100
100
100
100
100
100
100
100
100
100
100
100
100
100
100
100
100
100
100
100
100
100
100
100
100
100
100
383.807
351.719
320.503
290.691
262.735
236.998
213.734
193.084
175.088
159.686
146.741
136.056
127.393
120.495
115.1
110.953
107.823
105.501
103.808
102.595
101.741
101.15
100.748
100.479
100.302
100.187
100.115
100.069
100.041
100.024
100.014
100.008
100.004
100.002
100.001
100.001
100
100
100
100
100
100
100
100
100
100
100
100
100
100
100
100
100
100
100
100
100
100
100
100
100
100
100
100
100
100
100
100
100
100
100
100
100
100
100
383.807
351.719
320.504
290.691
262.736
236.999
213.734
193.085
175.088
159.686
146.741
136.056
127.393
120.495
115.1
110.954
107.823
105.501
103.808
102.595
101.741
101.15
100.748
100.479
100.302
100.187
100.115
100.069
100.041
100.024
100.014
100.008
100.004
100.002
100.001
100.001
100
100
100
100
100
100
100
100
100
100
100
100
100
100
100
100
100
100
100
100
100
100
100
100
100
100
100
100
100
100
100
100
100
100
100
100
100
100
100
383.808
351.719
320.504
290.691
262.736
236.999
213.735
193.085
175.089
159.686
146.741
136.056
127.394
120.496
115.1
110.954
107.823
105.501
103.808
102.595
101.741
101.15
100.748
100.479
100.302
100.187
100.115
100.069
100.041
100.024
100.014
100.008
100.004
100.002
100.001
100.001
100
100
100
100
100
100
100
100
100
100
100
100
100
100
100
100
100
100
100
100
100
100
100
100
100
100
100
100
100
100
100
100
100
100
100
100
100
100
100
383.808
351.719
320.504
290.691
262.736
236.999
213.735
193.085
175.089
159.687
146.741
136.056
127.394
120.496
115.1
110.954
107.823
105.501
103.808
102.595
101.741
101.15
100.748
100.479
100.302
100.187
100.115
100.069
100.041
100.024
100.014
100.008
100.004
100.002
100.001
100.001
100
100
100
100
100
100
100
100
100
100
100
100
100
100
100
100
100
100
100
100
100
100
100
100
100
100
100
100
100
100
100
100
100
100
100
100
100
100
100
383.808
351.719
320.504
290.691
262.736
236.999
213.735
193.086
175.089
159.687
146.741
136.056
127.394
120.496
115.1
110.954
107.823
105.501
103.808
102.595
101.741
101.15
100.748
100.479
100.302
100.187
100.115
100.069
100.041
100.024
100.014
100.008
100.004
100.002
100.001
100.001
100
100
100
100
100
100
100
100
100
100
100
100
100
100
100
100
100
100
100
100
100
100
100
100
100
100
100
100
100
100
100
100
100
100
100
100
100
100
100
383.808
351.719
320.504
290.691
262.736
237
213.735
193.086
175.089
159.687
146.742
136.056
127.394
120.496
115.1
110.954
107.823
105.501
103.808
102.595
101.741
101.15
100.748
100.479
100.302
100.187
100.115
100.069
100.041
100.024
100.014
100.008
100.004
100.002
100.001
100.001
100
100
100
100
100
100
100
100
100
100
100
100
100
100
100
100
100
100
100
100
100
100
100
100
100
100
100
100
100
100
100
100
100
100
100
100
100
100
100
383.808
351.719
320.504
290.691
262.736
237
213.735
193.086
175.089
159.687
146.742
136.056
127.394
120.496
115.1
110.954
107.823
105.501
103.808
102.595
101.741
101.15
100.748
100.479
100.302
100.187
100.115
100.069
100.041
100.024
100.014
100.008
100.004
100.002
100.001
100.001
100
100
100
100
100
100
100
100
100
100
100
100
100
100
100
100
100
100
100
100
100
100
100
100
100
100
100
100
100
100
100
100
100
100
100
100
100
100
100
383.808
351.719
320.504
290.691
262.736
237
213.735
193.086
175.089
159.687
146.742
136.056
127.394
120.496
115.1
110.954
107.823
105.501
103.808
102.595
101.741
101.15
100.748
100.479
100.302
100.187
100.115
100.069
100.041
100.024
100.014
100.008
100.004
100.002
100.001
100.001
100
100
100
100
100
100
100
100
100
100
100
100
100
100
100
100
100
100
100
100
100
100
100
100
100
100
100
100
100
100
100
100
100
100
100
100
100
100
100
383.808
351.719
320.504
290.691
262.736
237
213.735
193.086
175.089
159.687
146.742
136.056
127.394
120.496
115.1
110.954
107.823
105.501
103.808
102.595
101.741
101.15
100.748
100.479
100.302
100.187
100.115
100.069
100.041
100.024
100.014
100.008
100.004
100.002
100.001
100.001
100
100
100
100
100
100
100
100
100
100
100
100
100
100
100
100
100
100
100
100
100
100
100
100
100
100
100
100
100
100
100
100
100
100
100
100
100
100
100
383.808
351.719
320.504
290.691
262.736
237
213.735
193.086
175.089
159.687
146.742
136.056
127.394
120.496
115.1
110.954
107.823
105.501
103.808
102.595
101.741
101.15
100.748
100.479
100.302
100.187
100.115
100.069
100.041
100.024
100.014
100.008
100.004
100.002
100.001
100.001
100
100
100
100
100
100
100
100
100
100
100
100
100
100
100
100
100
100
100
100
100
100
100
100
100
100
100
100
100
100
100
100
100
100
100
100
100
100
100
383.808
351.719
320.504
290.691
262.736
237
213.735
193.086
175.089
159.687
146.742
136.056
127.394
120.496
115.1
110.954
107.823
105.501
103.808
102.595
101.741
101.15
100.748
100.479
100.302
100.187
100.115
100.069
100.041
100.024
100.014
100.008
100.004
100.002
100.001
100.001
100
100
100
100
100
100
100
100
100
100
100
100
100
100
100
100
100
100
100
100
100
100
100
100
100
100
100
100
100
100
100
100
100
100
100
100
100
100
100
383.808
351.719
320.504
290.691
262.736
237
213.735
193.086
175.089
159.687
146.742
136.056
127.394
120.496
115.1
110.954
107.823
105.501
103.808
102.595
101.741
101.15
100.748
100.479
100.302
100.187
100.115
100.069
100.041
100.024
100.014
100.008
100.004
100.002
100.001
100.001
100
100
100
100
100
100
100
100
100
100
100
100
100
100
100
100
100
100
100
100
100
100
100
100
100
100
100
100
100
100
100
100
100
100
100
100
100
100
100
383.808
351.719
320.504
290.691
262.736
237
213.735
193.086
175.089
159.687
146.742
136.056
127.394
120.496
115.1
110.954
107.823
105.501
103.808
102.595
101.741
101.15
100.748
100.479
100.302
100.187
100.115
100.069
100.041
100.024
100.014
100.008
100.004
100.002
100.001
100.001
100
100
100
100
100
100
100
100
100
100
100
100
100
100
100
100
100
100
100
100
100
100
100
100
100
100
100
100
100
100
100
100
100
100
100
100
100
100
100
383.808
351.719
320.504
290.691
262.736
237
213.735
193.086
175.089
159.687
146.742
136.056
127.394
120.496
115.1
110.954
107.823
105.501
103.808
102.595
101.741
101.15
100.748
100.479
100.302
100.187
100.115
100.069
100.041
100.024
100.014
100.008
100.004
100.002
100.001
100.001
100
100
100
100
100
100
100
100
100
100
100
100
100
100
100
100
100
100
100
100
100
100
100
100
100
100
100
100
100
100
100
100
100
100
100
100
100
100
100
383.808
351.719
320.504
290.691
262.736
237
213.735
193.086
175.089
159.687
146.742
136.056
127.394
120.496
115.1
110.954
107.823
105.501
103.808
102.595
101.741
101.15
100.748
100.479
100.302
100.187
100.115
100.069
100.041
100.024
100.014
100.008
100.004
100.002
100.001
100.001
100
100
100
100
100
100
100
100
100
100
100
100
100
100
100
100
100
100
100
100
100
100
100
100
100
100
100
100
100
100
100
100
100
100
100
100
100
100
100
383.808
351.719
320.504
290.691
262.736
237
213.735
193.086
175.089
159.687
146.742
136.056
127.394
120.496
115.1
110.954
107.823
105.501
103.808
102.595
101.741
101.15
100.748
100.479
100.302
100.187
100.115
100.069
100.041
100.024
100.014
100.008
100.004
100.002
100.001
100.001
100
100
100
100
100
100
100
100
100
100
100
100
100
100
100
100
100
100
100
100
100
100
100
100
100
100
100
100
100
100
100
100
100
100
100
100
100
100
100
383.808
351.719
320.504
290.691
262.736
237
213.735
193.086
175.089
159.687
146.742
136.056
127.394
120.496
115.1
110.954
107.823
105.501
103.808
102.595
101.741
101.15
100.748
100.479
100.302
100.187
100.115
100.069
100.041
100.024
100.014
100.008
100.004
100.002
100.001
100.001
100
100
100
100
100
100
100
100
100
100
100
100
100
100
100
100
100
100
100
100
100
100
100
100
100
100
100
100
100
100
100
100
100
100
100
100
100
100
100
383.808
351.719
320.504
290.691
262.736
237
213.735
193.086
175.089
159.687
146.742
136.056
127.394
120.496
115.1
110.954
107.823
105.501
103.808
102.595
101.741
101.15
100.748
100.479
100.302
100.187
100.115
100.069
100.041
100.024
100.014
100.008
100.004
100.002
100.001
100.001
100
100
100
100
100
100
100
100
100
100
100
100
100
100
100
100
100
100
100
100
100
100
100
100
100
100
100
100
100
100
100
100
100
100
100
100
100
100
100
383.808
351.719
320.504
290.691
262.736
237
213.735
193.086
175.089
159.687
146.742
136.056
127.394
120.496
115.1
110.954
107.823
105.501
103.808
102.595
101.741
101.15
100.748
100.479
100.302
100.187
100.115
100.069
100.041
100.024
100.014
100.008
100.004
100.002
100.001
100.001
100
100
100
100
100
100
100
100
100
100
100
100
100
100
100
100
100
100
100
100
100
100
100
100
100
100
100
100
100
100
100
100
100
100
100
100
100
100
100
383.808
351.719
320.504
290.691
262.736
237
213.735
193.086
175.089
159.687
146.742
136.056
127.394
120.496
115.1
110.954
107.823
105.501
103.808
102.595
101.741
101.15
100.748
100.479
100.302
100.187
100.115
100.069
100.041
100.024
100.014
100.008
100.004
100.002
100.001
100.001
100
100
100
100
100
100
100
100
100
100
100
100
100
100
100
100
100
100
100
100
100
100
100
100
100
100
100
100
100
100
100
100
100
100
100
100
100
100
100
383.808
351.719
320.504
290.691
262.736
237
213.735
193.086
175.089
159.687
146.742
136.056
127.394
120.496
115.1
110.954
107.823
105.501
103.808
102.595
101.741
101.15
100.748
100.479
100.302
100.187
100.115
100.069
100.041
100.024
100.014
100.008
100.004
100.002
100.001
100.001
100
100
100
100
100
100
100
100
100
100
100
100
100
100
100
100
100
100
100
100
100
100
100
100
100
100
100
100
100
100
100
100
100
100
100
100
100
100
100
383.808
351.719
320.504
290.691
262.736
237
213.735
193.086
175.089
159.687
146.742
136.056
127.394
120.496
115.1
110.954
107.823
105.501
103.808
102.595
101.741
101.15
100.748
100.479
100.302
100.187
100.115
100.069
100.041
100.024
100.014
100.008
100.004
100.002
100.001
100.001
100
100
100
100
100
100
100
100
100
100
100
100
100
100
100
100
100
100
100
100
100
100
100
100
100
100
100
100
100
100
100
100
100
100
100
100
100
100
100
383.808
351.719
320.504
290.691
262.736
237
213.735
193.086
175.089
159.687
146.742
136.056
127.394
120.496
115.1
110.954
107.823
105.501
103.808
102.595
101.741
101.15
100.748
100.479
100.302
100.187
100.115
100.069
100.041
100.024
100.014
100.008
100.004
100.002
100.001
100.001
100
100
100
100
100
100
100
100
100
100
100
100
100
100
100
100
100
100
100
100
100
100
100
100
100
100
100
100
100
100
100
100
100
100
100
100
100
100
100
383.808
351.719
320.504
290.691
262.736
237
213.735
193.086
175.089
159.687
146.742
136.056
127.394
120.496
115.1
110.954
107.823
105.501
103.808
102.595
101.741
101.15
100.748
100.479
100.302
100.187
100.115
100.069
100.041
100.024
100.014
100.008
100.004
100.002
100.001
100.001
100
100
100
100
100
100
100
100
100
100
100
100
100
100
100
100
100
100
100
100
100
100
100
100
100
100
100
100
100
100
100
100
100
100
100
100
100
100
100
383.808
351.719
320.504
290.691
262.736
237
213.735
193.086
175.089
159.687
146.742
136.056
127.394
120.496
115.1
110.954
107.823
105.501
103.808
102.595
101.741
101.15
100.748
100.479
100.302
100.187
100.115
100.069
100.041
100.024
100.014
100.008
100.004
100.002
100.001
100.001
100
100
100
100
100
100
100
100
100
100
100
100
100
100
100
100
100
100
100
100
100
100
100
100
100
100
100
100
100
100
100
100
100
100
100
100
100
100
100
383.808
351.719
320.504
290.691
262.736
237
213.735
193.086
175.089
159.687
146.742
136.056
127.394
120.496
115.1
110.954
107.823
105.501
103.808
102.595
101.741
101.15
100.748
100.479
100.302
100.187
100.115
100.069
100.041
100.024
100.014
100.008
100.004
100.002
100.001
100.001
100
100
100
100
100
100
100
100
100
100
100
100
100
100
100
100
100
100
100
100
100
100
100
100
100
100
100
100
100
100
100
100
100
100
100
100
100
100
100
383.808
351.719
320.504
290.691
262.736
237
213.735
193.086
175.089
159.687
146.742
136.056
127.394
120.496
115.1
110.954
107.823
105.501
103.808
102.595
101.741
101.15
100.748
100.479
100.302
100.187
100.115
100.069
100.041
100.024
100.014
100.008
100.004
100.002
100.001
100.001
100
100
100
100
100
100
100
100
100
100
100
100
100
100
100
100
100
100
100
100
100
100
100
100
100
100
100
100
100
100
100
100
100
100
100
100
100
100
100
383.808
351.719
320.504
290.691
262.736
237
213.735
193.086
175.089
159.687
146.742
136.056
127.394
120.496
115.1
110.954
107.823
105.501
103.808
102.595
101.741
101.15
100.748
100.479
100.302
100.187
100.115
100.069
100.041
100.024
100.014
100.008
100.004
100.002
100.001
100.001
100
100
100
100
100
100
100
100
100
100
100
100
100
100
100
100
100
100
100
100
100
100
100
100
100
100
100
100
100
100
100
100
100
100
100
100
100
100
100
383.808
351.719
320.504
290.691
262.736
237
213.735
193.086
175.089
159.687
146.742
136.056
127.394
120.496
115.1
110.954
107.823
105.501
103.808
102.595
101.741
101.15
100.748
100.479
100.302
100.187
100.115
100.069
100.041
100.024
100.014
100.008
100.004
100.002
100.001
100.001
100
100
100
100
100
100
100
100
100
100
100
100
100
100
100
100
100
100
100
100
100
100
100
100
100
100
100
100
100
100
100
100
100
100
100
100
100
100
100
383.808
351.719
320.504
290.691
262.736
237
213.735
193.086
175.089
159.687
146.742
136.056
127.394
120.496
115.1
110.954
107.823
105.501
103.808
102.595
101.741
101.15
100.748
100.479
100.302
100.187
100.115
100.069
100.041
100.024
100.014
100.008
100.004
100.002
100.001
100.001
100
100
100
100
100
100
100
100
100
100
100
100
100
100
100
100
100
100
100
100
100
100
100
100
100
100
100
100
100
100
100
100
100
100
100
100
100
100
100
383.808
351.719
320.504
290.691
262.736
237
213.735
193.086
175.089
159.687
146.742
136.056
127.394
120.496
115.1
110.954
107.823
105.501
103.808
102.595
101.741
101.15
100.748
100.479
100.302
100.187
100.115
100.069
100.041
100.024
100.014
100.008
100.004
100.002
100.001
100.001
100
100
100
100
100
100
100
100
100
100
100
100
100
100
100
100
100
100
100
100
100
100
100
100
100
100
100
100
100
100
100
100
100
100
100
100
100
100
100
383.808
351.719
320.504
290.691
262.736
237
213.735
193.086
175.089
159.687
146.742
136.056
127.394
120.496
115.1
110.954
107.823
105.501
103.808
102.595
101.741
101.15
100.748
100.479
100.302
100.187
100.115
100.069
100.041
100.024
100.014
100.008
100.004
100.002
100.001
100.001
100
100
100
100
100
100
100
100
100
100
100
100
100
100
100
100
100
100
100
100
100
100
100
100
100
100
100
100
100
100
100
100
100
100
100
100
100
100
100
383.808
351.719
320.504
290.691
262.736
237
213.735
193.086
175.089
159.687
146.742
136.056
127.394
120.496
115.1
110.954
107.823
105.501
103.808
102.595
101.741
101.15
100.748
100.479
100.302
100.187
100.115
100.069
100.041
100.024
100.014
100.008
100.004
100.002
100.001
100.001
100
100
100
100
100
100
100
100
100
100
100
100
100
100
100
100
100
100
100
100
100
100
100
100
100
100
100
100
100
100
100
100
100
100
100
100
100
100
100
383.808
351.719
320.504
290.691
262.736
237
213.735
193.086
175.089
159.687
146.742
136.056
127.394
120.496
115.1
110.954
107.823
105.501
103.808
102.595
101.741
101.15
100.748
100.479
100.302
100.187
100.115
100.069
100.041
100.024
100.014
100.008
100.004
100.002
100.001
100.001
100
100
100
100
100
100
100
100
100
100
100
100
100
100
100
100
100
100
100
100
100
100
100
100
100
100
100
100
100
100
100
100
100
100
100
100
100
100
100
383.808
351.719
320.504
290.691
262.736
237
213.735
193.086
175.089
159.687
146.742
136.056
127.394
120.496
115.1
110.954
107.823
105.501
103.808
102.595
101.741
101.15
100.748
100.479
100.302
100.187
100.115
100.069
100.041
100.024
100.014
100.008
100.004
100.002
100.001
100.001
100
100
100
100
100
100
100
100
100
100
100
100
100
100
100
100
100
100
100
100
100
100
100
100
100
100
100
100
100
100
100
100
100
100
100
100
100
100
100
383.808
351.719
320.504
290.691
262.736
237
213.735
193.086
175.089
159.687
146.742
136.056
127.394
120.496
115.1
110.954
107.823
105.501
103.808
102.595
101.741
101.15
100.748
100.479
100.302
100.187
100.115
100.069
100.041
100.024
100.014
100.008
100.004
100.002
100.001
100.001
100
100
100
100
100
100
100
100
100
100
100
100
100
100
100
100
100
100
100
100
100
100
100
100
100
100
100
100
100
100
100
100
100
100
100
100
100
100
100
383.808
351.719
320.504
290.691
262.736
237
213.735
193.086
175.089
159.687
146.742
136.056
127.394
120.496
115.1
110.954
107.823
105.501
103.808
102.595
101.741
101.15
100.748
100.479
100.302
100.187
100.115
100.069
100.041
100.024
100.014
100.008
100.004
100.002
100.001
100.001
100
100
100
100
100
100
100
100
100
100
100
100
100
100
100
100
100
100
100
100
100
100
100
100
100
100
100
100
100
100
100
100
100
100
100
100
100
100
100
383.808
351.719
320.504
290.691
262.736
237
213.735
193.086
175.089
159.687
146.742
136.056
127.394
120.496
115.1
110.954
107.823
105.501
103.808
102.595
101.741
101.15
100.748
100.479
100.302
100.187
100.115
100.069
100.041
100.024
100.014
100.008
100.004
100.002
100.001
100.001
100
100
100
100
100
100
100
100
100
100
100
100
100
100
100
100
100
100
100
100
100
100
100
100
100
100
100
100
100
100
100
100
100
100
100
100
100
100
100
383.808
351.719
320.504
290.691
262.736
237
213.735
193.086
175.089
159.687
146.742
136.056
127.394
120.496
115.1
110.954
107.823
105.501
103.808
102.595
101.741
101.15
100.748
100.479
100.302
100.187
100.115
100.069
100.041
100.024
100.014
100.008
100.004
100.002
100.001
100.001
100
100
100
100
100
100
100
100
100
100
100
100
100
100
100
100
100
100
100
100
100
100
100
100
100
100
100
100
100
100
100
100
100
100
100
100
100
100
100
383.808
351.719
320.504
290.691
262.736
237
213.735
193.086
175.089
159.687
146.742
136.056
127.394
120.496
115.1
110.954
107.823
105.501
103.808
102.595
101.741
101.15
100.748
100.479
100.302
100.187
100.115
100.069
100.041
100.024
100.014
100.008
100.004
100.002
100.001
100.001
100
100
100
100
100
100
100
100
100
100
100
100
100
100
100
100
100
100
100
100
100
100
100
100
100
100
100
100
100
100
100
100
100
100
100
100
100
100
100
383.808
351.719
320.504
290.691
262.736
237
213.735
193.086
175.089
159.687
146.742
136.056
127.394
120.496
115.1
110.954
107.823
105.501
103.808
102.595
101.741
101.15
100.748
100.479
100.302
100.187
100.115
100.069
100.041
100.024
100.014
100.008
100.004
100.002
100.001
100.001
100
100
100
100
100
100
100
100
100
100
100
100
100
100
100
100
100
100
100
100
100
100
100
100
100
100
100
100
100
100
100
100
100
100
100
100
100
100
100
383.808
351.719
320.504
290.691
262.736
237
213.735
193.086
175.089
159.687
146.742
136.056
127.394
120.496
115.1
110.954
107.823
105.501
103.808
102.595
101.741
101.15
100.748
100.479
100.302
100.187
100.115
100.069
100.041
100.024
100.014
100.008
100.004
100.002
100.001
100.001
100
100
100
100
100
100
100
100
100
100
100
100
100
100
100
100
100
100
100
100
100
100
100
100
100
100
100
100
100
100
100
100
100
100
100
100
100
100
100
383.808
351.719
320.504
290.691
262.736
237
213.735
193.086
175.089
159.687
146.742
136.056
127.394
120.496
115.1
110.954
107.823
105.501
103.808
102.595
101.741
101.15
100.748
100.479
100.302
100.187
100.115
100.069
100.041
100.024
100.014
100.008
100.004
100.002
100.001
100.001
100
100
100
100
100
100
100
100
100
100
100
100
100
100
100
100
100
100
100
100
100
100
100
100
100
100
100
100
100
100
100
100
100
100
100
100
100
100
100
383.808
351.719
320.504
290.691
262.736
237
213.735
193.086
175.089
159.687
146.742
136.056
127.394
120.496
115.1
110.954
107.823
105.501
103.808
102.595
101.741
101.15
100.748
100.479
100.302
100.187
100.115
100.069
100.041
100.024
100.014
100.008
100.004
100.002
100.001
100.001
100
100
100
100
100
100
100
100
100
100
100
100
100
100
100
100
100
100
100
100
100
100
100
100
100
100
100
100
100
100
100
100
100
100
100
100
100
100
100
383.808
351.719
320.504
290.691
262.736
237
213.735
193.086
175.089
159.687
146.742
136.056
127.394
120.496
115.1
110.954
107.823
105.501
103.808
102.595
101.741
101.15
100.748
100.479
100.302
100.187
100.115
100.069
100.041
100.024
100.014
100.008
100.004
100.002
100.001
100.001
100
100
100
100
100
100
100
100
100
100
100
100
100
100
100
100
100
100
100
100
100
100
100
100
100
100
100
100
100
100
100
100
100
100
100
100
100
100
100
383.808
351.719
320.504
290.691
262.736
237
213.735
193.086
175.089
159.687
146.742
136.056
127.394
120.496
115.1
110.954
107.823
105.501
103.808
102.595
101.741
101.15
100.748
100.479
100.302
100.187
100.115
100.069
100.041
100.024
100.014
100.008
100.004
100.002
100.001
100.001
100
100
100
100
100
100
100
100
100
100
100
100
100
100
100
100
100
100
100
100
100
100
100
100
100
100
100
100
100
100
100
100
100
100
100
100
100
100
100
383.808
351.719
320.504
290.691
262.736
237
213.735
193.086
175.089
159.687
146.742
136.056
127.394
120.496
115.1
110.954
107.823
105.501
103.808
102.595
101.741
101.15
100.748
100.479
100.302
100.187
100.115
100.069
100.041
100.024
100.014
100.008
100.004
100.002
100.001
100.001
100
100
100
100
100
100
100
100
100
100
100
100
100
100
100
100
100
100
100
100
100
100
100
100
100
100
100
100
100
100
100
100
100
100
100
100
100
100
100
383.808
351.719
320.504
290.691
262.736
237
213.735
193.086
175.089
159.687
146.742
136.056
127.394
120.496
115.1
110.954
107.823
105.501
103.808
102.595
101.741
101.15
100.748
100.479
100.302
100.187
100.115
100.069
100.041
100.024
100.014
100.008
100.004
100.002
100.001
100.001
100
100
100
100
100
100
100
100
100
100
100
100
100
100
100
100
100
100
100
100
100
100
100
100
100
100
100
100
100
100
100
100
100
100
100
100
100
100
100
383.808
351.719
320.504
290.691
262.736
237
213.735
193.086
175.089
159.687
146.742
136.056
127.394
120.496
115.1
110.954
107.823
105.501
103.808
102.595
101.741
101.15
100.748
100.479
100.302
100.187
100.115
100.069
100.041
100.024
100.014
100.008
100.004
100.002
100.001
100.001
100
100
100
100
100
100
100
100
100
100
100
100
100
100
100
100
100
100
100
100
100
100
100
100
100
100
100
100
100
100
100
100
100
100
100
100
100
100
100
383.808
351.719
320.504
290.691
262.736
237
213.735
193.086
175.089
159.687
146.742
136.056
127.394
120.496
115.1
110.954
107.823
105.501
103.808
102.595
101.741
101.15
100.748
100.479
100.302
100.187
100.115
100.069
100.041
100.024
100.014
100.008
100.004
100.002
100.001
100.001
100
100
100
100
100
100
100
100
100
100
100
100
100
100
100
100
100
100
100
100
100
100
100
100
100
100
100
100
100
100
100
100
100
100
100
100
100
100
100
383.808
351.719
320.504
290.691
262.736
237
213.735
193.086
175.089
159.687
146.742
136.056
127.394
120.496
115.1
110.954
107.823
105.501
103.808
102.595
101.741
101.15
100.748
100.479
100.302
100.187
100.115
100.069
100.041
100.024
100.014
100.008
100.004
100.002
100.001
100.001
100
100
100
100
100
100
100
100
100
100
100
100
100
100
100
100
100
100
100
100
100
100
100
100
100
100
100
100
100
100
100
100
100
100
100
100
100
100
100
383.808
351.719
320.504
290.691
262.736
237
213.735
193.086
175.089
159.687
146.742
136.056
127.394
120.496
115.1
110.954
107.823
105.501
103.808
102.595
101.741
101.15
100.748
100.479
100.302
100.187
100.115
100.069
100.041
100.024
100.014
100.008
100.004
100.002
100.001
100.001
100
100
100
100
100
100
100
100
100
100
100
100
100
100
100
100
100
100
100
100
100
100
100
100
100
100
100
100
100
100
100
100
100
100
100
100
100
100
100
383.808
351.719
320.504
290.691
262.736
237
213.735
193.086
175.089
159.687
146.742
136.056
127.394
120.496
115.1
110.954
107.823
105.501
103.808
102.595
101.741
101.15
100.748
100.479
100.302
100.187
100.115
100.069
100.041
100.024
100.014
100.008
100.004
100.002
100.001
100.001
100
100
100
100
100
100
100
100
100
100
100
100
100
100
100
100
100
100
100
100
100
100
100
100
100
100
100
100
100
100
100
100
100
100
100
100
100
100
100
383.808
351.719
320.504
290.691
262.736
237
213.735
193.086
175.089
159.687
146.742
136.056
127.394
120.496
115.1
110.954
107.823
105.501
103.808
102.595
101.741
101.15
100.748
100.479
100.302
100.187
100.115
100.069
100.041
100.024
100.014
100.008
100.004
100.002
100.001
100.001
100
100
100
100
100
100
100
100
100
100
100
100
100
100
100
100
100
100
100
100
100
100
100
100
100
100
100
100
100
100
100
100
100
100
100
100
100
100
100
383.808
351.719
320.504
290.691
262.736
237
213.735
193.086
175.089
159.687
146.742
136.056
127.394
120.496
115.1
110.954
107.823
105.501
103.808
102.595
101.741
101.15
100.748
100.479
100.302
100.187
100.115
100.069
100.041
100.024
100.014
100.008
100.004
100.002
100.001
100.001
100
100
100
100
100
100
100
100
100
100
100
100
100
100
100
100
100
100
100
100
100
100
100
100
100
100
100
100
100
100
100
100
100
100
100
100
100
100
100
383.808
351.719
320.504
290.691
262.736
237
213.735
193.086
175.089
159.687
146.742
136.056
127.394
120.496
115.1
110.954
107.823
105.501
103.808
102.595
101.741
101.15
100.748
100.479
100.302
100.187
100.115
100.069
100.041
100.024
100.014
100.008
100.004
100.002
100.001
100.001
100
100
100
100
100
100
100
100
100
100
100
100
100
100
100
100
100
100
100
100
100
100
100
100
100
100
100
100
100
100
100
100
100
100
100
100
100
100
100
383.808
351.719
320.504
290.691
262.736
237
213.735
193.086
175.089
159.687
146.742
136.056
127.394
120.496
115.1
110.954
107.823
105.501
103.808
102.595
101.741
101.15
100.748
100.479
100.302
100.187
100.115
100.069
100.041
100.024
100.014
100.008
100.004
100.002
100.001
100.001
100
100
100
100
100
100
100
100
100
100
100
100
100
100
100
100
100
100
100
100
100
100
100
100
100
100
100
100
100
100
100
100
100
100
100
100
100
100
100
383.808
351.719
320.504
290.691
262.736
237
213.735
193.086
175.089
159.687
146.742
136.056
127.394
120.496
115.1
110.954
107.823
105.501
103.808
102.595
101.741
101.15
100.748
100.479
100.302
100.187
100.115
100.069
100.041
100.024
100.014
100.008
100.004
100.002
100.001
100.001
100
100
100
100
100
100
100
100
100
100
100
100
100
100
100
100
100
100
100
100
100
100
100
100
100
100
100
100
100
100
100
100
100
100
100
100
100
100
100
383.808
351.719
320.504
290.691
262.736
237
213.735
193.086
175.089
159.687
146.742
136.056
127.394
120.496
115.1
110.954
107.823
105.501
103.808
102.595
101.741
101.15
100.748
100.479
100.302
100.187
100.115
100.069
100.041
100.024
100.014
100.008
100.004
100.002
100.001
100.001
100
100
100
100
100
100
100
100
100
100
100
100
100
100
100
100
100
100
100
100
100
100
100
100
100
100
100
100
100
100
100
100
100
100
100
100
100
100
100
383.808
351.719
320.504
290.691
262.736
237
213.735
193.086
175.089
159.687
146.742
136.056
127.394
120.496
115.1
110.954
107.823
105.501
103.808
102.595
101.741
101.15
100.748
100.479
100.302
100.187
100.115
100.069
100.041
100.024
100.014
100.008
100.004
100.002
100.001
100.001
100
100
100
100
100
100
100
100
100
100
100
100
100
100
100
100
100
100
100
100
100
100
100
100
100
100
100
100
100
100
100
100
100
100
100
100
100
100
100
383.808
351.719
320.504
290.691
262.736
237
213.735
193.086
175.089
159.687
146.742
136.056
127.394
120.496
115.1
110.954
107.823
105.501
103.808
102.595
101.741
101.15
100.748
100.479
100.302
100.187
100.115
100.069
100.041
100.024
100.014
100.008
100.004
100.002
100.001
100.001
100
100
100
100
100
100
100
100
100
100
100
100
100
100
100
100
100
100
100
100
100
100
100
100
100
100
100
100
100
100
100
100
100
100
100
100
100
100
100
383.808
351.719
320.504
290.691
262.736
237
213.735
193.086
175.089
159.687
146.742
136.056
127.394
120.496
115.1
110.954
107.823
105.501
103.808
102.595
101.741
101.15
100.748
100.479
100.302
100.187
100.115
100.069
100.041
100.024
100.014
100.008
100.004
100.002
100.001
100.001
100
100
100
100
100
100
100
100
100
100
100
100
100
100
100
100
100
100
100
100
100
100
100
100
100
100
100
100
100
100
100
100
100
100
100
100
100
100
100
383.808
351.719
320.504
290.691
262.736
237
213.735
193.086
175.089
159.687
146.742
136.056
127.394
120.496
115.1
110.954
107.823
105.501
103.808
102.595
101.741
101.15
100.748
100.479
100.302
100.187
100.115
100.069
100.041
100.024
100.014
100.008
100.004
100.002
100.001
100.001
100
100
100
100
100
100
100
100
100
100
100
100
100
100
100
100
100
100
100
100
100
100
100
100
100
100
100
100
100
100
100
100
100
100
100
100
100
100
100
383.808
351.719
320.504
290.691
262.736
237
213.735
193.086
175.089
159.687
146.742
136.056
127.394
120.496
115.1
110.954
107.823
105.501
103.808
102.595
101.741
101.15
100.748
100.479
100.302
100.187
100.115
100.069
100.041
100.024
100.014
100.008
100.004
100.002
100.001
100.001
100
100
100
100
100
100
100
100
100
100
100
100
100
100
100
100
100
100
100
100
100
100
100
100
100
100
100
100
100
100
100
100
100
100
100
100
100
100
100
383.808
351.719
320.504
290.691
262.736
237
213.735
193.086
175.089
159.687
146.742
136.056
127.394
120.496
115.1
110.954
107.823
105.501
103.808
102.595
101.741
101.15
100.748
100.479
100.302
100.187
100.115
100.069
100.041
100.024
100.014
100.008
100.004
100.002
100.001
100.001
100
100
100
100
100
100
100
100
100
100
100
100
100
100
100
100
100
100
100
100
100
100
100
100
100
100
100
100
100
100
100
100
100
100
100
100
100
100
100
383.808
351.719
320.504
290.691
262.736
237
213.735
193.086
175.089
159.687
146.742
136.056
127.394
120.496
115.1
110.954
107.823
105.501
103.808
102.595
101.741
101.15
100.748
100.479
100.302
100.187
100.115
100.069
100.041
100.024
100.014
100.008
100.004
100.002
100.001
100.001
100
100
100
100
100
100
100
100
100
100
100
100
100
100
100
100
100
100
100
100
100
100
100
100
100
100
100
100
100
100
100
100
100
100
100
100
100
100
100
383.808
351.719
320.504
290.691
262.736
237
213.735
193.086
175.089
159.687
146.742
136.056
127.394
120.496
115.1
110.954
107.823
105.501
103.808
102.595
101.741
101.15
100.748
100.479
100.302
100.187
100.115
100.069
100.041
100.024
100.014
100.008
100.004
100.002
100.001
100.001
100
100
100
100
100
100
100
100
100
100
100
100
100
100
100
100
100
100
100
100
100
100
100
100
100
100
100
100
100
100
100
100
100
100
100
100
100
100
100
383.808
351.719
320.504
290.691
262.736
237
213.735
193.086
175.089
159.687
146.742
136.056
127.394
120.496
115.1
110.954
107.823
105.501
103.808
102.595
101.741
101.15
100.748
100.479
100.302
100.187
100.115
100.069
100.041
100.024
100.014
100.008
100.004
100.002
100.001
100.001
100
100
100
100
100
100
100
100
100
100
100
100
100
100
100
100
100
100
100
100
100
100
100
100
100
100
100
100
100
100
100
100
100
100
100
100
100
100
100
383.808
351.719
320.504
290.691
262.736
237
213.735
193.086
175.089
159.687
146.742
136.056
127.394
120.496
115.1
110.954
107.823
105.501
103.808
102.595
101.741
101.15
100.748
100.479
100.302
100.187
100.115
100.069
100.041
100.024
100.014
100.008
100.004
100.002
100.001
100.001
100
100
100
100
100
100
100
100
100
100
100
100
100
100
100
100
100
100
100
100
100
100
100
100
100
100
100
100
100
100
100
100
100
100
100
100
100
100
100
383.808
351.719
320.504
290.691
262.736
237
213.735
193.086
175.089
159.687
146.742
136.056
127.394
120.496
115.1
110.954
107.823
105.501
103.808
102.595
101.741
101.15
100.748
100.479
100.302
100.187
100.115
100.069
100.041
100.024
100.014
100.008
100.004
100.002
100.001
100.001
100
100
100
100
100
100
100
100
100
100
100
100
100
100
100
100
100
100
100
100
100
100
100
100
100
100
100
100
100
100
100
100
100
100
100
100
100
100
100
383.808
351.719
320.504
290.691
262.736
237
213.735
193.086
175.089
159.687
146.742
136.056
127.394
120.496
115.1
110.954
107.823
105.501
103.808
102.595
101.741
101.15
100.748
100.479
100.302
100.187
100.115
100.069
100.041
100.024
100.014
100.008
100.004
100.002
100.001
100.001
100
100
100
100
100
100
100
100
100
100
100
100
100
100
100
100
100
100
100
100
100
100
100
100
100
100
100
100
100
100
100
100
100
100
100
100
100
100
100
383.808
351.719
320.504
290.691
262.736
237
213.735
193.086
175.089
159.687
146.742
136.056
127.394
120.496
115.1
110.954
107.823
105.501
103.808
102.595
101.741
101.15
100.748
100.479
100.302
100.187
100.115
100.069
100.041
100.024
100.014
100.008
100.004
100.002
100.001
100.001
100
100
100
100
100
100
100
100
100
100
100
100
100
100
100
100
100
100
100
100
100
100
100
100
100
100
100
100
100
100
100
100
100
100
100
100
100
100
100
383.808
351.719
320.504
290.691
262.736
237
213.735
193.086
175.089
159.687
146.742
136.056
127.394
120.496
115.1
110.954
107.823
105.501
103.808
102.595
101.741
101.15
100.748
100.479
100.302
100.187
100.115
100.069
100.041
100.024
100.014
100.008
100.004
100.002
100.001
100.001
100
100
100
100
100
100
100
100
100
100
100
100
100
100
100
100
100
100
100
100
100
100
100
100
100
100
100
100
100
100
100
100
100
100
100
100
100
100
100
383.808
351.719
320.504
290.691
262.736
237
213.735
193.086
175.089
159.687
146.742
136.056
127.394
120.496
115.1
110.954
107.823
105.501
103.808
102.595
101.741
101.15
100.748
100.479
100.302
100.187
100.115
100.069
100.041
100.024
100.014
100.008
100.004
100.002
100.001
100.001
100
100
100
100
100
100
100
100
100
100
100
100
100
100
100
100
100
100
100
100
100
100
100
100
100
100
100
100
100
100
100
100
100
100
100
100
100
100
100
383.808
351.719
320.504
290.691
262.736
237
213.735
193.086
175.089
159.687
146.742
136.056
127.394
120.496
115.1
110.954
107.823
105.501
103.808
102.595
101.741
101.15
100.748
100.479
100.302
100.187
100.115
100.069
100.041
100.024
100.014
100.008
100.004
100.002
100.001
100.001
100
100
100
100
100
100
100
100
100
100
100
100
100
100
100
100
100
100
100
100
100
100
100
100
100
100
100
100
100
100
100
100
100
100
100
100
100
100
100
383.808
351.719
320.504
290.691
262.736
237
213.735
193.086
175.089
159.687
146.742
136.056
127.394
120.496
115.1
110.954
107.823
105.501
103.808
102.595
101.741
101.15
100.748
100.479
100.302
100.187
100.115
100.069
100.041
100.024
100.014
100.008
100.004
100.002
100.001
100.001
100
100
100
100
100
100
100
100
100
100
100
100
100
100
100
100
100
100
100
100
100
100
100
100
100
100
100
100
100
100
100
100
100
100
100
100
100
100
100
383.808
351.719
320.504
290.691
262.736
237
213.735
193.086
175.089
159.687
146.742
136.056
127.394
120.496
115.1
110.954
107.823
105.501
103.808
102.595
101.741
101.15
100.748
100.479
100.302
100.187
100.115
100.069
100.041
100.024
100.014
100.008
100.004
100.002
100.001
100.001
100
100
100
100
100
100
100
100
100
100
100
100
100
100
100
100
100
100
100
100
100
100
100
100
100
100
100
100
100
100
100
100
100
100
100
100
100
100
100
383.808
351.719
320.504
290.691
262.736
237
213.735
193.086
175.089
159.687
146.742
136.056
127.394
120.496
115.1
110.954
107.823
105.501
103.808
102.595
101.741
101.15
100.748
100.479
100.302
100.187
100.115
100.069
100.041
100.024
100.014
100.008
100.004
100.002
100.001
100.001
100
100
100
100
100
100
100
100
100
100
100
100
100
100
100
100
100
100
100
100
100
100
100
100
100
100
100
100
100
100
100
100
100
100
100
100
100
100
100
383.808
351.719
320.504
290.691
262.736
237
213.735
193.086
175.089
159.687
146.742
136.056
127.394
120.496
115.1
110.954
107.823
105.501
103.808
102.595
101.741
101.15
100.748
100.479
100.302
100.187
100.115
100.069
100.041
100.024
100.014
100.008
100.004
100.002
100.001
100.001
100
100
100
100
100
100
100
100
100
100
100
100
100
100
100
100
100
100
100
100
100
100
100
100
100
100
100
100
100
100
100
100
100
100
100
100
100
100
100
383.808
351.719
320.504
290.691
262.736
237
213.735
193.086
175.089
159.687
146.742
136.056
127.394
120.496
115.1
110.954
107.823
105.501
103.808
102.595
101.741
101.15
100.748
100.479
100.302
100.187
100.115
100.069
100.041
100.024
100.014
100.008
100.004
100.002
100.001
100.001
100
100
100
100
100
100
100
100
100
100
100
100
100
100
100
100
100
100
100
100
100
100
100
100
100
100
100
100
100
100
100
100
100
100
100
100
100
100
100
383.808
351.719
320.504
290.691
262.736
237
213.735
193.086
175.089
159.687
146.742
136.056
127.394
120.496
115.1
110.954
107.823
105.501
103.808
102.595
101.741
101.15
100.748
100.479
100.302
100.187
100.115
100.069
100.041
100.024
100.014
100.008
100.004
100.002
100.001
100.001
100
100
100
100
100
100
100
100
100
100
100
100
100
100
100
100
100
100
100
100
100
100
100
100
100
100
100
100
100
100
100
100
100
100
100
100
100
100
100
383.808
351.719
320.504
290.691
262.736
237
213.735
193.086
175.089
159.687
146.742
136.056
127.394
120.496
115.1
110.954
107.823
105.501
103.808
102.595
101.741
101.15
100.748
100.479
100.302
100.187
100.115
100.069
100.041
100.024
100.014
100.008
100.004
100.002
100.001
100.001
100
100
100
100
100
100
100
100
100
100
100
100
100
100
100
100
100
100
100
100
100
100
100
100
100
100
100
100
100
100
100
100
100
100
100
100
100
100
100
383.808
351.719
320.504
290.691
262.736
237
213.735
193.086
175.089
159.687
146.742
136.056
127.394
120.496
115.1
110.954
107.823
105.501
103.808
102.595
101.741
101.15
100.748
100.479
100.302
100.187
100.115
100.069
100.041
100.024
100.014
100.008
100.004
100.002
100.001
100.001
100
100
100
100
100
100
100
100
100
100
100
100
100
100
100
100
100
100
100
100
100
100
100
100
100
100
100
100
100
100
100
100
100
100
100
100
100
100
100
383.808
351.719
320.504
290.691
262.736
237
213.735
193.086
175.089
159.687
146.742
136.056
127.394
120.496
115.1
110.954
107.823
105.501
103.808
102.595
101.741
101.15
100.748
100.479
100.302
100.187
100.115
100.069
100.041
100.024
100.014
100.008
100.004
100.002
100.001
100.001
100
100
100
100
100
100
100
100
100
100
100
100
100
100
100
100
100
100
100
100
100
100
100
100
100
100
100
100
100
100
100
100
100
100
100
100
100
100
100
383.808
351.719
320.504
290.691
262.736
237
213.735
193.086
175.089
159.687
146.742
136.056
127.394
120.496
115.1
110.954
107.823
105.501
103.808
102.595
101.741
101.15
100.748
100.479
100.302
100.187
100.115
100.069
100.041
100.024
100.014
100.008
100.004
100.002
100.001
100.001
100
100
100
100
100
100
100
100
100
100
100
100
100
100
100
100
100
100
100
100
100
100
100
100
100
100
100
100
100
100
100
100
100
100
100
100
100
100
100
383.808
351.719
320.504
290.691
262.736
237
213.735
193.086
175.089
159.687
146.742
136.056
127.394
120.496
115.1
110.954
107.823
105.501
103.808
102.595
101.741
101.15
100.748
100.479
100.302
100.187
100.115
100.069
100.041
100.024
100.014
100.008
100.004
100.002
100.001
100.001
100
100
100
100
100
100
100
100
100
100
100
100
100
100
100
100
100
100
100
100
100
100
100
100
100
100
100
100
100
100
100
100
100
100
100
100
100
100
100
383.808
351.719
320.504
290.691
262.736
237
213.735
193.086
175.089
159.687
146.742
136.056
127.394
120.496
115.1
110.954
107.823
105.501
103.808
102.595
101.741
101.15
100.748
100.479
100.302
100.187
100.115
100.069
100.041
100.024
100.014
100.008
100.004
100.002
100.001
100.001
100
100
100
100
100
100
100
100
100
100
100
100
100
100
100
100
100
100
100
100
100
100
100
100
100
100
100
100
100
100
100
100
100
100
100
100
100
100
100
383.808
351.719
320.504
290.691
262.736
237
213.735
193.086
175.089
159.687
146.742
136.056
127.394
120.496
115.1
110.954
107.823
105.501
103.808
102.595
101.741
101.15
100.748
100.479
100.302
100.187
100.115
100.069
100.041
100.024
100.014
100.008
100.004
100.002
100.001
100.001
100
100
100
100
100
100
100
100
100
100
100
100
100
100
100
100
100
100
100
100
100
100
100
100
100
100
100
100
100
100
100
100
100
100
100
100
100
100
100
383.808
351.719
320.504
290.691
262.736
237
213.735
193.086
175.089
159.687
146.742
136.056
127.394
120.496
115.1
110.954
107.823
105.501
103.808
102.595
101.741
101.15
100.748
100.479
100.302
100.187
100.115
100.069
100.041
100.024
100.014
100.008
100.004
100.002
100.001
100.001
100
100
100
100
100
100
100
100
100
100
100
100
100
100
100
100
100
100
100
100
100
100
100
100
100
100
100
100
100
100
100
100
100
100
100
100
100
100
100
383.808
351.719
320.504
290.691
262.736
236.999
213.735
193.086
175.089
159.687
146.741
136.056
127.394
120.496
115.1
110.954
107.823
105.501
103.808
102.595
101.741
101.15
100.748
100.479
100.302
100.187
100.115
100.069
100.041
100.024
100.014
100.008
100.004
100.002
100.001
100.001
100
100
100
100
100
100
100
100
100
100
100
100
100
100
100
100
100
100
100
100
100
100
100
100
100
100
100
100
100
100
100
100
100
100
100
100
100
100
100
383.808
351.719
320.504
290.691
262.736
236.999
213.735
193.085
175.089
159.687
146.741
136.056
127.394
120.496
115.1
110.954
107.823
105.501
103.808
102.595
101.741
101.15
100.748
100.479
100.302
100.187
100.115
100.069
100.041
100.024
100.014
100.008
100.004
100.002
100.001
100.001
100
100
100
100
100
100
100
100
100
100
100
100
100
100
100
100
100
100
100
100
100
100
100
100
100
100
100
100
100
100
100
100
100
100
100
100
100
100
100
383.808
351.719
320.504
290.691
262.736
236.999
213.735
193.085
175.089
159.686
146.741
136.056
127.394
120.496
115.1
110.954
107.823
105.501
103.808
102.595
101.741
101.15
100.748
100.479
100.302
100.187
100.115
100.069
100.041
100.024
100.014
100.008
100.004
100.002
100.001
100.001
100
100
100
100
100
100
100
100
100
100
100
100
100
100
100
100
100
100
100
100
100
100
100
100
100
100
100
100
100
100
100
100
100
100
100
100
100
100
100
383.807
351.719
320.504
290.691
262.736
236.999
213.734
193.085
175.088
159.686
146.741
136.056
127.393
120.495
115.1
110.954
107.823
105.501
103.808
102.595
101.741
101.15
100.748
100.479
100.302
100.187
100.115
100.069
100.041
100.024
100.014
100.008
100.004
100.002
100.001
100.001
100
100
100
100
100
100
100
100
100
100
100
100
100
100
100
100
100
100
100
100
100
100
100
100
100
100
100
100
100
100
100
100
100
100
100
100
100
100
100
383.807
351.719
320.503
290.691
262.735
236.998
213.734
193.084
175.088
159.686
146.741
136.056
127.393
120.495
115.1
110.953
107.823
105.501
103.808
102.595
101.741
101.15
100.748
100.479
100.302
100.187
100.115
100.069
100.041
100.024
100.014
100.008
100.004
100.002
100.001
100.001
100
100
100
100
100
100
100
100
100
100
100
100
100
100
100
100
100
100
100
100
100
100
100
100
100
100
100
100
100
100
100
100
100
100
100
100
100
100
100
383.807
351.718
320.503
290.69
262.734
236.997
213.733
193.084
175.087
159.685
146.74
136.055
127.393
120.495
115.099
110.953
107.823
105.501
103.808
102.595
101.741
101.15
100.748
100.479
100.302
100.187
100.115
100.069
100.041
100.024
100.014
100.008
100.004
100.002
100.001
100.001
100
100
100
100
100
100
100
100
100
100
100
100
100
100
100
100
100
100
100
100
100
100
100
100
100
100
100
100
100
100
100
100
100
100
100
100
100
100
100
383.807
351.718
320.502
290.689
262.733
236.996
213.731
193.082
175.085
159.683
146.739
136.054
127.392
120.494
115.099
110.953
107.822
105.5
103.808
102.595
101.741
101.15
100.748
100.479
100.302
100.187
100.115
100.069
100.041
100.024
100.014
100.008
100.004
100.002
100.001
100.001
100
100
100
100
100
100
100
100
100
100
100
100
100
100
100
100
100
100
100
100
100
100
100
100
100
100
100
100
100
100
100
100
100
100
100
100
100
100
100
383.807
351.717
320.5
290.686
262.731
236.993
213.728
193.079
175.083
159.681
146.736
136.052
127.39
120.493
115.098
110.952
107.822
105.5
103.807
102.595
101.741
101.15
100.748
100.479
100.302
100.187
100.115
100.069
100.041
100.024
100.014
100.008
100.004
100.002
100.001
100.001
100
100
100
100
100
100
100
100
100
100
100
100
100
100
100
100
100
100
100
100
100
100
100
100
100
100
100
100
100
100
100
100
100
100
100
100
100
100
100
383.806
351.715
320.498
290.683
262.726
236.989
213.724
193.074
175.078
159.677
146.733
136.049
127.387
120.49
115.096
110.95
107.821
105.499
103.807
102.594
101.741
101.15
100.748
100.479
100.302
100.187
100.115
100.069
100.041
100.024
100.014
100.008
100.004
100.002
100.001
100.001
100
100
100
100
100
100
100
100
100
100
100
100
100
100
100
100
100
100
100
100
100
100
100
100
100
100
100
100
100
100
100
100
100
100
100
100
100
100
100
383.805
351.712
320.493
290.677
262.719
236.981
213.716
193.067
175.071
159.67
146.727
136.043
127.383
120.487
115.093
110.948
107.819
105.498
103.806
102.594
101.74
101.15
100.748
100.479
100.302
100.187
100.114
100.069
100.041
100.024
100.014
100.008
100.004
100.002
100.001
100.001
100
100
100
100
100
100
100
100
100
100
100
100
100
100
100
100
100
100
100
100
100
100
100
100
100
100
100
100
100
100
100
100
100
100
100
100
100
100
100
383.804
351.708
320.486
290.667
262.708
236.969
213.703
193.054
175.059
159.659
146.717
136.035
127.376
120.481
115.088
110.944
107.816
105.496
103.804
102.593
101.74
101.149
100.747
100.478
100.302
100.187
100.114
100.069
100.041
100.024
100.014
100.008
100.004
100.002
100.001
100.001
100
100
100
100
100
100
100
100
100
100
100
100
100
100
100
100
100
100
100
100
100
100
100
100
100
100
100
100
100
100
100
100
100
100
100
100
100
100
100
383.801
351.7
320.474
290.652
262.69
236.948
213.682
193.033
175.039
159.641
146.701
136.021
127.364
120.472
115.081
110.939
107.812
105.492
103.802
102.591
101.738
101.148
100.747
100.478
100.301
100.187
100.114
100.069
100.041
100.024
100.014
100.008
100.004
100.002
100.001
100.001
100
100
100
100
100
100
100
100
100
100
100
100
100
100
100
100
100
100
100
100
100
100
100
100
100
100
100
100
100
100
100
100
100
100
100
100
100
100
100
383.797
351.688
320.454
290.626
262.66
236.916
213.649
193.001
175.008
159.613
146.676
136
127.346
120.457
115.069
110.93
107.805
105.487
103.798
102.588
101.736
101.147
100.746
100.478
100.301
100.187
100.114
100.069
100.041
100.024
100.014
100.008
100.004
100.002
100.001
100.001
100
100
100
100
100
100
100
100
100
100
100
100
100
100
100
100
100
100
100
100
100
100
100
100
100
100
100
100
100
100
100
100
100
100
100
100
100
100
100
383.79
351.669
320.424
290.587
262.613
236.866
213.597
192.95
174.96
159.569
146.637
135.967
127.319
120.434
115.051
110.916
107.794
105.48
103.793
102.584
101.734
101.145
100.745
100.477
100.3
100.186
100.114
100.069
100.041
100.024
100.014
100.008
100.004
100.002
100.001
100.001
100
100
100
100
100
100
100
100
100
100
100
100
100
100
100
100
100
100
100
100
100
100
100
100
100
100
100
100
100
100
100
100
100
100
100
100
100
100
100
383.78
351.638
320.376
290.524
262.54
236.786
213.516
192.87
174.886
159.501
146.578
135.916
127.276
120.4
115.024
110.895
107.779
105.468
103.784
102.578
101.729
101.142
100.743
100.475
100.3
100.186
100.114
100.068
100.04
100.024
100.014
100.008
100.004
100.002
100.001
100.001
100
100
100
100
100
100
100
100
100
100
100
100
100
100
100
100
100
100
100
100
100
100
100
100
100
100
100
100
100
100
100
100
100
100
100
100
100
100
100
383.764
351.592
320.301
290.428
262.428
236.665
213.392
192.749
174.772
159.399
146.488
135.839
127.213
120.349
114.984
110.864
107.755
105.451
103.772
102.569
101.723
101.138
100.74
100.474
100.298
100.185
100.113
100.068
100.04
100.024
100.013
100.008
100.004
100.002
100.001
100.001
100
100
100
100
100
100
100
100
100
100
100
100
100
100
100
100
100
100
100
100
100
100
100
100
100
100
100
100
100
100
100
100
100
100
100
100
100
100
100
383.739
351.52
320.188
290.28
262.257
236.481
213.204
192.567
174.602
159.246
146.354
135.726
127.12
120.274
114.925
110.818
107.721
105.425
103.753
102.557
101.714
101.132
100.736
100.471
100.297
100.184
100.113
100.068
100.04
100.023
100.013
100.008
100.004
100.002
100.001
100.001
100
100
100
100
100
100
100
100
100
100
100
100
100
100
100
100
100
100
100
100
100
100
100
100
100
100
100
100
100
100
100
100
100
100
100
100
100
100
100
383.702
351.411
320.016
290.058
261.999
236.204
212.924
192.297
174.351
159.02
146.159
135.561
126.984
120.165
114.84
110.753
107.672
105.39
103.728
102.539
101.702
101.123
100.73
100.467
100.294
100.183
100.112
100.067
100.04
100.023
100.013
100.008
100.004
100.002
100.001
100.001
100
100
100
100
100
100
100
100
100
100
100
100
100
100
100
100
100
100
100
100
100
100
100
100
100
100
100
100
100
100
100
100
100
100
100
100
100
100
100
383.646
351.247
319.757
289.725
261.616
235.795
212.512
191.9
173.985
158.694
145.876
135.324
126.79
120.011
114.719
110.662
107.604
105.34
103.692
102.513
101.685
101.112
100.722
100.462
100.291
100.181
100.11
100.066
100.039
100.023
100.013
100.007
100.004
100.002
100.001
100.001
100
100
100
100
100
100
100
100
100
100
100
100
100
100
100
100
100
100
100
100
100
100
100
100
100
100
100
100
100
100
100
100
100
100
100
100
100
100
100
383.562
351.003
319.374
289.233
261.052
235.196
211.911
191.326
173.458
158.227
145.475
134.989
126.518
119.795
114.552
110.535
107.51
105.271
103.643
102.479
101.661
101.096
100.712
100.455
100.287
100.178
100.109
100.065
100.039
100.023
100.013
100.007
100.004
100.002
100.001
100.001
100
100
100
100
100
100
100
100
100
100
100
100
100
100
100
100
100
100
100
100
100
100
100
100
100
100
100
100
100
100
100
100
100
100
100
100
100
100
100
383.438
350.643
318.81
288.512
260.23
234.329
211.048
190.507
172.711
157.569
144.914
134.524
126.142
119.498
114.323
110.362
107.382
105.179
103.577
102.433
101.63
101.075
100.698
100.446
100.281
100.174
100.106
100.064
100.038
100.022
100.013
100.007
100.004
100.002
100.001
100.001
100
100
100
100
100
100
100
100
100
100
100
100
100
100
100
100
100
100
100
100
100
100
100
100
100
100
100
100
100
100
100
100
100
100
100
100
100
100
100
383.256
350.113
317.984
287.464
259.044
233.087
209.823
189.354
171.668
156.658
144.142
133.888
125.631
119.097
114.015
110.131
107.212
105.056
103.49
102.373
101.588
101.047
100.68
100.434
100.273
100.169
100.103
100.062
100.037
100.021
100.012
100.007
100.004
100.002
100.001
100.001
100
100
100
100
100
100
100
100
100
100
100
100
100
100
100
100
100
100
100
100
100
100
100
100
100
100
100
100
100
100
100
100
100
100
100
100
100
100
100
382.988
349.338
316.783
285.951
257.347
231.327
208.103
187.751
170.232
155.415
143.098
133.033
124.949
118.566
113.61
109.828
106.99
104.896
103.378
102.295
101.535
101.011
100.656
100.419
100.264
100.163
100.1
100.06
100.035
100.021
100.012
100.007
100.004
100.002
100.001
100.001
100
100
100
100
100
100
100
100
100
100
100
100
100
100
100
100
100
100
100
100
100
100
100
100
100
100
100
100
100
100
100
100
100
100
100
100
100
100
100
382.595
348.207
315.042
283.779
254.938
228.859
205.719
185.555
168.286
153.746
141.708
131.906
124.057
117.874
113.086
109.438
106.706
104.693
103.235
102.196
101.468
100.967
100.627
100.4
100.252
100.156
100.095
100.057
100.034
100.02
100.011
100.006
100.004
100.002
100.001
100.001
100
100
100
100
100
100
100
100
100
100
100
100
100
100
100
100
100
100
100
100
100
100
100
100
100
100
100
100
100
100
100
100
100
100
100
100
100
100
100
382.017
346.553
312.521
280.676
251.544
225.431
202.456
182.588
165.688
151.544
139.893
130.447
122.91
116.993
112.422
108.947
106.35
104.439
103.057
102.074
101.386
100.912
100.591
100.377
100.237
100.147
100.09
100.054
100.032
100.019
100.011
100.006
100.003
100.002
100.001
100
100
100
100
100
100
100
100
100
100
100
100
100
100
100
100
100
100
100
100
100
100
100
100
100
100
100
100
100
100
100
100
100
100
100
100
100
100
100
100
381.161
344.12
308.866
276.251
246.793
220.72
198.046
178.641
162.281
148.691
137.567
128.595
121.468
115.892
111.597
108.341
105.912
104.129
102.841
101.925
101.285
100.845
100.547
100.349
100.219
100.136
100.083
100.05
100.029
100.017
100.01
100.006
100.003
100.002
100.001
100
100
100
100
100
100
100
100
100
100
100
100
100
100
100
100
100
100
100
100
100
100
100
100
100
100
100
100
100
100
100
100
100
100
100
100
100
100
100
100
379.871
340.503
303.539
269.952
240.188
214.315
192.172
173.477
157.894
145.068
134.647
126.294
119.69
114.545
110.595
107.609
105.386
103.757
102.582
101.749
101.167
100.767
100.496
100.316
100.199
100.123
100.075
100.045
100.027
100.015
100.009
100.005
100.003
100.001
100.001
100
100
100
100
100
100
100
100
100
100
100
100
100
100
100
100
100
100
100
100
100
100
100
100
100
100
100
100
100
100
100
100
100
100
100
100
100
100
100
100
377.874
335.023
295.708
260.984
231.069
205.715
184.474
166.85
152.361
140.565
131.063
123.498
117.551
112.936
109.406
106.744
104.768
103.322
102.281
101.543
101.029
100.676
100.437
100.279
100.175
100.108
100.066
100.04
100.023
100.014
100.008
100.004
100.002
100.001
100.001
100
100
100
100
100
100
100
100
100
100
100
100
100
100
100
100
100
100
100
100
100
100
100
100
100
100
100
100
100
100
100
100
100
100
100
100
100
100
100
100
374.638
326.482
284.047
248.215
218.595
194.345
174.581
158.528
145.544
135.102
126.771
120.185
115.036
111.059
108.026
105.747
104.057
102.824
101.937
101.31
100.872
100.573
100.37
100.236
100.148
100.091
100.056
100.033
100.02
100.011
100.007
100.004
100.002
100.001
100.001
100
100
100
100
100
100
100
100
100
100
100
100
100
100
100
100
100
100
100
100
100
100
100
100
100
100
100
100
100
100
100
100
100
100
100
100
100
100
100
100
368.968
312.618
266.426
230.084
201.767
179.621
162.175
148.352
137.37
128.655
121.767
116.361
112.157
108.923
106.466
104.623
103.26
102.267
101.554
101.05
100.699
100.459
100.296
100.189
100.118
100.073
100.045
100.027
100.016
100.009
100.005
100.003
100.002
100.001
100
100
100
100
100
100
100
100
100
100
100
100
100
100
100
100
100
100
100
100
100
100
100
100
100
100
100
100
100
100
100
100
100
100
100
100
100
100
100
100
100
357.694
288.915
239.466
204.606
179.577
161.096
147.099
136.301
127.877
121.275
116.104
112.072
108.951
106.559
104.746
103.39
102.388
101.659
101.137
100.768
100.511
100.335
100.216
100.138
100.086
100.053
100.032
100.019
100.011
100.007
100.004
100.002
100.001
100.001
100
100
100
100
100
100
100
100
100
100
100
100
100
100
100
100
100
100
100
100
100
100
100
100
100
100
100
100
100
100
100
100
100
100
100
100
100
100
100
100
100
330.665
246.115
198.29
169.788
151.426
138.742
129.518
122.578
117.249
113.116
109.901
107.407
105.484
104.013
102.901
102.07
101.458
101.012
100.693
100.468
100.311
100.204
100.132
100.084
100.053
100.032
100.02
100.012
100.007
100.004
100.002
100.001
100.001
100
100
100
100
100
100
100
100
100
100
100
100
100
100
100
100
100
100
100
100
100
100
100
100
100
100
100
100
100
100
100
100
100
100
100
100
100
100
100
100
100
100
249.563
166.729
138.015
125.131
117.953
113.327
110.075
107.67
105.843
104.434
103.342
102.498
101.847
101.351
100.976
100.696
100.49
100.34
100.233
100.157
100.105
100.069
100.044
100.028
100.018
100.011
100.007
100.004
100.002
100.001
100.001
100
100
100
100
100
100
100
100
100
100
100
100
100
100
100
100
100
100
100
100
100
100
100
100
100
100
100
100
100
100
100
100
100
100
100
100
100
100
100
100
100
100
100
100
)
;

boundaryField
{
    upperwall
    {
        type            fixedValue;
        value           uniform 400;
    }
    rightwall
    {
        type            fixedValue;
        value           uniform 100;
    }
    leftwall
    {
        type            fixedValue;
        value           uniform 100;
    }
    bottomwall
    {
        type            fixedValue;
        value           uniform 100;
    }
    frontandback
    {
        type            empty;
    }
}


// ************************************************************************* //
