/*--------------------------------*- C++ -*----------------------------------*\
  =========                 |
  \\      /  F ield         | OpenFOAM: The Open Source CFD Toolbox
   \\    /   O peration     | Website:  https://openfoam.org
    \\  /    A nd           | Version:  10
     \\/     M anipulation  |
\*---------------------------------------------------------------------------*/
FoamFile
{
    format      ascii;
    class       volScalarField;
    location    "1850";
    object      T;
}
// * * * * * * * * * * * * * * * * * * * * * * * * * * * * * * * * * * * * * //

dimensions      [0 0 0 1 0 0 0];

internalField   nonuniform List<scalar> 
11250
(
249.971
167.942
139.998
127.827
121.289
117.215
114.419
112.37
110.798
109.55
108.533
107.686
106.967
106.35
105.812
105.339
104.92
104.544
104.206
103.9
103.622
103.367
103.133
102.918
102.719
102.535
102.364
102.206
102.058
101.92
101.791
101.671
101.558
101.453
101.354
101.262
101.175
101.094
101.018
100.947
100.88
100.817
100.759
100.704
100.652
100.604
100.559
100.517
100.478
100.441
100.406
100.374
100.344
100.316
100.29
100.266
100.243
100.222
100.202
100.184
100.167
100.15
100.135
100.121
100.108
100.095
100.084
100.072
100.062
100.051
100.041
100.032
100.023
100.014
100.004
331.886
249.742
204.218
177.851
161.401
150.369
142.509
136.633
132.071
128.422
125.43
122.929
120.803
118.971
117.373
115.966
114.716
113.597
112.589
111.675
110.843
110.082
109.383
108.74
108.145
107.595
107.083
106.608
106.166
105.753
105.367
105.007
104.67
104.354
104.059
103.782
103.523
103.279
103.051
102.838
102.638
102.45
102.274
102.109
101.955
101.811
101.676
101.55
101.432
101.321
101.218
101.122
101.032
100.948
100.87
100.797
100.729
100.666
100.606
100.551
100.499
100.451
100.406
100.363
100.324
100.286
100.25
100.217
100.185
100.154
100.124
100.096
100.068
100.041
100.013
359.716
294.922
249.285
217.958
196.098
180.354
168.618
159.586
152.436
146.639
141.841
137.801
134.35
131.363
128.75
126.442
124.387
122.545
120.883
119.375
118
116.741
115.585
114.519
113.534
112.621
111.774
110.986
110.251
109.566
108.926
108.327
107.767
107.243
106.752
106.292
105.86
105.456
105.077
104.722
104.389
104.077
103.784
103.51
103.254
103.014
102.789
102.579
102.383
102.199
102.028
101.868
101.718
101.579
101.448
101.327
101.214
101.108
101.009
100.917
100.831
100.751
100.676
100.605
100.539
100.476
100.417
100.361
100.307
100.256
100.207
100.159
100.113
100.067
100.022
371.772
320.948
280.041
248.601
224.681
206.333
192.029
180.661
171.454
163.862
157.501
152.093
147.439
143.389
139.829
136.674
133.856
131.323
129.033
126.952
125.051
123.31
121.708
120.23
118.863
117.595
116.417
115.321
114.299
113.345
112.454
111.621
110.84
110.11
109.425
108.784
108.182
107.619
107.09
106.594
106.13
105.694
105.286
104.904
104.546
104.21
103.897
103.603
103.329
103.073
102.833
102.609
102.401
102.206
102.024
101.854
101.696
101.548
101.411
101.282
101.162
101.049
100.944
100.845
100.753
100.665
100.583
100.504
100.43
100.358
100.289
100.223
100.158
100.094
100.031
378.197
337.057
301.334
271.728
247.695
228.275
212.508
199.583
188.864
179.863
172.215
165.643
159.937
154.936
150.516
146.581
143.054
139.873
136.989
134.362
131.96
129.754
127.722
125.846
124.108
122.495
120.996
119.599
118.296
117.079
115.942
114.877
113.881
112.947
112.072
111.252
110.483
109.761
109.085
108.45
107.856
107.298
106.775
106.286
105.827
105.398
104.996
104.62
104.269
103.94
103.633
103.346
103.079
102.829
102.596
102.378
102.175
101.986
101.809
101.644
101.49
101.346
101.211
101.085
100.966
100.853
100.747
100.647
100.551
100.46
100.371
100.286
100.203
100.121
100.04
382.158
347.75
316.514
289.286
266.102
246.57
230.153
216.31
204.565
194.523
185.866
178.339
171.742
165.916
160.735
156.097
151.922
148.143
144.706
141.568
138.691
136.044
133.603
131.344
129.25
127.304
125.493
123.804
122.228
120.755
119.378
118.088
116.88
115.747
114.685
113.689
112.755
111.879
111.057
110.286
109.563
108.885
108.25
107.654
107.096
106.574
106.085
105.627
105.199
104.799
104.426
104.077
103.751
103.447
103.163
102.898
102.651
102.42
102.205
102.004
101.816
101.64
101.476
101.322
101.177
101.04
100.911
100.789
100.672
100.56
100.453
100.349
100.247
100.147
100.049
384.842
355.273
327.688
302.807
280.862
261.76
245.233
230.948
218.575
207.813
198.401
190.122
182.794
176.271
170.429
165.172
160.415
156.093
152.148
148.536
145.215
142.154
139.325
136.703
134.269
132.004
129.893
127.924
126.084
124.363
122.752
121.243
119.828
118.502
117.258
116.09
114.995
113.967
113.002
112.097
111.248
110.452
109.705
109.005
108.35
107.736
107.161
106.623
106.12
105.649
105.21
104.799
104.416
104.058
103.724
103.412
103.121
102.85
102.596
102.36
102.139
101.932
101.738
101.557
101.386
101.225
101.073
100.929
100.791
100.66
100.533
100.411
100.291
100.174
100.058
386.779
360.815
336.164
313.396
292.788
274.385
258.081
243.688
230.99
219.768
209.821
200.971
193.062
185.964
179.563
173.768
168.499
163.69
159.286
155.239
151.509
148.062
144.869
141.905
139.148
136.58
134.184
131.945
129.851
127.891
126.055
124.334
122.72
121.205
119.783
118.449
117.196
116.02
114.916
113.879
112.907
111.995
111.139
110.337
109.586
108.882
108.222
107.605
107.028
106.488
105.984
105.513
105.073
104.662
104.278
103.92
103.586
103.274
102.983
102.712
102.458
102.22
101.998
101.789
101.593
101.408
101.233
101.068
100.91
100.758
100.613
100.472
100.335
100.2
100.066
388.24
365.045
342.762
321.832
302.518
284.922
269.03
254.749
241.944
230.466
220.166
210.901
202.544
194.983
188.118
181.866
176.152
170.913
166.097
161.656
157.551
153.749
150.218
146.934
143.874
141.019
138.352
135.857
133.521
131.332
129.279
127.354
125.546
123.849
122.256
120.759
119.353
118.033
116.793
115.629
114.536
113.511
112.549
111.647
110.801
110.009
109.267
108.573
107.923
107.315
106.747
106.216
105.72
105.257
104.825
104.421
104.045
103.693
103.365
103.059
102.773
102.505
102.254
102.019
101.797
101.589
101.392
101.205
101.026
100.856
100.692
100.532
100.377
100.225
100.075
389.379
368.367
348.014
328.661
310.539
293.769
278.384
264.349
251.59
240.008
229.496
219.946
211.257
203.333
196.091
189.456
183.361
177.748
172.567
167.773
163.329
159.201
155.359
151.778
148.435
145.311
142.388
139.65
137.084
134.676
132.417
130.295
128.302
126.43
124.671
123.017
121.463
120.003
118.632
117.343
116.133
114.998
113.932
112.932
111.995
111.116
110.293
109.523
108.802
108.127
107.497
106.907
106.357
105.843
105.363
104.915
104.496
104.106
103.742
103.401
103.083
102.785
102.506
102.245
101.999
101.767
101.548
101.34
101.141
100.952
100.769
100.592
100.42
100.251
100.083
390.288
371.035
352.272
334.268
317.218
301.245
286.403
272.693
260.08
248.504
237.89
228.159
219.232
211.033
203.491
196.54
190.123
184.188
178.687
173.581
168.832
164.408
160.281
156.427
152.822
149.446
146.283
143.317
140.532
137.918
135.461
133.153
130.982
128.942
127.023
125.218
123.522
121.927
120.427
119.018
117.695
116.452
115.285
114.191
113.164
112.201
111.299
110.455
109.664
108.925
108.233
107.586
106.982
106.418
105.891
105.399
104.94
104.512
104.111
103.737
103.388
103.061
102.755
102.467
102.197
101.942
101.701
101.473
101.255
101.046
100.845
100.651
100.462
100.276
100.092
391.029
373.216
355.779
338.93
322.834
307.605
293.307
279.961
267.557
256.063
245.429
235.599
226.513
218.111
210.334
203.129
196.444
190.234
184.457
179.075
174.054
169.365
164.979
160.874
157.026
153.418
150.031
146.85
143.861
141.051
138.407
135.921
133.581
131.38
129.308
127.359
125.525
123.799
122.177
120.652
119.218
117.872
116.607
115.42
114.307
113.262
112.284
111.367
110.509
109.705
108.954
108.252
107.595
106.982
106.41
105.875
105.376
104.91
104.474
104.068
103.687
103.332
102.998
102.686
102.392
102.114
101.852
101.603
101.366
101.139
100.921
100.709
100.503
100.3
100.1
391.642
375.026
358.705
342.849
327.597
313.051
299.277
286.308
274.15
262.788
252.193
242.327
233.144
224.6
216.646
209.239
202.334
195.893
189.878
184.256
178.995
174.067
169.448
165.114
161.045
157.222
153.627
150.246
147.065
144.07
141.251
138.595
136.095
133.74
131.523
129.435
127.469
125.619
123.878
122.241
120.702
119.255
117.896
116.619
115.422
114.298
113.245
112.258
111.334
110.469
109.659
108.902
108.195
107.534
106.917
106.34
105.802
105.299
104.83
104.391
103.981
103.597
103.237
102.9
102.582
102.283
102
101.731
101.475
101.23
100.994
100.766
100.543
100.324
100.108
392.156
376.548
361.174
346.176
331.668
317.744
304.465
291.87
279.974
268.777
258.263
248.406
239.176
230.538
222.455
214.89
207.808
201.174
194.957
189.127
183.655
178.516
173.687
169.147
164.875
160.854
157.068
153.501
150.14
146.973
143.987
141.173
138.521
136.021
133.664
131.444
129.353
127.383
125.529
123.784
122.142
120.599
119.148
117.786
116.507
115.307
114.181
113.126
112.138
111.213
110.347
109.538
108.781
108.074
107.413
106.795
106.219
105.681
105.178
104.708
104.268
103.857
103.471
103.11
102.769
102.448
102.145
101.857
101.582
101.319
101.066
100.821
100.582
100.348
100.116
392.591
377.839
363.278
349.023
335.174
321.81
308.991
296.757
285.13
274.116
263.71
253.897
244.657
235.964
227.79
220.106
212.883
206.091
199.704
193.695
188.039
182.714
177.698
172.971
168.515
164.314
160.351
156.612
153.085
149.756
146.616
143.652
140.856
138.218
135.73
133.384
131.173
129.089
127.126
125.278
123.539
121.903
120.365
118.919
117.562
116.287
115.092
113.971
112.922
111.938
111.018
110.157
109.352
108.599
107.896
107.239
106.626
106.053
105.517
105.017
104.549
104.111
103.7
103.315
102.952
102.61
102.287
101.98
101.687
101.407
101.137
100.876
100.621
100.371
100.123
392.964
378.946
365.085
351.478
338.21
325.351
312.957
301.065
289.703
278.88
268.601
258.857
249.635
240.918
232.686
224.914
217.58
210.66
204.13
197.969
192.154
186.665
181.482
176.589
171.967
167.601
163.476
159.579
155.898
152.419
149.133
146.03
143.099
140.331
137.719
135.254
132.929
130.736
128.67
126.723
124.89
123.165
121.543
120.017
118.584
117.239
115.976
114.792
113.682
112.643
111.67
110.759
109.907
109.111
108.367
107.672
107.022
106.415
105.848
105.318
104.822
104.358
103.923
103.515
103.13
102.768
102.425
102.099
101.789
101.492
101.206
100.929
100.658
100.393
100.131
393.285
379.901
366.648
353.609
340.856
328.451
316.445
304.875
293.768
283.139
272.996
263.337
254.155
245.438
237.171
229.338
221.92
214.897
208.25
201.96
196.008
190.376
185.046
180.003
175.232
170.717
166.444
162.402
158.578
154.961
151.54
148.306
145.248
142.359
139.629
137.051
134.618
132.322
130.158
128.117
126.195
124.384
122.681
121.08
119.574
118.16
116.833
115.588
114.42
113.327
112.303
111.344
110.447
109.609
108.825
108.092
107.408
106.768
106.171
105.612
105.089
104.599
104.14
103.709
103.304
102.922
102.56
102.216
101.889
101.575
101.273
100.98
100.695
100.415
100.138
393.564
380.731
368.009
355.468
343.172
331.175
319.524
308.253
297.39
286.952
276.95
267.386
258.258
249.559
241.279
233.406
225.925
218.821
212.078
205.68
199.61
193.854
188.395
183.22
178.314
173.664
169.257
165.082
161.127
157.382
153.836
150.479
147.303
144.299
141.46
138.776
136.241
133.847
131.589
129.459
127.451
125.56
123.78
122.105
120.53
119.051
117.661
116.358
115.135
113.989
112.916
111.911
110.971
110.091
109.269
108.5
107.782
107.111
106.483
105.897
105.348
104.834
104.352
103.899
103.473
103.071
102.691
102.33
101.986
101.656
101.338
101.031
100.731
100.436
100.145
393.808
381.456
369.2
357.099
345.209
333.579
322.25
311.257
300.624
290.371
280.51
271.047
261.983
253.316
245.039
237.143
229.617
222.451
215.63
209.141
202.972
197.108
191.536
186.243
181.218
176.446
171.918
167.621
163.546
159.683
156.02
152.551
149.265
146.154
143.211
140.427
137.796
135.31
132.963
130.749
128.66
126.692
124.838
123.094
121.453
119.91
118.461
117.101
115.825
114.629
113.509
112.459
111.477
110.558
109.699
108.896
108.145
107.443
106.787
106.173
105.599
105.061
104.557
104.083
103.637
103.216
102.818
102.44
102.08
101.735
101.402
101.08
100.766
100.457
100.152
394.022
382.093
370.247
358.535
347.008
335.708
324.672
313.934
303.517
293.44
283.718
274.359
265.367
256.74
248.478
240.572
233.018
225.804
218.921
212.358
206.104
200.148
194.477
189.081
183.948
179.068
174.429
170.023
165.838
161.865
158.096
154.521
151.133
147.922
144.882
142.005
139.283
136.711
134.28
131.985
129.82
127.779
125.855
124.044
122.34
120.738
119.232
117.818
116.491
115.247
114.081
112.989
111.967
111.01
110.115
109.278
108.496
107.765
107.081
106.441
105.842
105.281
104.755
104.261
103.796
103.357
102.942
102.547
102.171
101.811
101.464
101.127
100.799
100.477
100.159
394.21
382.654
371.171
359.806
348.602
337.598
326.83
316.325
306.109
296.2
286.614
277.358
268.44
259.862
251.623
243.719
236.147
228.899
221.967
215.344
209.019
202.983
197.226
191.739
186.512
181.534
176.796
172.289
168.004
163.932
160.064
156.392
152.909
149.605
146.475
143.51
140.704
138.049
135.54
133.17
130.932
128.821
126.831
124.957
123.193
121.533
119.973
118.508
117.132
115.842
114.633
113.5
112.439
111.446
110.517
109.648
108.835
108.075
107.365
106.7
106.078
105.495
104.948
104.434
103.95
103.494
103.061
102.651
102.26
101.885
101.523
101.173
100.832
100.497
100.165
394.377
383.151
371.99
360.932
350.018
339.282
328.756
318.466
308.437
298.686
289.228
280.075
271.234
262.707
254.498
246.605
239.025
231.753
224.784
218.111
211.727
205.624
199.793
194.226
188.914
183.849
179.022
174.425
170.048
165.885
161.927
158.166
154.594
151.205
147.99
144.943
142.058
139.326
136.743
134.301
131.995
129.819
127.766
125.832
124.011
122.297
120.685
119.171
117.749
116.415
115.164
113.991
112.893
111.866
110.904
110.004
109.162
108.375
107.639
106.95
106.305
105.7
105.133
104.601
104.099
103.625
103.177
102.751
102.345
101.956
101.581
101.218
100.863
100.516
100.171
394.525
383.593
372.717
361.935
351.281
340.786
330.479
320.386
310.529
300.926
291.592
282.539
273.773
265.302
257.127
249.25
241.67
234.383
227.386
220.674
214.241
208.08
202.185
196.548
191.163
186.02
181.113
176.434
171.974
167.728
163.687
159.843
156.19
152.721
149.428
146.305
143.345
140.542
137.89
135.381
133.01
130.772
128.66
126.669
124.794
123.028
121.367
119.806
118.34
116.964
115.674
114.464
113.331
112.269
111.276
110.347
109.477
108.664
107.903
107.191
106.524
105.899
105.313
104.761
104.242
103.753
103.289
102.848
102.428
102.025
101.637
101.261
100.894
100.534
100.177
394.656
383.986
373.366
362.83
352.409
342.131
332.024
322.112
312.414
302.949
293.731
284.773
276.083
267.667
259.531
251.675
244.1
236.805
229.788
223.045
216.572
210.363
204.413
198.715
193.264
188.052
183.073
178.32
173.786
169.464
165.347
161.428
157.7
154.157
150.792
147.598
144.569
141.698
138.98
136.409
133.978
131.681
129.513
127.469
125.542
123.728
122.02
120.415
118.907
117.491
116.163
114.917
113.75
112.657
111.634
110.676
109.78
108.942
108.157
107.423
106.735
106.09
105.485
104.916
104.381
103.875
103.396
102.941
102.508
102.092
101.691
101.302
100.923
100.551
100.183
394.774
384.337
373.946
363.63
353.419
343.338
333.412
323.664
314.113
304.777
295.669
286.801
278.184
269.825
261.728
253.896
246.332
239.035
232.004
225.237
218.731
212.482
206.484
200.734
195.225
189.952
184.909
180.09
175.488
171.097
166.911
162.922
159.125
155.514
152.082
148.822
145.729
142.796
140.017
137.386
134.898
132.547
130.326
128.231
126.256
124.395
122.644
120.997
119.449
117.995
116.631
115.352
114.152
113.029
111.977
110.992
110.071
109.208
108.401
107.645
106.938
106.274
105.651
105.065
104.514
103.993
103.5
103.031
102.584
102.156
101.743
101.342
100.952
100.568
100.189
394.879
384.651
374.465
364.347
354.325
344.422
334.661
325.063
315.647
306.43
297.424
288.644
280.097
271.792
263.736
255.931
248.381
241.086
234.047
227.262
220.73
214.446
208.409
202.613
197.054
191.727
186.626
181.748
177.084
172.631
168.381
164.329
160.469
156.795
153.3
149.98
146.827
143.835
141
138.314
135.773
133.37
131.1
128.957
126.936
125.032
123.239
121.552
119.967
118.477
117.079
115.767
114.537
113.385
112.306
111.295
110.349
109.464
108.635
107.859
107.132
106.45
105.81
105.209
104.642
104.106
103.599
103.118
102.658
102.217
101.792
101.381
100.979
100.585
100.194
394.973
384.933
374.931
364.991
355.139
345.397
335.786
326.325
317.034
307.926
299.017
290.317
281.838
273.588
265.571
257.795
250.261
242.972
235.929
229.131
222.578
216.266
210.195
204.359
198.756
193.381
188.23
183.298
178.579
174.069
169.762
165.652
161.734
158.002
154.45
151.073
147.864
144.819
141.93
139.193
136.602
134.151
131.835
129.647
127.584
125.638
123.806
122.082
120.46
118.937
117.506
116.164
114.905
113.725
112.62
111.585
110.616
109.709
108.859
108.064
107.318
106.619
105.963
105.346
104.764
104.215
103.695
103.2
102.729
102.276
101.84
101.417
101.005
100.6
100.2
395.058
385.186
375.349
365.571
355.872
346.276
336.801
327.466
318.288
309.282
300.462
291.839
283.424
275.225
267.249
259.502
251.986
244.706
237.662
230.856
224.286
217.951
211.85
205.981
200.339
194.922
189.726
184.746
179.977
175.416
171.057
166.894
162.923
159.138
155.533
152.104
148.844
145.748
142.81
140.025
137.388
134.891
132.531
130.302
128.198
126.214
124.345
122.585
120.93
119.374
117.913
116.542
115.255
114.049
112.92
111.861
110.87
109.942
109.073
108.259
107.497
106.781
106.109
105.477
104.882
104.319
103.786
103.28
102.796
102.333
101.886
101.453
101.03
100.615
100.205
395.134
385.414
375.726
366.092
356.533
347.068
337.717
328.496
319.423
310.511
301.774
293.223
284.869
276.72
268.783
261.065
253.569
246.299
239.257
232.445
225.862
219.509
213.384
207.485
201.81
196.356
191.12
186.097
181.284
176.676
172.269
168.058
164.038
160.205
156.552
153.074
149.767
146.624
143.641
140.811
138.13
135.592
133.191
130.923
128.781
126.76
124.856
123.063
121.376
119.79
118.3
116.902
115.589
114.359
113.205
112.125
111.113
110.165
109.278
108.446
107.667
106.936
106.249
105.603
104.994
104.419
103.874
103.356
102.861
102.387
101.93
101.487
101.054
100.629
100.209
395.203
385.619
376.065
366.562
357.129
347.784
338.545
329.429
320.451
311.626
302.966
294.482
286.185
278.084
270.185
262.495
255.019
247.762
240.724
233.909
227.317
220.949
214.804
208.88
203.176
197.689
192.417
187.356
182.503
177.853
173.403
169.148
165.084
161.206
157.508
153.986
150.635
147.449
144.424
141.553
138.831
136.254
133.815
131.51
129.333
127.278
125.341
123.517
121.8
120.185
118.668
117.244
115.907
114.653
113.478
112.376
111.344
110.378
109.473
108.624
107.829
107.083
106.382
105.723
105.101
104.514
103.957
103.428
102.923
102.439
101.972
101.519
101.077
100.643
100.214
395.265
385.804
376.372
366.987
357.667
348.431
339.295
330.274
321.384
312.638
304.049
295.628
287.385
279.328
271.466
263.805
256.349
249.104
242.073
235.257
228.659
222.279
216.116
210.171
204.442
198.926
193.623
188.528
183.638
178.951
174.462
170.168
166.063
162.144
158.406
154.843
151.451
148.226
145.161
142.251
139.492
136.878
134.404
132.064
129.854
127.768
125.8
123.947
122.202
120.56
119.017
117.568
116.208
114.932
113.736
112.615
111.564
110.58
109.658
108.794
107.984
107.223
106.509
105.837
105.203
104.604
104.037
103.497
102.982
102.488
102.012
101.55
101.099
100.656
100.218
395.321
385.971
376.648
367.37
358.154
349.016
339.973
331.04
322.23
313.557
305.034
296.671
288.478
280.464
272.637
265.003
257.568
250.337
243.312
236.498
229.895
223.506
217.329
211.366
205.615
200.074
194.743
189.617
184.696
179.975
175.451
171.12
166.978
163.022
159.246
155.646
152.217
148.954
145.853
142.908
140.114
137.466
134.959
132.588
130.346
128.23
126.234
124.353
122.581
120.915
119.348
117.876
116.494
115.197
113.981
112.841
111.773
110.772
109.834
108.955
108.131
107.357
106.63
105.945
105.3
104.691
104.113
103.563
103.038
102.535
102.05
101.579
101.12
100.669
100.222
395.371
386.122
376.899
367.717
358.595
349.546
340.588
331.734
322.998
314.392
305.929
297.62
289.474
281.5
273.706
266.099
258.684
251.467
244.451
237.639
231.034
224.637
218.449
212.47
206.7
201.138
195.782
190.629
185.679
180.927
176.372
172.008
167.833
163.842
160.032
156.398
152.935
149.638
146.503
143.525
140.699
138.02
135.482
133.081
130.81
128.666
126.644
124.737
122.94
121.25
119.66
118.167
116.764
115.448
114.214
113.056
111.971
110.955
110.002
109.108
108.27
107.484
106.745
106.049
105.393
104.773
104.185
103.626
103.092
102.58
102.086
101.607
101.14
100.681
100.226
395.417
386.259
377.125
368.031
358.993
350.026
341.145
332.363
323.694
315.151
306.744
298.485
290.382
282.446
274.684
267.102
259.707
252.503
245.496
238.688
232.082
225.68
219.482
213.49
207.704
202.123
196.745
191.568
186.592
181.813
177.229
172.835
168.63
164.608
160.767
157.101
153.606
150.278
147.113
144.104
141.248
138.54
135.973
133.544
131.247
129.077
127.029
125.098
123.279
121.566
119.956
118.442
117.02
115.686
114.434
113.26
112.159
111.127
110.16
109.253
108.403
107.604
106.853
106.147
105.48
104.851
104.253
103.685
103.143
102.622
102.12
101.634
101.159
100.692
100.23
395.458
386.382
377.33
368.315
359.354
350.461
341.65
332.935
324.327
315.84
307.485
299.272
291.21
283.309
275.576
268.019
260.643
253.453
246.455
239.652
233.046
226.639
220.435
214.432
208.632
203.033
197.636
192.439
187.44
182.636
178.026
173.605
169.372
165.322
161.452
157.757
154.234
150.877
147.683
144.647
141.763
139.027
136.435
133.98
131.658
129.464
127.392
125.439
123.598
121.865
120.234
118.701
117.261
115.91
114.641
113.452
112.336
111.291
110.31
109.391
108.528
107.718
106.957
106.24
105.564
104.924
104.318
103.742
103.191
102.663
102.153
101.659
101.176
100.702
100.234
395.496
386.494
377.515
368.573
359.682
350.856
342.109
333.453
324.902
316.467
308.159
299.989
291.965
284.097
276.392
268.857
261.5
254.324
247.335
240.536
233.931
227.523
221.312
215.3
209.488
203.875
198.461
193.245
188.225
183.399
178.766
174.321
170.063
165.987
162.091
158.37
154.82
151.437
148.217
145.154
142.245
139.484
136.867
134.388
132.043
129.827
127.734
125.759
123.898
122.146
120.496
118.946
117.489
116.121
114.837
113.633
112.504
111.445
110.452
109.52
108.646
107.826
107.054
106.328
105.642
104.994
104.38
103.795
103.237
102.701
102.184
101.683
101.193
100.713
100.237
395.529
386.596
377.683
368.806
359.978
351.213
342.524
333.924
325.425
317.037
308.773
300.642
292.653
284.815
277.136
269.624
262.283
255.121
248.141
241.348
234.745
228.335
222.12
216.1
210.278
204.652
199.223
193.99
188.952
184.107
179.452
174.986
170.705
166.606
162.685
158.94
155.366
151.959
148.715
145.628
142.696
139.912
137.272
134.771
132.405
130.167
128.054
126.06
124.18
122.409
120.743
119.176
117.703
116.32
115.022
113.804
112.662
111.59
110.585
109.643
108.758
107.927
107.146
106.411
105.717
105.06
104.438
103.846
103.28
102.737
102.213
101.705
101.209
100.722
100.24
395.56
386.687
377.835
369.017
360.247
351.538
342.902
334.352
325.899
317.555
309.331
301.236
293.279
285.47
277.816
270.324
263
255.851
248.88
242.093
235.492
229.081
222.862
216.837
211.005
205.369
199.927
194.68
189.625
184.762
180.088
175.602
171.3
167.18
163.238
159.471
155.875
152.446
149.179
146.071
143.117
140.311
137.65
135.129
132.743
130.486
128.354
126.342
124.445
122.657
120.975
119.392
117.905
116.507
115.196
113.965
112.81
111.727
110.711
109.758
108.864
108.023
107.233
106.489
105.787
105.123
104.493
103.893
103.321
102.771
102.241
101.727
101.225
100.731
100.243
395.588
386.771
377.973
369.209
360.491
351.832
343.244
334.74
326.33
318.026
309.839
301.777
293.851
286.068
278.436
270.963
263.655
256.518
249.557
242.775
236.178
229.767
223.545
217.514
211.676
206.03
200.577
195.316
190.247
185.368
180.677
176.173
171.853
167.713
163.752
159.965
156.348
152.899
149.612
146.483
143.509
140.684
138.004
135.464
133.059
130.784
128.635
126.606
124.692
122.889
121.192
119.595
118.094
116.683
115.359
114.116
112.95
111.856
110.83
109.867
108.963
108.114
107.315
106.563
105.853
105.181
104.545
103.938
103.359
102.803
102.267
101.747
101.239
100.74
100.246
395.613
386.846
378.098
369.383
360.712
352.099
343.555
335.093
326.722
318.455
310.301
302.27
294.371
286.612
279.002
271.547
264.254
257.129
250.176
243.401
236.806
230.396
224.172
218.137
212.292
206.638
201.175
195.903
190.821
185.928
181.222
176.702
172.364
168.208
164.228
160.423
156.788
153.32
150.014
146.867
143.875
141.032
138.334
135.776
133.354
131.063
128.898
126.853
124.924
123.107
121.395
119.785
118.271
116.848
115.512
114.258
113.081
111.977
110.941
109.969
109.056
108.199
107.392
106.632
105.915
105.237
104.593
103.981
103.396
102.834
102.292
101.766
101.252
100.748
100.249
395.636
386.914
378.212
369.541
360.913
352.342
343.838
335.413
327.078
318.844
310.721
302.718
294.844
287.109
279.518
272.08
264.801
257.687
250.743
243.973
237.382
230.973
224.748
218.71
212.859
207.198
201.726
196.444
191.35
186.445
181.725
177.19
172.838
168.665
164.669
160.847
157.196
153.71
150.388
147.224
144.215
141.355
138.641
136.067
133.63
131.323
129.143
127.084
125.141
123.31
121.585
119.963
118.436
117.002
115.655
114.391
113.204
112.09
111.046
110.065
109.144
108.279
107.464
106.697
105.974
105.289
104.639
104.021
103.43
102.862
102.315
101.784
101.265
100.755
100.251
395.657
386.976
378.315
369.684
361.095
352.561
344.094
335.704
327.401
319.198
311.103
303.126
295.276
287.561
279.988
272.566
265.3
258.197
251.261
244.497
237.91
231.502
225.276
219.235
213.38
207.713
202.234
196.942
191.838
186.921
182.19
177.642
173.275
169.088
165.078
161.241
157.574
154.073
150.735
147.556
144.531
141.656
138.927
136.338
133.886
131.565
129.371
127.299
125.343
123.5
121.763
120.129
118.592
117.147
115.79
114.515
113.319
112.197
111.143
110.155
109.226
108.353
107.532
106.759
106.028
105.338
104.682
104.058
103.462
102.889
102.336
101.8
101.277
100.763
100.254
395.676
387.033
378.408
369.813
361.26
352.761
344.326
335.968
327.695
319.52
311.45
303.497
295.668
287.973
280.417
273.01
265.756
258.663
251.734
244.976
238.392
231.986
225.76
219.717
213.859
208.186
202.7
197.4
192.288
187.36
182.618
178.058
173.679
169.479
165.456
161.605
157.924
154.409
151.057
147.863
144.824
141.935
139.192
136.59
134.124
131.791
129.584
127.499
125.532
123.677
121.929
120.284
118.736
117.282
115.915
114.632
113.427
112.296
111.235
110.239
109.303
108.423
107.596
106.816
106.08
105.383
104.722
104.093
103.492
102.914
102.357
101.816
101.288
100.769
100.256
395.693
387.084
378.492
369.931
361.41
352.942
344.537
336.207
327.962
319.812
311.766
303.835
296.026
288.347
280.808
273.414
266.172
259.088
252.167
245.414
238.834
232.429
226.203
220.159
214.297
208.62
203.128
197.822
192.701
187.765
183.012
178.442
174.052
169.84
165.804
161.941
158.247
154.72
151.354
148.148
145.096
142.194
139.438
136.824
134.346
132
129.782
127.686
125.707
123.841
122.083
120.428
118.871
117.407
116.032
114.74
113.527
112.389
111.32
110.317
109.375
108.489
107.655
106.87
106.128
105.426
104.76
104.126
103.52
102.938
102.376
101.831
101.299
100.775
100.258
395.708
387.13
378.569
370.037
361.546
353.106
344.729
336.425
328.204
320.077
312.053
304.141
296.35
288.689
281.163
273.782
266.55
259.475
252.561
245.814
239.237
232.834
226.609
220.563
214.699
209.018
203.521
198.209
193.08
188.136
183.375
178.795
174.395
170.173
166.126
162.251
158.546
155.007
151.63
148.411
145.348
142.434
139.667
137.041
134.552
132.195
129.966
127.859
125.87
123.995
122.227
120.563
118.997
117.525
116.141
114.841
113.621
112.476
111.4
110.391
109.442
108.55
107.711
106.92
106.173
105.466
104.795
104.157
103.546
102.96
102.394
101.845
101.308
100.781
100.26
395.722
387.172
378.639
370.134
361.669
353.255
344.902
336.622
328.424
320.318
312.314
304.42
296.646
288.999
281.487
274.117
266.896
259.829
252.921
246.179
239.606
233.205
226.98
220.933
215.067
209.383
203.881
198.563
193.429
188.478
183.709
179.12
174.711
170.48
166.423
162.538
158.822
155.272
151.884
148.655
145.58
142.656
139.878
137.241
134.742
132.375
130.136
128.02
126.022
124.137
122.361
120.688
119.114
117.634
116.242
114.936
113.709
112.556
111.475
110.459
109.505
108.607
107.763
106.967
106.215
105.504
104.828
104.185
103.571
102.98
102.41
101.857
101.317
100.787
100.262
395.735
387.21
378.702
370.221
361.781
353.39
345.06
336.801
328.623
320.537
312.55
304.673
296.914
289.281
281.781
274.422
267.21
260.151
253.25
246.512
239.942
233.543
227.319
221.272
215.404
209.716
204.211
198.889
193.749
188.791
184.015
179.419
175.002
170.762
166.696
162.801
159.076
155.516
152.119
148.88
145.795
142.861
140.073
137.427
134.918
132.542
130.294
128.169
126.162
124.269
122.484
120.804
119.222
117.735
116.337
115.023
113.79
112.631
111.544
110.523
109.563
108.66
107.811
107.01
106.254
105.538
104.859
104.212
103.593
102.999
102.426
101.869
101.326
100.792
100.263
395.746
387.244
378.759
370.301
361.882
353.512
345.202
336.963
328.804
320.735
312.765
304.903
297.158
289.537
282.049
274.7
267.496
260.444
253.549
246.815
240.249
233.852
227.628
221.581
215.711
210.022
204.513
199.187
194.042
189.078
184.296
179.693
175.269
171.021
166.947
163.044
159.31
155.742
152.335
149.087
145.994
143.05
140.254
137.599
135.081
132.696
130.44
128.307
126.292
124.391
122.599
120.911
119.323
117.829
116.424
115.105
113.865
112.701
111.608
110.582
109.617
108.71
107.856
107.051
106.291
105.571
104.888
104.237
103.615
103.017
102.44
101.881
101.334
100.797
100.265
395.757
387.275
378.81
370.373
361.973
353.623
345.332
337.11
328.968
320.915
312.96
305.112
297.379
289.77
282.292
274.952
267.756
260.71
253.821
247.092
240.528
234.133
227.91
221.863
215.992
210.301
204.79
199.459
194.31
189.341
184.553
179.945
175.514
171.258
167.177
163.267
159.525
155.949
152.534
149.278
146.176
143.225
140.42
137.757
135.232
132.839
130.575
128.434
126.412
124.504
122.705
121.011
119.416
117.916
116.505
115.18
113.935
112.766
111.668
110.637
109.667
108.756
107.898
107.089
106.324
105.601
104.914
104.26
103.635
103.034
102.454
101.891
101.341
100.801
100.266
395.766
387.303
378.857
370.438
362.056
353.723
345.449
337.243
329.116
321.078
313.136
305.301
297.58
289.981
282.513
275.181
267.992
260.953
254.068
247.343
240.782
234.389
228.168
222.12
216.249
210.556
205.042
199.708
194.555
189.582
184.789
180.175
175.738
171.476
167.388
163.471
159.723
156.139
152.717
149.453
146.344
143.386
140.573
137.903
135.37
132.971
130.699
128.552
126.523
124.609
122.804
121.103
119.502
117.996
116.58
115.25
114
112.826
111.723
110.687
109.714
108.798
107.936
107.124
106.356
105.629
104.939
104.282
103.653
103.049
102.466
101.901
101.348
100.805
100.268
395.774
387.329
378.899
370.496
362.131
353.814
345.555
337.364
329.251
321.225
313.296
305.472
297.762
290.173
282.713
275.389
268.207
261.173
254.293
247.572
241.014
234.623
228.402
222.355
216.483
210.788
205.272
199.936
194.779
189.802
185.005
180.386
175.943
171.676
167.582
163.659
159.904
156.314
152.885
149.615
146.499
143.533
140.714
138.037
135.498
133.092
130.814
128.66
126.625
124.705
122.894
121.188
119.582
118.071
116.65
115.314
114.06
112.881
111.774
110.735
109.757
108.838
107.972
107.156
106.385
105.655
104.962
104.302
103.67
103.064
102.478
101.91
101.355
100.809
100.269
395.782
387.352
378.937
370.549
362.199
353.896
345.651
337.473
329.373
321.359
313.441
305.628
297.927
290.347
282.895
275.577
268.402
261.373
254.498
247.78
241.224
234.835
228.615
222.568
216.696
211
205.482
200.143
194.983
190.003
185.202
180.578
176.131
171.859
167.76
163.831
160.07
156.474
153.039
149.763
146.641
143.669
140.844
138.161
135.615
133.203
130.92
128.76
126.72
124.794
122.978
121.267
119.655
118.139
116.714
115.374
114.115
112.933
111.822
110.778
109.797
108.874
108.005
107.186
106.412
105.679
104.983
104.32
103.686
103.077
102.489
101.918
101.361
100.813
100.27
395.789
387.372
378.972
370.597
362.26
353.97
345.737
337.571
329.483
321.48
313.572
305.768
298.076
290.504
283.059
275.748
268.578
261.555
254.683
247.968
241.415
235.028
228.809
222.762
216.889
211.192
205.673
200.332
195.17
190.186
185.381
180.754
176.302
172.026
167.922
163.988
160.222
156.62
153.18
149.898
146.771
143.793
140.963
138.274
135.723
133.305
131.017
128.852
126.806
124.876
123.055
121.339
119.723
118.203
116.773
115.429
114.166
112.98
111.865
110.818
109.834
108.908
108.036
107.214
106.437
105.701
105.003
104.337
103.701
103.089
102.499
101.926
101.366
100.816
100.271
395.795
387.391
379.003
370.641
362.315
354.037
345.815
337.66
329.582
321.589
313.691
305.895
298.211
290.646
283.208
275.903
268.738
261.719
254.851
248.14
241.589
235.203
228.985
222.938
217.065
211.368
205.847
200.504
195.339
190.353
185.545
180.914
176.459
172.178
168.07
164.131
160.361
156.754
153.309
150.022
146.89
143.907
141.071
138.378
135.822
133.399
131.106
128.936
126.886
124.951
123.125
121.405
119.785
118.261
116.827
115.479
114.213
113.023
111.906
110.855
109.868
108.939
108.064
107.239
106.46
105.722
105.021
104.353
103.714
103.1
102.508
101.933
101.371
100.819
100.272
395.801
387.408
379.031
370.68
362.365
354.097
345.886
337.741
329.672
321.688
313.798
306.01
298.333
290.775
283.343
276.043
268.883
261.868
255.003
248.294
241.746
235.362
229.145
223.098
217.225
211.527
206.005
200.66
195.494
190.505
185.694
181.06
176.601
172.317
168.205
164.262
160.487
156.877
153.427
150.136
146.998
144.011
141.171
138.473
135.912
133.485
131.187
129.013
126.959
125.02
123.19
121.466
119.842
118.314
116.877
115.526
114.256
113.063
111.943
110.889
109.899
108.968
108.09
107.263
106.481
105.74
105.037
104.367
103.726
103.111
102.516
101.939
101.376
100.822
100.273
395.806
387.423
379.056
370.715
362.41
354.152
345.95
337.813
329.753
321.777
313.894
306.114
298.443
290.891
283.464
276.17
269.014
262.002
255.141
248.435
241.888
235.505
229.289
223.243
217.37
211.671
206.148
200.802
195.634
190.643
185.829
181.193
176.731
172.443
168.328
164.381
160.603
156.988
153.535
150.239
147.098
144.106
141.262
138.559
135.995
133.564
131.262
129.084
127.026
125.083
123.249
121.522
119.895
118.363
116.923
115.568
114.296
113.1
111.976
110.921
109.928
108.994
108.114
107.284
106.5
105.758
105.053
104.381
103.738
103.12
102.524
101.945
101.38
100.824
100.274
395.811
387.437
379.079
370.747
362.451
354.201
346.007
337.879
329.826
321.857
313.981
306.207
298.543
290.996
283.574
276.284
269.132
262.124
255.265
248.561
242.017
235.635
229.42
223.375
217.501
211.802
206.278
200.931
195.761
190.768
185.952
181.313
176.849
172.558
168.439
164.49
160.708
157.089
153.632
150.333
147.188
144.193
141.345
138.639
136.07
133.636
131.33
129.148
127.087
125.14
123.304
121.573
119.942
118.408
116.965
115.608
114.332
113.134
112.008
110.949
109.954
109.018
108.136
107.304
106.518
105.774
105.067
104.393
103.748
103.129
102.531
101.951
101.384
100.826
100.275
395.815
387.449
379.1
370.775
362.487
354.245
346.058
337.937
329.891
321.929
314.059
306.291
298.632
291.09
283.673
276.387
269.238
262.233
255.377
248.676
242.133
235.752
229.538
223.493
217.62
211.92
206.395
201.047
195.876
190.881
186.064
181.422
176.955
172.662
168.54
164.588
160.803
157.182
153.721
150.419
147.27
144.272
141.42
138.711
136.139
133.701
131.392
129.207
127.142
125.193
123.353
121.619
119.986
118.449
117.003
115.643
114.365
113.164
112.036
110.975
109.978
109.04
108.156
107.322
106.534
105.788
105.079
104.404
103.758
103.137
102.538
101.956
101.387
100.829
100.276
395.818
387.46
379.118
370.801
362.52
354.285
346.105
337.99
329.95
321.994
314.13
306.367
298.713
291.175
283.762
276.479
269.334
262.332
255.478
248.779
242.237
235.858
229.645
223.6
217.727
212.027
206.501
201.152
195.98
190.984
186.164
181.521
177.052
172.756
168.632
164.677
160.889
157.265
153.802
150.496
147.345
144.344
141.489
138.776
136.201
133.76
131.448
129.261
127.193
125.24
123.398
121.662
120.026
118.486
117.038
115.676
114.395
113.192
112.062
110.999
110
109.06
108.174
107.339
106.549
105.801
105.091
104.414
103.767
103.145
102.544
101.961
101.391
100.831
100.276
395.822
387.47
379.134
370.824
362.549
354.32
346.146
338.038
330.003
322.052
314.193
306.434
298.785
291.251
283.842
276.562
269.42
262.42
255.569
248.871
242.331
235.953
229.741
223.696
217.823
212.123
206.597
201.247
196.073
191.076
186.255
181.61
177.139
172.842
168.715
164.758
160.967
157.341
153.875
150.567
147.412
144.408
141.551
138.835
136.258
133.814
131.499
129.309
127.239
125.284
123.439
121.7
120.062
118.52
117.069
115.705
114.423
113.218
112.086
111.021
110.02
109.078
108.191
107.354
106.563
105.814
105.102
104.424
103.775
103.151
102.549
101.965
101.394
100.832
100.277
395.825
387.479
379.149
370.845
362.576
354.352
346.183
338.08
330.05
322.104
314.249
306.495
298.849
291.32
283.913
276.637
269.497
262.5
255.651
248.954
242.416
236.039
229.827
223.783
217.91
212.209
206.683
201.332
196.158
191.159
186.337
181.69
177.218
172.918
168.79
164.831
161.038
157.409
153.941
150.63
147.473
144.467
141.607
138.889
136.309
133.863
131.546
129.353
127.281
125.323
123.476
121.735
120.095
118.551
117.098
115.732
114.448
113.241
112.107
111.041
110.038
109.095
108.206
107.368
106.575
105.825
105.112
104.432
103.782
103.157
102.554
101.969
101.396
100.834
100.277
395.827
387.487
379.162
370.863
362.599
354.38
346.217
338.118
330.093
322.15
314.3
306.55
298.907
291.381
283.977
276.703
269.566
262.571
255.723
249.029
242.491
236.115
229.904
223.86
217.987
212.287
206.76
201.409
196.233
191.234
186.411
181.762
177.288
172.987
168.857
164.896
161.101
157.47
154
150.687
147.528
144.52
141.657
138.937
136.355
133.907
131.588
129.393
127.318
125.359
123.51
121.767
120.124
118.579
117.124
115.756
114.471
113.262
112.126
111.059
110.055
109.11
108.22
107.38
106.586
105.835
105.12
104.44
103.789
103.163
102.559
101.972
101.399
100.835
100.278
395.83
387.494
379.174
370.879
362.62
354.405
346.246
338.151
330.13
322.192
314.345
306.598
298.959
291.435
284.034
276.763
269.628
262.634
255.788
249.095
242.559
236.183
229.973
223.929
218.056
212.356
206.829
201.477
196.301
191.301
186.476
181.827
177.352
173.049
168.917
164.954
161.158
157.525
154.053
150.738
147.578
144.567
141.703
138.981
136.397
133.946
131.625
129.429
127.352
125.391
123.54
121.795
120.151
118.604
117.147
115.778
114.491
113.281
112.144
111.075
110.07
109.124
108.232
107.391
106.596
105.844
105.128
104.447
103.795
103.168
102.563
101.975
101.401
100.837
100.278
395.832
387.501
379.184
370.894
362.638
354.428
346.272
338.181
330.164
322.229
314.385
306.641
299.004
291.483
284.085
276.816
269.682
262.691
255.846
249.154
242.619
236.244
230.034
223.991
218.118
212.417
206.89
201.538
196.361
191.36
186.535
181.884
177.408
173.104
168.971
165.007
161.209
157.574
154.101
150.784
147.622
144.609
141.743
139.02
136.434
133.982
131.659
129.46
127.382
125.419
123.567
121.82
120.175
118.626
117.168
115.798
114.509
113.298
112.16
111.089
110.083
109.136
108.243
107.401
106.606
105.852
105.136
104.453
103.8
103.172
102.566
101.978
101.403
100.838
100.279
395.834
387.506
379.194
370.906
362.655
354.448
346.295
338.208
330.193
322.261
314.42
306.679
299.045
291.526
284.129
276.862
269.73
262.74
255.897
249.206
242.672
236.298
230.088
224.045
218.173
212.472
206.944
201.592
196.415
191.413
186.587
181.935
177.458
173.153
169.019
165.053
161.254
157.618
154.143
150.825
147.661
144.647
141.779
139.054
136.467
134.013
131.689
129.489
127.409
125.445
123.591
121.843
120.196
118.646
117.187
115.815
114.525
113.313
112.174
111.102
110.095
109.147
108.253
107.41
106.614
105.859
105.142
104.459
103.805
103.176
102.57
101.981
101.405
100.839
100.279
395.835
387.511
379.202
370.918
362.669
354.465
346.316
338.231
330.219
322.289
314.451
306.712
299.08
291.563
284.169
276.903
269.773
262.784
255.942
249.252
242.718
236.345
230.136
224.093
218.221
212.52
206.992
201.639
196.462
191.459
186.632
181.98
177.502
173.196
169.061
165.094
161.293
157.656
154.18
150.861
147.696
144.68
141.811
139.085
136.496
134.041
131.715
129.514
127.433
125.467
123.612
121.863
120.215
118.664
117.204
115.831
114.54
113.326
112.186
111.114
110.105
109.156
108.262
107.418
106.621
105.865
105.148
104.464
103.809
103.18
102.573
101.983
101.407
100.84
100.279
395.837
387.515
379.209
370.927
362.681
354.48
346.333
338.251
330.241
322.314
314.478
306.741
299.111
291.596
284.203
276.939
269.81
262.822
255.981
249.292
242.759
236.386
230.177
224.135
218.263
212.562
207.034
201.681
196.503
191.5
186.673
182.02
177.541
173.234
169.097
165.13
161.328
157.69
154.213
150.892
147.726
144.709
141.839
139.111
136.522
134.065
131.738
129.536
127.454
125.487
123.631
121.881
120.232
118.679
117.218
115.844
114.552
113.338
112.197
111.124
110.115
109.165
108.27
107.425
106.627
105.871
105.153
104.468
103.813
103.183
102.575
101.985
101.408
100.841
100.28
395.838
387.519
379.215
370.936
362.692
354.493
346.349
338.268
330.261
322.336
314.501
306.766
299.138
291.624
284.233
276.97
269.842
262.855
256.015
249.327
242.794
236.422
230.213
224.172
218.299
212.598
207.07
201.717
196.538
191.535
186.707
182.054
177.574
173.266
169.129
165.161
161.358
157.719
154.241
150.92
147.752
144.735
141.864
139.135
136.544
134.087
131.759
129.555
127.472
125.504
123.647
121.896
120.246
118.693
117.231
115.856
114.563
113.348
112.206
111.133
110.123
109.172
108.276
107.431
106.633
105.876
105.157
104.472
103.816
103.186
102.577
101.986
101.409
100.842
100.28
395.839
387.522
379.22
370.943
362.701
354.504
346.362
338.283
330.278
322.354
314.521
306.787
299.16
291.648
284.258
276.996
269.869
262.883
256.044
249.356
242.824
236.452
230.244
224.202
218.33
212.629
207.101
201.748
196.569
191.565
186.737
182.083
177.603
173.294
169.157
165.187
161.384
157.745
154.265
150.943
147.775
144.757
141.885
139.155
136.563
134.105
131.776
129.572
127.488
125.519
123.661
121.909
120.259
118.704
117.242
115.866
114.573
113.357
112.215
111.14
110.13
109.178
108.282
107.437
106.637
105.88
105.161
104.475
103.819
103.188
102.579
101.988
101.41
100.842
100.28
395.84
387.524
379.224
370.949
362.709
354.514
346.373
338.296
330.291
322.369
314.538
306.805
299.18
291.668
284.279
277.018
269.892
262.907
256.068
249.381
242.85
236.478
230.27
224.228
218.356
212.655
207.127
201.773
196.594
191.591
186.762
182.107
177.627
173.318
169.18
165.21
161.406
157.766
154.286
150.963
147.794
144.775
141.902
139.171
136.579
134.12
131.79
129.586
127.501
125.532
123.673
121.92
120.269
118.714
117.251
115.875
114.581
113.365
112.221
111.146
110.135
109.184
108.287
107.441
106.641
105.884
105.164
104.478
103.821
103.19
102.581
101.989
101.411
100.843
100.28
395.841
387.527
379.228
370.954
362.715
354.521
346.382
338.306
330.303
322.382
314.551
306.82
299.195
291.685
284.296
277.036
269.911
262.926
256.088
249.401
242.87
236.499
230.291
224.25
218.377
212.677
207.148
201.794
196.615
191.611
186.782
182.128
177.646
173.337
169.198
165.228
161.424
157.783
154.302
150.979
147.809
144.79
141.916
139.185
136.592
134.133
131.802
129.597
127.512
125.542
123.683
121.929
120.278
118.722
117.259
115.882
114.588
113.371
112.227
111.152
110.14
109.188
108.291
107.445
106.645
105.887
105.166
104.48
103.823
103.192
102.582
101.99
101.412
100.843
100.28
395.841
387.528
379.231
370.958
362.72
354.527
346.389
338.314
330.312
322.392
314.562
306.831
299.207
291.698
284.31
277.05
269.926
262.942
256.104
249.417
242.886
236.515
230.308
224.266
218.394
212.693
207.165
201.811
196.632
191.628
186.798
182.143
177.662
173.352
169.213
165.243
161.438
157.797
154.316
150.992
147.822
144.802
141.928
139.196
136.602
134.143
131.812
129.606
127.52
125.55
123.69
121.937
120.284
118.729
117.264
115.887
114.593
113.376
112.232
111.156
110.144
109.192
108.294
107.448
106.647
105.889
105.168
104.482
103.825
103.193
102.583
101.991
101.412
100.844
100.281
395.841
387.53
379.233
370.961
362.724
354.532
346.394
338.32
330.318
322.399
314.57
306.84
299.216
291.707
284.32
277.061
269.937
262.953
256.115
249.429
242.898
236.528
230.32
224.279
218.407
212.706
207.178
201.823
196.644
191.64
186.81
182.155
177.673
173.364
169.224
165.253
161.448
157.807
154.325
151.001
147.831
144.81
141.936
139.204
136.61
134.15
131.819
129.613
127.526
125.556
123.696
121.942
120.289
118.733
117.269
115.892
114.597
113.379
112.235
111.159
110.147
109.194
108.297
107.45
106.649
105.891
105.17
104.483
103.826
103.194
102.584
101.992
101.413
100.844
100.281
395.842
387.53
379.234
370.963
362.726
354.535
346.397
338.323
330.323
322.404
314.575
306.846
299.222
291.714
284.327
277.068
269.944
262.96
256.123
249.437
242.906
236.536
230.328
224.287
218.415
212.714
207.186
201.832
196.652
191.648
186.818
182.163
177.681
173.371
169.232
165.26
161.455
157.813
154.332
151.007
147.837
144.816
141.942
139.21
136.615
134.155
131.824
129.617
127.531
125.56
123.7
121.946
120.293
118.736
117.272
115.894
114.599
113.382
112.237
111.161
110.149
109.196
108.298
107.451
106.65
105.892
105.171
104.484
103.827
103.195
102.585
101.992
101.413
100.844
100.281
395.842
387.531
379.235
370.964
362.727
354.536
346.399
338.325
330.325
322.406
314.578
306.848
299.225
291.717
284.33
277.071
269.947
262.964
256.127
249.441
242.91
236.54
230.332
224.291
218.419
212.718
207.19
201.836
196.656
191.652
186.822
182.167
177.685
173.375
169.235
165.264
161.459
157.817
154.335
151.011
147.84
144.819
141.945
139.212
136.618
134.157
131.826
129.619
127.533
125.562
123.702
121.947
120.294
118.738
117.273
115.896
114.6
113.383
112.238
111.162
110.15
109.197
108.299
107.452
106.651
105.892
105.171
104.484
103.827
103.195
102.585
101.992
101.413
100.844
100.281
395.842
387.531
379.235
370.964
362.727
354.536
346.399
338.325
330.325
322.406
314.578
306.848
299.225
291.717
284.33
277.071
269.947
262.964
256.127
249.441
242.91
236.54
230.332
224.291
218.419
212.718
207.19
201.836
196.656
191.652
186.822
182.167
177.685
173.375
169.235
165.264
161.459
157.817
154.335
151.011
147.84
144.819
141.945
139.212
136.618
134.157
131.826
129.619
127.533
125.562
123.702
121.947
120.294
118.738
117.273
115.896
114.6
113.383
112.238
111.162
110.15
109.197
108.299
107.452
106.651
105.892
105.171
104.484
103.827
103.195
102.585
101.992
101.413
100.844
100.281
395.842
387.53
379.234
370.963
362.726
354.535
346.397
338.323
330.323
322.404
314.575
306.846
299.222
291.714
284.327
277.068
269.944
262.96
256.123
249.437
242.906
236.536
230.328
224.287
218.415
212.714
207.186
201.832
196.652
191.648
186.818
182.163
177.681
173.371
169.232
165.26
161.455
157.813
154.332
151.007
147.837
144.816
141.942
139.21
136.615
134.155
131.824
129.617
127.531
125.56
123.7
121.946
120.293
118.736
117.272
115.894
114.599
113.382
112.237
111.161
110.149
109.196
108.298
107.451
106.65
105.892
105.171
104.484
103.827
103.195
102.585
101.992
101.413
100.844
100.281
395.841
387.53
379.233
370.961
362.724
354.532
346.394
338.32
330.318
322.399
314.57
306.84
299.216
291.707
284.32
277.061
269.937
262.953
256.115
249.429
242.898
236.528
230.32
224.279
218.407
212.706
207.178
201.823
196.644
191.64
186.81
182.155
177.673
173.364
169.224
165.253
161.448
157.807
154.325
151.001
147.831
144.81
141.936
139.204
136.61
134.15
131.819
129.613
127.526
125.556
123.696
121.942
120.289
118.733
117.269
115.892
114.597
113.379
112.235
111.159
110.147
109.194
108.297
107.45
106.649
105.891
105.17
104.483
103.826
103.194
102.584
101.992
101.413
100.844
100.281
395.841
387.528
379.231
370.958
362.72
354.527
346.389
338.314
330.312
322.392
314.562
306.831
299.207
291.698
284.31
277.05
269.926
262.942
256.104
249.417
242.886
236.515
230.308
224.266
218.394
212.693
207.165
201.811
196.632
191.628
186.798
182.143
177.662
173.352
169.213
165.243
161.438
157.797
154.316
150.992
147.822
144.802
141.928
139.196
136.602
134.143
131.812
129.606
127.52
125.55
123.69
121.937
120.284
118.729
117.264
115.887
114.593
113.376
112.232
111.156
110.144
109.192
108.294
107.448
106.647
105.889
105.168
104.482
103.825
103.193
102.583
101.991
101.412
100.844
100.281
395.841
387.527
379.228
370.954
362.715
354.521
346.382
338.306
330.303
322.382
314.551
306.82
299.195
291.685
284.296
277.036
269.911
262.926
256.088
249.401
242.87
236.499
230.291
224.25
218.377
212.677
207.148
201.794
196.615
191.611
186.782
182.128
177.646
173.337
169.198
165.228
161.424
157.783
154.302
150.979
147.809
144.79
141.916
139.185
136.592
134.133
131.802
129.597
127.512
125.542
123.683
121.929
120.278
118.722
117.259
115.882
114.588
113.371
112.227
111.152
110.14
109.188
108.291
107.445
106.645
105.887
105.166
104.48
103.823
103.192
102.582
101.99
101.412
100.843
100.28
395.84
387.524
379.224
370.949
362.709
354.514
346.373
338.296
330.291
322.369
314.538
306.805
299.18
291.668
284.279
277.018
269.892
262.907
256.068
249.381
242.85
236.478
230.27
224.228
218.356
212.655
207.127
201.773
196.594
191.591
186.762
182.107
177.627
173.318
169.18
165.21
161.406
157.766
154.286
150.963
147.794
144.775
141.902
139.171
136.579
134.12
131.79
129.586
127.501
125.532
123.673
121.92
120.269
118.714
117.251
115.875
114.581
113.365
112.221
111.146
110.135
109.184
108.287
107.441
106.641
105.884
105.164
104.478
103.821
103.19
102.581
101.989
101.411
100.843
100.28
395.839
387.522
379.22
370.943
362.701
354.504
346.362
338.283
330.278
322.354
314.521
306.787
299.16
291.648
284.258
276.996
269.869
262.883
256.044
249.356
242.824
236.452
230.244
224.202
218.33
212.629
207.101
201.748
196.569
191.565
186.737
182.083
177.603
173.294
169.157
165.187
161.384
157.745
154.265
150.943
147.775
144.757
141.885
139.155
136.563
134.105
131.776
129.572
127.488
125.519
123.661
121.909
120.259
118.704
117.242
115.866
114.573
113.357
112.215
111.14
110.13
109.178
108.282
107.437
106.637
105.88
105.161
104.475
103.819
103.188
102.579
101.988
101.41
100.842
100.28
395.838
387.519
379.215
370.936
362.692
354.493
346.349
338.268
330.261
322.336
314.501
306.766
299.138
291.624
284.233
276.97
269.842
262.855
256.015
249.327
242.794
236.422
230.213
224.172
218.299
212.598
207.07
201.717
196.538
191.535
186.707
182.054
177.574
173.266
169.129
165.161
161.358
157.719
154.241
150.92
147.752
144.735
141.864
139.135
136.544
134.087
131.759
129.555
127.472
125.504
123.647
121.896
120.246
118.693
117.231
115.856
114.563
113.348
112.206
111.133
110.123
109.172
108.276
107.431
106.633
105.876
105.157
104.472
103.816
103.186
102.577
101.986
101.409
100.842
100.28
395.837
387.515
379.209
370.927
362.681
354.48
346.333
338.251
330.241
322.314
314.478
306.741
299.111
291.596
284.203
276.939
269.81
262.822
255.981
249.292
242.759
236.386
230.177
224.135
218.263
212.562
207.034
201.681
196.503
191.5
186.673
182.02
177.541
173.234
169.097
165.13
161.328
157.69
154.213
150.892
147.726
144.709
141.839
139.111
136.522
134.065
131.738
129.536
127.454
125.487
123.631
121.881
120.232
118.679
117.218
115.844
114.552
113.338
112.197
111.124
110.115
109.165
108.27
107.425
106.627
105.871
105.153
104.468
103.813
103.183
102.575
101.985
101.408
100.841
100.28
395.835
387.511
379.202
370.918
362.669
354.465
346.316
338.231
330.219
322.289
314.451
306.712
299.08
291.563
284.169
276.903
269.773
262.784
255.942
249.252
242.718
236.345
230.136
224.093
218.221
212.52
206.992
201.639
196.462
191.459
186.632
181.98
177.502
173.196
169.061
165.094
161.293
157.656
154.18
150.861
147.696
144.68
141.811
139.085
136.496
134.041
131.715
129.514
127.433
125.467
123.612
121.863
120.215
118.664
117.204
115.831
114.54
113.326
112.186
111.114
110.105
109.156
108.262
107.418
106.621
105.865
105.148
104.464
103.809
103.18
102.573
101.983
101.407
100.84
100.279
395.834
387.506
379.194
370.906
362.655
354.448
346.295
338.208
330.193
322.261
314.42
306.679
299.045
291.526
284.129
276.862
269.73
262.74
255.897
249.206
242.672
236.298
230.088
224.045
218.173
212.472
206.944
201.592
196.415
191.413
186.587
181.935
177.458
173.153
169.019
165.053
161.254
157.618
154.143
150.825
147.661
144.647
141.779
139.054
136.467
134.013
131.689
129.489
127.409
125.445
123.591
121.843
120.196
118.646
117.187
115.815
114.525
113.313
112.174
111.102
110.095
109.147
108.253
107.41
106.614
105.859
105.142
104.459
103.805
103.176
102.57
101.981
101.405
100.839
100.279
395.832
387.501
379.184
370.894
362.638
354.428
346.272
338.181
330.164
322.229
314.385
306.641
299.004
291.483
284.085
276.816
269.682
262.691
255.846
249.154
242.619
236.244
230.034
223.991
218.118
212.417
206.89
201.538
196.361
191.36
186.535
181.884
177.408
173.104
168.971
165.007
161.209
157.574
154.101
150.784
147.622
144.609
141.743
139.02
136.434
133.982
131.659
129.46
127.382
125.419
123.567
121.82
120.175
118.626
117.168
115.798
114.509
113.298
112.16
111.089
110.083
109.136
108.243
107.401
106.606
105.852
105.136
104.453
103.8
103.172
102.566
101.978
101.403
100.838
100.279
395.83
387.494
379.174
370.879
362.62
354.405
346.246
338.151
330.13
322.192
314.345
306.598
298.959
291.435
284.034
276.763
269.628
262.634
255.788
249.095
242.559
236.183
229.973
223.929
218.056
212.356
206.829
201.477
196.301
191.301
186.476
181.827
177.352
173.049
168.917
164.954
161.158
157.525
154.053
150.738
147.578
144.567
141.703
138.981
136.397
133.946
131.625
129.429
127.352
125.391
123.54
121.795
120.151
118.604
117.147
115.778
114.491
113.281
112.144
111.075
110.07
109.124
108.232
107.391
106.596
105.844
105.128
104.447
103.795
103.168
102.563
101.975
101.401
100.837
100.278
395.827
387.487
379.162
370.863
362.599
354.38
346.217
338.118
330.093
322.15
314.3
306.55
298.907
291.381
283.977
276.703
269.566
262.571
255.723
249.029
242.491
236.115
229.904
223.86
217.987
212.287
206.76
201.409
196.233
191.234
186.411
181.762
177.288
172.987
168.857
164.896
161.101
157.47
154
150.687
147.528
144.52
141.657
138.937
136.355
133.907
131.588
129.393
127.318
125.359
123.51
121.767
120.124
118.579
117.124
115.756
114.471
113.262
112.126
111.059
110.055
109.11
108.22
107.38
106.586
105.835
105.12
104.44
103.789
103.163
102.559
101.972
101.399
100.835
100.278
395.825
387.479
379.149
370.845
362.575
354.352
346.183
338.08
330.05
322.104
314.249
306.495
298.849
291.32
283.913
276.637
269.497
262.5
255.651
248.954
242.416
236.039
229.827
223.783
217.91
212.209
206.683
201.332
196.158
191.159
186.337
181.69
177.218
172.918
168.79
164.831
161.038
157.409
153.941
150.63
147.473
144.467
141.607
138.889
136.309
133.863
131.546
129.353
127.281
125.323
123.476
121.735
120.095
118.551
117.098
115.732
114.448
113.241
112.107
111.041
110.038
109.095
108.206
107.368
106.575
105.825
105.112
104.432
103.782
103.157
102.554
101.969
101.396
100.834
100.277
395.822
387.47
379.134
370.824
362.549
354.32
346.146
338.038
330.003
322.052
314.193
306.434
298.785
291.251
283.842
276.562
269.42
262.42
255.569
248.871
242.331
235.953
229.741
223.696
217.823
212.123
206.597
201.247
196.073
191.076
186.255
181.61
177.139
172.842
168.715
164.758
160.967
157.341
153.875
150.567
147.412
144.408
141.551
138.835
136.258
133.814
131.499
129.309
127.239
125.284
123.439
121.7
120.062
118.52
117.069
115.705
114.423
113.218
112.086
111.021
110.02
109.078
108.191
107.354
106.563
105.814
105.102
104.424
103.775
103.151
102.549
101.965
101.394
100.832
100.277
395.818
387.46
379.118
370.801
362.52
354.285
346.105
337.99
329.95
321.994
314.13
306.367
298.713
291.175
283.762
276.479
269.334
262.332
255.478
248.779
242.237
235.858
229.645
223.6
217.727
212.027
206.501
201.152
195.98
190.984
186.164
181.521
177.052
172.756
168.632
164.677
160.889
157.265
153.802
150.496
147.345
144.344
141.489
138.776
136.201
133.76
131.448
129.261
127.193
125.24
123.398
121.662
120.026
118.486
117.038
115.676
114.395
113.192
112.062
110.999
110
109.06
108.174
107.339
106.549
105.801
105.091
104.414
103.767
103.145
102.544
101.961
101.391
100.831
100.276
395.815
387.449
379.1
370.775
362.487
354.245
346.058
337.937
329.891
321.929
314.059
306.291
298.632
291.09
283.673
276.387
269.238
262.233
255.377
248.676
242.133
235.752
229.538
223.493
217.62
211.92
206.395
201.047
195.876
190.881
186.064
181.422
176.955
172.662
168.54
164.588
160.803
157.182
153.721
150.419
147.27
144.272
141.42
138.711
136.139
133.701
131.392
129.207
127.142
125.193
123.353
121.619
119.986
118.449
117.003
115.643
114.365
113.164
112.036
110.975
109.978
109.04
108.156
107.322
106.534
105.788
105.079
104.404
103.758
103.137
102.538
101.956
101.387
100.829
100.276
395.811
387.437
379.079
370.747
362.451
354.201
346.007
337.879
329.826
321.857
313.981
306.207
298.543
290.996
283.574
276.284
269.132
262.124
255.265
248.561
242.017
235.635
229.42
223.375
217.501
211.802
206.278
200.931
195.761
190.768
185.952
181.313
176.849
172.558
168.439
164.49
160.708
157.089
153.632
150.333
147.188
144.193
141.345
138.639
136.07
133.636
131.33
129.148
127.087
125.14
123.304
121.573
119.942
118.408
116.965
115.608
114.332
113.134
112.008
110.949
109.954
109.018
108.136
107.304
106.518
105.774
105.067
104.393
103.748
103.129
102.531
101.951
101.384
100.826
100.275
395.806
387.423
379.056
370.715
362.41
354.152
345.95
337.813
329.753
321.777
313.894
306.114
298.443
290.891
283.464
276.17
269.014
262.002
255.141
248.435
241.888
235.505
229.289
223.243
217.37
211.671
206.148
200.802
195.634
190.643
185.829
181.193
176.731
172.443
168.328
164.381
160.603
156.988
153.535
150.239
147.098
144.106
141.262
138.559
135.995
133.564
131.262
129.084
127.026
125.083
123.249
121.522
119.895
118.363
116.923
115.568
114.296
113.1
111.976
110.921
109.928
108.994
108.114
107.284
106.5
105.758
105.053
104.381
103.738
103.12
102.524
101.945
101.38
100.824
100.274
395.801
387.408
379.031
370.68
362.365
354.097
345.886
337.741
329.672
321.688
313.798
306.01
298.333
290.775
283.343
276.043
268.883
261.868
255.003
248.295
241.746
235.362
229.145
223.098
217.225
211.527
206.005
200.66
195.494
190.505
185.694
181.06
176.601
172.317
168.205
164.262
160.487
156.877
153.427
150.136
146.998
144.011
141.171
138.473
135.912
133.485
131.187
129.013
126.959
125.02
123.19
121.466
119.842
118.314
116.877
115.526
114.256
113.063
111.943
110.889
109.899
108.968
108.09
107.263
106.481
105.74
105.037
104.367
103.726
103.111
102.516
101.939
101.376
100.822
100.273
395.795
387.391
379.003
370.641
362.315
354.037
345.815
337.66
329.582
321.589
313.691
305.895
298.211
290.646
283.208
275.903
268.738
261.719
254.851
248.14
241.589
235.203
228.985
222.938
217.065
211.368
205.847
200.504
195.339
190.353
185.545
180.914
176.459
172.178
168.07
164.131
160.361
156.754
153.309
150.022
146.89
143.907
141.071
138.378
135.822
133.399
131.106
128.936
126.886
124.951
123.125
121.405
119.785
118.261
116.827
115.479
114.213
113.023
111.906
110.855
109.868
108.939
108.064
107.239
106.46
105.722
105.021
104.353
103.714
103.1
102.508
101.933
101.371
100.819
100.272
395.789
387.372
378.972
370.597
362.26
353.97
345.737
337.571
329.483
321.48
313.572
305.768
298.076
290.504
283.059
275.748
268.578
261.555
254.683
247.968
241.415
235.028
228.809
222.762
216.889
211.192
205.673
200.332
195.17
190.186
185.381
180.754
176.302
172.026
167.922
163.988
160.222
156.62
153.18
149.898
146.771
143.793
140.963
138.274
135.723
133.305
131.017
128.852
126.806
124.876
123.055
121.339
119.723
118.203
116.773
115.429
114.166
112.98
111.865
110.818
109.834
108.908
108.036
107.214
106.437
105.701
105.003
104.337
103.701
103.089
102.499
101.926
101.366
100.816
100.271
395.782
387.352
378.937
370.549
362.199
353.896
345.651
337.473
329.373
321.359
313.441
305.628
297.927
290.347
282.895
275.577
268.402
261.373
254.498
247.78
241.224
234.835
228.615
222.568
216.696
211
205.482
200.143
194.983
190.003
185.202
180.578
176.131
171.859
167.76
163.831
160.07
156.474
153.039
149.763
146.641
143.669
140.844
138.161
135.615
133.203
130.92
128.76
126.72
124.794
122.978
121.267
119.655
118.139
116.714
115.374
114.115
112.933
111.822
110.778
109.797
108.874
108.005
107.186
106.412
105.679
104.983
104.32
103.686
103.077
102.489
101.918
101.361
100.813
100.27
395.774
387.329
378.899
370.496
362.131
353.814
345.555
337.364
329.251
321.225
313.296
305.472
297.762
290.173
282.713
275.389
268.207
261.173
254.293
247.572
241.014
234.623
228.402
222.355
216.483
210.788
205.272
199.936
194.779
189.802
185.005
180.386
175.943
171.676
167.582
163.659
159.904
156.314
152.885
149.615
146.499
143.533
140.714
138.037
135.498
133.092
130.814
128.66
126.625
124.705
122.894
121.188
119.582
118.071
116.65
115.314
114.06
112.881
111.774
110.735
109.757
108.838
107.972
107.156
106.385
105.655
104.962
104.302
103.67
103.064
102.478
101.91
101.355
100.809
100.269
395.766
387.303
378.857
370.438
362.056
353.723
345.449
337.243
329.116
321.078
313.136
305.301
297.58
289.981
282.513
275.181
267.992
260.953
254.068
247.343
240.782
234.389
228.168
222.12
216.249
210.556
205.042
199.708
194.555
189.582
184.789
180.175
175.738
171.476
167.388
163.471
159.723
156.139
152.717
149.453
146.344
143.386
140.573
137.903
135.37
132.971
130.699
128.552
126.523
124.609
122.804
121.103
119.502
117.996
116.58
115.25
114
112.826
111.723
110.687
109.714
108.798
107.936
107.124
106.356
105.629
104.939
104.282
103.653
103.049
102.466
101.901
101.348
100.805
100.268
395.757
387.275
378.81
370.373
361.973
353.623
345.332
337.11
328.968
320.915
312.96
305.112
297.379
289.77
282.292
274.952
267.756
260.71
253.821
247.092
240.528
234.133
227.91
221.863
215.992
210.301
204.79
199.459
194.31
189.341
184.553
179.945
175.514
171.258
167.177
163.267
159.525
155.949
152.534
149.278
146.176
143.225
140.42
137.757
135.232
132.839
130.575
128.434
126.412
124.504
122.706
121.011
119.416
117.916
116.505
115.18
113.935
112.766
111.668
110.637
109.667
108.756
107.898
107.089
106.324
105.601
104.914
104.26
103.635
103.034
102.454
101.891
101.341
100.801
100.266
395.746
387.244
378.759
370.301
361.882
353.512
345.202
336.963
328.804
320.735
312.765
304.903
297.158
289.537
282.049
274.7
267.496
260.444
253.549
246.815
240.249
233.852
227.628
221.581
215.711
210.022
204.513
199.187
194.042
189.078
184.296
179.693
175.269
171.021
166.947
163.044
159.31
155.742
152.335
149.087
145.994
143.05
140.254
137.599
135.081
132.696
130.44
128.307
126.292
124.391
122.599
120.911
119.323
117.829
116.424
115.105
113.865
112.701
111.608
110.582
109.617
108.71
107.856
107.051
106.291
105.571
104.888
104.237
103.615
103.017
102.441
101.881
101.334
100.797
100.265
395.735
387.21
378.702
370.221
361.781
353.39
345.06
336.801
328.623
320.537
312.55
304.673
296.914
289.281
281.781
274.422
267.21
260.151
253.25
246.512
239.942
233.543
227.319
221.272
215.404
209.716
204.211
198.889
193.749
188.791
184.015
179.419
175.002
170.762
166.696
162.801
159.076
155.516
152.119
148.88
145.795
142.861
140.073
137.427
134.918
132.542
130.294
128.169
126.162
124.269
122.484
120.804
119.222
117.735
116.337
115.023
113.79
112.631
111.544
110.523
109.563
108.66
107.811
107.01
106.254
105.538
104.859
104.212
103.593
102.999
102.426
101.869
101.326
100.792
100.263
395.722
387.172
378.639
370.134
361.669
353.255
344.902
336.622
328.424
320.318
312.314
304.42
296.646
288.999
281.487
274.117
266.896
259.829
252.921
246.179
239.606
233.205
226.98
220.933
215.067
209.383
203.881
198.563
193.429
188.478
183.709
179.12
174.711
170.48
166.423
162.538
158.822
155.272
151.884
148.655
145.58
142.656
139.878
137.241
134.742
132.375
130.136
128.02
126.022
124.137
122.361
120.688
119.114
117.634
116.242
114.936
113.709
112.556
111.475
110.459
109.505
108.607
107.763
106.967
106.215
105.504
104.828
104.185
103.571
102.98
102.41
101.857
101.317
100.787
100.262
395.708
387.13
378.569
370.037
361.546
353.106
344.729
336.425
328.204
320.077
312.053
304.141
296.35
288.689
281.163
273.782
266.55
259.475
252.561
245.814
239.237
232.834
226.609
220.563
214.699
209.018
203.521
198.209
193.08
188.136
183.375
178.795
174.395
170.173
166.126
162.251
158.546
155.007
151.63
148.411
145.348
142.434
139.667
137.041
134.552
132.195
129.966
127.859
125.87
123.995
122.227
120.563
118.997
117.525
116.141
114.841
113.621
112.476
111.4
110.391
109.442
108.55
107.711
106.92
106.173
105.466
104.795
104.157
103.546
102.96
102.394
101.845
101.308
100.781
100.26
395.693
387.084
378.492
369.931
361.41
352.942
344.537
336.207
327.962
319.812
311.766
303.835
296.026
288.347
280.808
273.414
266.172
259.088
252.167
245.414
238.834
232.429
226.203
220.159
214.297
208.62
203.128
197.822
192.701
187.765
183.012
178.442
174.052
169.84
165.804
161.941
158.247
154.72
151.354
148.148
145.096
142.194
139.438
136.824
134.346
132
129.782
127.686
125.707
123.841
122.083
120.428
118.871
117.407
116.032
114.74
113.527
112.389
111.321
110.317
109.375
108.489
107.655
106.87
106.128
105.426
104.76
104.126
103.52
102.938
102.376
101.831
101.299
100.775
100.258
395.676
387.033
378.408
369.813
361.26
352.761
344.326
335.968
327.695
319.52
311.45
303.497
295.668
287.973
280.417
273.01
265.756
258.663
251.734
244.976
238.392
231.986
225.76
219.717
213.859
208.186
202.7
197.4
192.288
187.36
182.618
178.058
173.679
169.479
165.456
161.605
157.924
154.409
151.057
147.863
144.824
141.935
139.192
136.59
134.124
131.791
129.584
127.499
125.532
123.677
121.929
120.284
118.736
117.282
115.915
114.632
113.427
112.296
111.235
110.239
109.303
108.423
107.596
106.816
106.08
105.383
104.722
104.093
103.492
102.914
102.357
101.816
101.288
100.769
100.256
395.657
386.976
378.315
369.684
361.095
352.561
344.094
335.704
327.401
319.198
311.103
303.126
295.276
287.561
279.988
272.566
265.3
258.197
251.261
244.497
237.91
231.502
225.276
219.235
213.38
207.713
202.234
196.942
191.838
186.921
182.19
177.642
173.275
169.088
165.078
161.241
157.574
154.073
150.735
147.556
144.531
141.656
138.927
136.338
133.886
131.565
129.371
127.299
125.343
123.5
121.763
120.129
118.592
117.147
115.79
114.515
113.319
112.197
111.143
110.155
109.226
108.353
107.532
106.759
106.028
105.338
104.682
104.058
103.462
102.889
102.336
101.8
101.277
100.763
100.254
395.636
386.914
378.212
369.541
360.913
352.342
343.838
335.413
327.078
318.844
310.721
302.718
294.844
287.109
279.518
272.08
264.801
257.687
250.743
243.973
237.382
230.973
224.748
218.71
212.859
207.198
201.726
196.444
191.35
186.445
181.725
177.19
172.838
168.665
164.669
160.847
157.196
153.71
150.388
147.224
144.215
141.355
138.641
136.067
133.63
131.323
129.143
127.084
125.141
123.31
121.585
119.963
118.436
117.002
115.655
114.391
113.204
112.09
111.046
110.065
109.144
108.279
107.464
106.697
105.974
105.289
104.639
104.021
103.43
102.862
102.315
101.784
101.265
100.755
100.251
395.613
386.846
378.098
369.383
360.712
352.099
343.555
335.093
326.722
318.455
310.301
302.27
294.371
286.612
279.002
271.547
264.254
257.129
250.176
243.401
236.806
230.396
224.172
218.137
212.292
206.638
201.175
195.903
190.821
185.928
181.222
176.702
172.364
168.208
164.228
160.423
156.788
153.32
150.014
146.867
143.875
141.032
138.334
135.776
133.354
131.063
128.898
126.853
124.924
123.107
121.395
119.785
118.271
116.848
115.512
114.258
113.081
111.977
110.941
109.969
109.056
108.199
107.392
106.632
105.915
105.237
104.593
103.981
103.396
102.834
102.292
101.766
101.252
100.748
100.249
395.588
386.771
377.973
369.209
360.491
351.832
343.244
334.74
326.33
318.026
309.839
301.777
293.851
286.068
278.436
270.963
263.655
256.518
249.557
242.775
236.178
229.767
223.545
217.514
211.676
206.03
200.577
195.316
190.247
185.368
180.677
176.173
171.853
167.713
163.752
159.965
156.348
152.899
149.612
146.483
143.509
140.684
138.004
135.464
133.059
130.784
128.635
126.606
124.692
122.889
121.192
119.595
118.094
116.683
115.359
114.116
112.95
111.856
110.83
109.867
108.963
108.114
107.315
106.563
105.853
105.181
104.545
103.938
103.359
102.803
102.267
101.747
101.239
100.74
100.246
395.56
386.687
377.835
369.017
360.247
351.538
342.902
334.352
325.899
317.555
309.331
301.236
293.279
285.47
277.816
270.324
263
255.851
248.88
242.093
235.492
229.081
222.862
216.837
211.005
205.369
199.927
194.68
189.625
184.762
180.088
175.602
171.3
167.18
163.238
159.471
155.875
152.446
149.179
146.071
143.117
140.311
137.65
135.129
132.743
130.486
128.354
126.342
124.445
122.657
120.975
119.392
117.905
116.507
115.196
113.965
112.81
111.727
110.711
109.758
108.864
108.023
107.233
106.489
105.787
105.123
104.493
103.893
103.321
102.771
102.241
101.727
101.225
100.731
100.243
395.529
386.596
377.683
368.806
359.978
351.213
342.524
333.924
325.425
317.037
308.773
300.642
292.653
284.815
277.136
269.624
262.283
255.121
248.141
241.348
234.745
228.335
222.12
216.1
210.278
204.652
199.223
193.99
188.952
184.107
179.452
174.986
170.705
166.606
162.685
158.94
155.366
151.959
148.715
145.628
142.696
139.912
137.272
134.771
132.405
130.167
128.054
126.06
124.18
122.409
120.743
119.176
117.703
116.32
115.022
113.804
112.662
111.59
110.585
109.643
108.758
107.927
107.146
106.411
105.717
105.06
104.438
103.846
103.28
102.737
102.213
101.705
101.209
100.722
100.24
395.496
386.494
377.515
368.573
359.682
350.856
342.109
333.453
324.902
316.467
308.159
299.989
291.965
284.097
276.392
268.857
261.5
254.324
247.335
240.536
233.931
227.523
221.312
215.3
209.488
203.875
198.461
193.245
188.225
183.399
178.766
174.321
170.063
165.987
162.091
158.37
154.82
151.437
148.217
145.154
142.245
139.484
136.867
134.388
132.043
129.827
127.734
125.759
123.898
122.146
120.496
118.946
117.489
116.121
114.837
113.633
112.504
111.445
110.452
109.52
108.646
107.826
107.054
106.328
105.642
104.994
104.38
103.795
103.237
102.701
102.184
101.683
101.193
100.713
100.237
395.458
386.382
377.33
368.315
359.354
350.461
341.65
332.935
324.327
315.84
307.485
299.272
291.21
283.309
275.576
268.019
260.643
253.453
246.455
239.652
233.046
226.639
220.435
214.432
208.632
203.033
197.636
192.439
187.44
182.636
178.026
173.605
169.372
165.322
161.452
157.757
154.234
150.877
147.683
144.647
141.763
139.027
136.435
133.98
131.658
129.464
127.392
125.439
123.598
121.865
120.234
118.701
117.262
115.91
114.641
113.452
112.336
111.291
110.31
109.391
108.528
107.718
106.957
106.24
105.564
104.924
104.318
103.742
103.191
102.663
102.153
101.659
101.176
100.702
100.234
395.417
386.259
377.125
368.031
358.993
350.026
341.145
332.363
323.694
315.151
306.744
298.485
290.382
282.446
274.684
267.102
259.707
252.503
245.496
238.688
232.082
225.68
219.482
213.491
207.704
202.123
196.745
191.568
186.592
181.813
177.229
172.835
168.63
164.608
160.767
157.101
153.606
150.279
147.113
144.104
141.248
138.54
135.973
133.544
131.247
129.077
127.029
125.098
123.279
121.566
119.956
118.442
117.02
115.686
114.434
113.26
112.159
111.127
110.16
109.253
108.403
107.604
106.853
106.147
105.48
104.851
104.253
103.685
103.143
102.622
102.12
101.634
101.159
100.692
100.23
395.371
386.122
376.899
367.717
358.595
349.546
340.588
331.734
322.998
314.392
305.929
297.62
289.474
281.5
273.706
266.099
258.684
251.467
244.451
237.639
231.034
224.637
218.449
212.47
206.7
201.138
195.782
190.629
185.679
180.927
176.372
172.008
167.833
163.842
160.032
156.398
152.935
149.638
146.503
143.525
140.699
138.02
135.482
133.081
130.81
128.666
126.644
124.737
122.94
121.25
119.66
118.167
116.764
115.448
114.214
113.056
111.971
110.955
110.002
109.108
108.27
107.484
106.745
106.049
105.393
104.773
104.185
103.626
103.092
102.58
102.086
101.607
101.14
100.681
100.226
395.321
385.971
376.648
367.37
358.154
349.016
339.973
331.04
322.23
313.557
305.034
296.671
288.478
280.464
272.637
265.003
257.568
250.337
243.312
236.498
229.895
223.506
217.329
211.366
205.615
200.074
194.743
189.617
184.696
179.975
175.451
171.12
166.978
163.022
159.246
155.646
152.217
148.955
145.853
142.908
140.114
137.466
134.959
132.588
130.346
128.23
126.234
124.353
122.581
120.915
119.348
117.876
116.494
115.197
113.981
112.842
111.773
110.772
109.834
108.955
108.131
107.357
106.63
105.945
105.3
104.691
104.113
103.563
103.039
102.535
102.05
101.579
101.12
100.669
100.222
395.265
385.804
376.372
366.987
357.667
348.431
339.295
330.274
321.384
312.638
304.049
295.628
287.384
279.328
271.466
263.805
256.349
249.104
242.073
235.257
228.659
222.279
216.116
210.171
204.442
198.926
193.623
188.528
183.638
178.951
174.462
170.168
166.063
162.144
158.406
154.843
151.451
148.226
145.161
142.251
139.492
136.878
134.404
132.064
129.854
127.768
125.8
123.947
122.202
120.56
119.017
117.568
116.208
114.932
113.736
112.615
111.564
110.58
109.658
108.794
107.984
107.223
106.509
105.837
105.203
104.604
104.037
103.497
102.982
102.488
102.012
101.55
101.099
100.656
100.218
395.203
385.619
376.065
366.562
357.129
347.784
338.545
329.429
320.451
311.626
302.966
294.482
286.185
278.084
270.185
262.495
255.019
247.762
240.724
233.909
227.317
220.949
214.804
208.88
203.176
197.689
192.417
187.356
182.503
177.853
173.403
169.148
165.084
161.206
157.508
153.986
150.635
147.449
144.424
141.553
138.831
136.254
133.815
131.51
129.333
127.278
125.341
123.517
121.8
120.185
118.668
117.244
115.907
114.653
113.478
112.376
111.344
110.378
109.473
108.624
107.829
107.083
106.382
105.723
105.101
104.514
103.957
103.428
102.923
102.439
101.972
101.519
101.077
100.643
100.214
395.134
385.414
375.726
366.092
356.533
347.068
337.717
328.496
319.423
310.511
301.774
293.223
284.869
276.72
268.783
261.065
253.569
246.299
239.257
232.445
225.862
219.509
213.384
207.485
201.81
196.356
191.12
186.097
181.284
176.676
172.269
168.058
164.038
160.205
156.552
153.074
149.767
146.624
143.641
140.811
138.13
135.592
133.191
130.923
128.781
126.761
124.856
123.063
121.376
119.79
118.3
116.902
115.589
114.359
113.205
112.125
111.113
110.165
109.278
108.446
107.667
106.936
106.249
105.603
104.994
104.419
103.874
103.356
102.861
102.387
101.93
101.487
101.054
100.629
100.209
395.058
385.186
375.349
365.571
355.872
346.276
336.801
327.466
318.288
309.282
300.462
291.839
283.424
275.225
267.249
259.502
251.986
244.706
237.662
230.856
224.286
217.951
211.85
205.981
200.339
194.922
189.726
184.746
179.977
175.416
171.057
166.894
162.923
159.138
155.533
152.104
148.844
145.748
142.81
140.025
137.388
134.891
132.531
130.302
128.198
126.214
124.345
122.585
120.93
119.374
117.913
116.542
115.255
114.049
112.92
111.861
110.87
109.942
109.073
108.259
107.497
106.781
106.109
105.477
104.882
104.319
103.786
103.28
102.796
102.333
101.886
101.453
101.03
100.615
100.205
394.973
384.933
374.931
364.991
355.139
345.397
335.786
326.325
317.034
307.926
299.017
290.317
281.838
273.588
265.571
257.795
250.261
242.972
235.929
229.131
222.578
216.266
210.195
204.359
198.756
193.381
188.23
183.298
178.579
174.069
169.762
165.652
161.734
158.002
154.45
151.073
147.864
144.819
141.93
139.193
136.602
134.151
131.835
129.647
127.584
125.638
123.806
122.082
120.46
118.937
117.506
116.164
114.905
113.725
112.62
111.585
110.616
109.709
108.859
108.064
107.318
106.619
105.963
105.346
104.764
104.215
103.695
103.2
102.729
102.276
101.84
101.417
101.005
100.6
100.2
394.879
384.651
374.465
364.347
354.325
344.422
334.661
325.063
315.647
306.43
297.424
288.644
280.097
271.792
263.736
255.931
248.381
241.086
234.047
227.262
220.73
214.446
208.409
202.613
197.054
191.727
186.626
181.748
177.084
172.631
168.381
164.329
160.469
156.795
153.3
149.98
146.827
143.835
141
138.314
135.773
133.37
131.1
128.957
126.936
125.032
123.239
121.552
119.967
118.477
117.079
115.767
114.537
113.385
112.306
111.295
110.349
109.464
108.635
107.859
107.132
106.45
105.81
105.209
104.642
104.106
103.599
103.118
102.658
102.217
101.792
101.381
100.979
100.585
100.194
394.774
384.337
373.946
363.63
353.419
343.338
333.412
323.664
314.113
304.777
295.669
286.801
278.184
269.825
261.728
253.896
246.332
239.035
232.004
225.237
218.731
212.482
206.484
200.734
195.225
189.952
184.909
180.09
175.488
171.097
166.911
162.922
159.125
155.514
152.082
148.822
145.729
142.796
140.017
137.386
134.898
132.547
130.326
128.231
126.256
124.395
122.644
120.997
119.449
117.995
116.631
115.352
114.152
113.029
111.977
110.992
110.071
109.208
108.401
107.645
106.938
106.274
105.651
105.065
104.514
103.993
103.5
103.031
102.584
102.156
101.743
101.342
100.952
100.568
100.189
394.656
383.986
373.366
362.83
352.409
342.131
332.024
322.112
312.414
302.949
293.731
284.773
276.083
267.667
259.531
251.675
244.1
236.805
229.788
223.045
216.572
210.363
204.413
198.715
193.264
188.052
183.073
178.32
173.786
169.464
165.347
161.428
157.7
154.157
150.792
147.598
144.569
141.698
138.98
136.409
133.978
131.681
129.513
127.469
125.542
123.728
122.02
120.415
118.907
117.491
116.163
114.917
113.75
112.657
111.634
110.676
109.78
108.942
108.157
107.423
106.735
106.09
105.485
104.916
104.381
103.875
103.396
102.941
102.508
102.092
101.691
101.302
100.923
100.551
100.183
394.525
383.593
372.717
361.935
351.281
340.786
330.479
320.386
310.529
300.926
291.592
282.539
273.773
265.302
257.127
249.25
241.67
234.383
227.386
220.674
214.241
208.08
202.185
196.548
191.163
186.02
181.113
176.434
171.974
167.728
163.687
159.843
156.19
152.721
149.428
146.305
143.345
140.542
137.89
135.381
133.01
130.772
128.66
126.669
124.794
123.028
121.367
119.806
118.34
116.964
115.674
114.464
113.331
112.269
111.276
110.347
109.477
108.664
107.903
107.191
106.524
105.899
105.313
104.761
104.242
103.753
103.289
102.848
102.428
102.025
101.637
101.261
100.894
100.534
100.177
394.377
383.151
371.99
360.932
350.018
339.282
328.756
318.466
308.437
298.686
289.228
280.075
271.234
262.707
254.498
246.605
239.025
231.753
224.784
218.111
211.727
205.624
199.793
194.226
188.914
183.849
179.022
174.425
170.048
165.885
161.927
158.166
154.594
151.205
147.99
144.943
142.058
139.326
136.743
134.301
131.995
129.819
127.766
125.832
124.011
122.297
120.685
119.171
117.749
116.415
115.164
113.991
112.893
111.866
110.904
110.004
109.162
108.375
107.639
106.95
106.305
105.7
105.133
104.601
104.099
103.625
103.177
102.751
102.345
101.956
101.581
101.218
100.863
100.516
100.171
394.21
382.654
371.171
359.806
348.602
337.598
326.83
316.325
306.109
296.2
286.614
277.358
268.44
259.862
251.623
243.719
236.147
228.899
221.967
215.344
209.019
202.983
197.226
191.739
186.512
181.534
176.796
172.289
168.004
163.932
160.064
156.392
152.909
149.605
146.475
143.51
140.704
138.049
135.54
133.17
130.932
128.821
126.831
124.957
123.193
121.533
119.973
118.508
117.132
115.842
114.633
113.5
112.439
111.446
110.517
109.648
108.835
108.075
107.365
106.7
106.078
105.495
104.948
104.434
103.95
103.494
103.061
102.651
102.26
101.885
101.523
101.173
100.832
100.497
100.165
394.022
382.093
370.247
358.535
347.008
335.708
324.672
313.934
303.517
293.44
283.718
274.359
265.367
256.74
248.478
240.572
233.018
225.804
218.921
212.358
206.104
200.148
194.477
189.081
183.948
179.068
174.429
170.023
165.838
161.865
158.096
154.521
151.133
147.922
144.882
142.005
139.283
136.711
134.28
131.985
129.82
127.779
125.855
124.044
122.34
120.738
119.232
117.818
116.491
115.247
114.081
112.989
111.967
111.01
110.115
109.278
108.496
107.765
107.081
106.441
105.842
105.281
104.755
104.261
103.796
103.357
102.942
102.547
102.171
101.811
101.464
101.127
100.799
100.477
100.159
393.808
381.456
369.2
357.099
345.209
333.579
322.25
311.257
300.624
290.371
280.51
271.047
261.983
253.316
245.039
237.143
229.617
222.451
215.63
209.141
202.972
197.108
191.536
186.243
181.218
176.446
171.918
167.621
163.546
159.683
156.02
152.551
149.265
146.154
143.211
140.427
137.796
135.31
132.963
130.749
128.66
126.692
124.838
123.094
121.453
119.91
118.461
117.101
115.825
114.629
113.509
112.459
111.477
110.558
109.699
108.896
108.145
107.443
106.787
106.173
105.599
105.061
104.557
104.083
103.637
103.216
102.818
102.44
102.08
101.735
101.402
101.08
100.766
100.457
100.152
393.564
380.731
368.009
355.468
343.172
331.175
319.524
308.253
297.39
286.952
276.95
267.386
258.258
249.559
241.279
233.406
225.925
218.821
212.078
205.68
199.61
193.854
188.395
183.22
178.314
173.664
169.257
165.082
161.127
157.382
153.836
150.479
147.303
144.299
141.46
138.776
136.241
133.847
131.589
129.459
127.451
125.56
123.78
122.105
120.53
119.051
117.661
116.358
115.135
113.989
112.916
111.911
110.971
110.091
109.269
108.5
107.782
107.111
106.483
105.897
105.348
104.834
104.352
103.899
103.473
103.071
102.691
102.33
101.986
101.656
101.338
101.031
100.731
100.436
100.145
393.285
379.901
366.648
353.609
340.856
328.451
316.445
304.875
293.768
283.139
272.996
263.337
254.155
245.438
237.171
229.338
221.92
214.897
208.25
201.96
196.008
190.376
185.046
180.003
175.232
170.717
166.444
162.402
158.578
154.961
151.54
148.306
145.248
142.359
139.629
137.051
134.618
132.322
130.158
128.117
126.195
124.385
122.681
121.08
119.574
118.16
116.833
115.588
114.421
113.327
112.303
111.344
110.447
109.609
108.825
108.092
107.408
106.768
106.171
105.612
105.089
104.599
104.14
103.709
103.304
102.922
102.56
102.216
101.889
101.575
101.273
100.98
100.695
100.415
100.138
392.964
378.946
365.085
351.478
338.21
325.351
312.957
301.065
289.703
278.88
268.601
258.857
249.635
240.918
232.686
224.914
217.58
210.66
204.13
197.969
192.154
186.665
181.483
176.589
171.967
167.601
163.476
159.579
155.898
152.419
149.133
146.03
143.099
140.331
137.719
135.254
132.929
130.736
128.67
126.723
124.89
123.165
121.543
120.017
118.584
117.239
115.976
114.792
113.682
112.643
111.67
110.759
109.907
109.111
108.367
107.672
107.022
106.415
105.848
105.318
104.822
104.358
103.923
103.515
103.13
102.768
102.425
102.099
101.789
101.492
101.206
100.929
100.658
100.393
100.131
392.591
377.839
363.278
349.023
335.174
321.81
308.991
296.757
285.13
274.116
263.71
253.897
244.657
235.964
227.79
220.106
212.883
206.091
199.704
193.695
188.039
182.714
177.698
172.971
168.515
164.314
160.351
156.612
153.085
149.756
146.616
143.652
140.856
138.218
135.73
133.384
131.173
129.089
127.126
125.278
123.539
121.903
120.365
118.919
117.562
116.287
115.092
113.972
112.922
111.938
111.018
110.157
109.352
108.599
107.896
107.239
106.626
106.053
105.517
105.017
104.549
104.111
103.7
103.315
102.952
102.61
102.287
101.98
101.687
101.407
101.137
100.876
100.621
100.371
100.123
392.156
376.548
361.174
346.176
331.668
317.744
304.465
291.87
279.974
268.777
258.263
248.406
239.176
230.538
222.455
214.89
207.808
201.174
194.957
189.127
183.655
178.516
173.687
169.147
164.875
160.854
157.068
153.501
150.14
146.973
143.987
141.173
138.521
136.021
133.664
131.444
129.353
127.383
125.529
123.784
122.142
120.599
119.148
117.786
116.507
115.307
114.181
113.126
112.138
111.213
110.347
109.538
108.781
108.074
107.413
106.795
106.219
105.681
105.178
104.708
104.268
103.857
103.471
103.11
102.769
102.448
102.145
101.857
101.582
101.319
101.066
100.821
100.582
100.348
100.116
391.642
375.026
358.705
342.849
327.597
313.051
299.277
286.308
274.15
262.788
252.193
242.327
233.144
224.6
216.646
209.239
202.334
195.893
189.878
184.256
178.995
174.067
169.448
165.114
161.045
157.222
153.627
150.246
147.065
144.07
141.251
138.595
136.095
133.74
131.523
129.435
127.469
125.619
123.878
122.241
120.702
119.255
117.896
116.619
115.422
114.298
113.245
112.258
111.334
110.469
109.659
108.902
108.195
107.534
106.917
106.34
105.802
105.299
104.83
104.391
103.981
103.597
103.238
102.9
102.582
102.283
102
101.731
101.475
101.23
100.994
100.766
100.543
100.324
100.108
391.029
373.216
355.779
338.93
322.834
307.605
293.307
279.961
267.557
256.063
245.429
235.599
226.513
218.111
210.334
203.129
196.444
190.234
184.457
179.075
174.054
169.365
164.979
160.874
157.026
153.418
150.031
146.85
143.861
141.051
138.407
135.921
133.581
131.38
129.308
127.359
125.525
123.799
122.177
120.652
119.218
117.872
116.607
115.42
114.307
113.262
112.284
111.367
110.509
109.705
108.954
108.252
107.595
106.982
106.41
105.875
105.376
104.91
104.474
104.068
103.687
103.332
102.998
102.686
102.392
102.114
101.852
101.603
101.366
101.139
100.921
100.709
100.503
100.3
100.1
390.288
371.035
352.272
334.268
317.218
301.245
286.403
272.693
260.08
248.504
237.89
228.159
219.232
211.033
203.491
196.54
190.123
184.188
178.687
173.581
168.832
164.408
160.281
156.427
152.822
149.446
146.283
143.317
140.532
137.918
135.461
133.153
130.982
128.942
127.023
125.218
123.522
121.927
120.427
119.018
117.695
116.452
115.285
114.191
113.164
112.201
111.299
110.455
109.664
108.925
108.233
107.586
106.982
106.418
105.891
105.399
104.94
104.512
104.111
103.737
103.388
103.061
102.755
102.467
102.197
101.942
101.701
101.473
101.255
101.046
100.845
100.651
100.462
100.276
100.092
389.379
368.367
348.014
328.661
310.539
293.769
278.384
264.349
251.59
240.008
229.496
219.946
211.257
203.333
196.091
189.456
183.361
177.748
172.567
167.773
163.329
159.201
155.359
151.778
148.435
145.311
142.388
139.65
137.084
134.676
132.417
130.295
128.302
126.43
124.671
123.017
121.463
120.003
118.632
117.343
116.133
114.998
113.932
112.932
111.995
111.116
110.293
109.523
108.802
108.127
107.497
106.907
106.357
105.843
105.363
104.915
104.496
104.106
103.742
103.401
103.083
102.785
102.506
102.245
101.999
101.767
101.548
101.34
101.141
100.952
100.769
100.592
100.42
100.251
100.083
388.24
365.045
342.762
321.832
302.518
284.922
269.03
254.749
241.944
230.466
220.166
210.901
202.544
194.983
188.118
181.866
176.152
170.913
166.097
161.656
157.551
153.749
150.218
146.934
143.874
141.019
138.352
135.857
133.521
131.332
129.279
127.354
125.546
123.849
122.256
120.759
119.353
118.033
116.793
115.629
114.536
113.511
112.549
111.647
110.801
110.009
109.267
108.573
107.923
107.315
106.747
106.216
105.72
105.257
104.825
104.421
104.045
103.693
103.365
103.059
102.773
102.505
102.254
102.019
101.797
101.589
101.392
101.205
101.026
100.856
100.692
100.532
100.377
100.225
100.075
386.779
360.815
336.164
313.396
292.788
274.385
258.081
243.688
230.99
219.768
209.821
200.971
193.062
185.964
179.563
173.768
168.499
163.69
159.286
155.239
151.509
148.062
144.869
141.905
139.148
136.58
134.184
131.945
129.851
127.891
126.055
124.334
122.72
121.205
119.783
118.449
117.196
116.02
114.916
113.879
112.907
111.995
111.139
110.337
109.586
108.882
108.222
107.605
107.028
106.488
105.984
105.513
105.073
104.662
104.278
103.92
103.586
103.274
102.983
102.712
102.458
102.22
101.998
101.789
101.593
101.408
101.233
101.068
100.91
100.758
100.613
100.472
100.335
100.2
100.066
384.842
355.273
327.688
302.807
280.862
261.76
245.233
230.948
218.575
207.813
198.401
190.122
182.794
176.271
170.429
165.172
160.415
156.093
152.148
148.536
145.215
142.154
139.325
136.703
134.269
132.004
129.893
127.924
126.084
124.363
122.752
121.243
119.828
118.502
117.258
116.09
114.995
113.967
113.002
112.097
111.248
110.452
109.705
109.005
108.35
107.736
107.161
106.623
106.12
105.649
105.21
104.799
104.416
104.058
103.724
103.412
103.121
102.85
102.596
102.36
102.139
101.932
101.738
101.557
101.386
101.225
101.073
100.929
100.791
100.66
100.533
100.411
100.291
100.174
100.058
382.158
347.75
316.514
289.286
266.102
246.57
230.153
216.31
204.565
194.523
185.866
178.339
171.742
165.916
160.735
156.097
151.922
148.143
144.706
141.568
138.691
136.044
133.603
131.344
129.25
127.304
125.493
123.804
122.228
120.755
119.378
118.088
116.88
115.747
114.685
113.689
112.755
111.879
111.057
110.286
109.563
108.885
108.25
107.654
107.096
106.574
106.085
105.627
105.199
104.799
104.426
104.077
103.751
103.447
103.163
102.898
102.651
102.42
102.205
102.004
101.816
101.64
101.476
101.322
101.177
101.04
100.911
100.789
100.672
100.56
100.453
100.349
100.247
100.147
100.049
378.197
337.057
301.334
271.728
247.695
228.275
212.508
199.583
188.864
179.863
172.215
165.643
159.937
154.936
150.516
146.581
143.054
139.873
136.989
134.362
131.96
129.754
127.722
125.846
124.108
122.495
120.996
119.599
118.296
117.079
115.942
114.877
113.881
112.947
112.072
111.252
110.483
109.761
109.085
108.45
107.856
107.298
106.775
106.286
105.827
105.398
104.996
104.62
104.269
103.94
103.633
103.346
103.079
102.829
102.596
102.378
102.175
101.986
101.809
101.644
101.49
101.346
101.211
101.085
100.966
100.853
100.747
100.647
100.551
100.46
100.371
100.286
100.203
100.121
100.04
371.772
320.948
280.041
248.601
224.681
206.333
192.029
180.661
171.454
163.862
157.501
152.093
147.439
143.389
139.829
136.674
133.856
131.323
129.033
126.952
125.051
123.31
121.708
120.23
118.863
117.595
116.417
115.321
114.299
113.345
112.454
111.621
110.84
110.11
109.425
108.784
108.182
107.619
107.09
106.594
106.13
105.694
105.286
104.904
104.546
104.21
103.897
103.603
103.329
103.073
102.833
102.609
102.401
102.206
102.024
101.854
101.696
101.548
101.411
101.282
101.162
101.049
100.944
100.845
100.753
100.665
100.583
100.504
100.43
100.358
100.289
100.223
100.158
100.094
100.031
359.716
294.922
249.285
217.958
196.098
180.354
168.618
159.586
152.436
146.639
141.841
137.801
134.35
131.363
128.75
126.442
124.387
122.545
120.883
119.375
118
116.741
115.585
114.519
113.534
112.621
111.774
110.986
110.251
109.566
108.926
108.327
107.767
107.243
106.752
106.292
105.86
105.456
105.077
104.722
104.389
104.077
103.784
103.51
103.254
103.014
102.789
102.579
102.383
102.199
102.028
101.868
101.718
101.579
101.448
101.327
101.214
101.108
101.009
100.917
100.831
100.751
100.676
100.605
100.539
100.476
100.417
100.361
100.307
100.256
100.207
100.159
100.113
100.067
100.022
331.886
249.742
204.218
177.851
161.401
150.369
142.509
136.633
132.071
128.422
125.43
122.929
120.803
118.971
117.373
115.966
114.716
113.597
112.589
111.675
110.843
110.082
109.383
108.74
108.145
107.595
107.083
106.608
106.166
105.753
105.367
105.007
104.67
104.354
104.059
103.782
103.523
103.279
103.051
102.838
102.638
102.45
102.274
102.109
101.955
101.811
101.676
101.55
101.432
101.321
101.218
101.122
101.032
100.948
100.87
100.797
100.729
100.666
100.606
100.551
100.499
100.451
100.406
100.363
100.324
100.286
100.25
100.217
100.185
100.154
100.124
100.096
100.068
100.041
100.013
249.971
167.942
139.998
127.827
121.289
117.215
114.419
112.37
110.798
109.55
108.533
107.686
106.967
106.35
105.812
105.339
104.92
104.544
104.206
103.9
103.622
103.367
103.133
102.918
102.719
102.535
102.364
102.206
102.058
101.92
101.791
101.671
101.558
101.453
101.354
101.262
101.175
101.094
101.018
100.947
100.88
100.817
100.759
100.704
100.652
100.604
100.559
100.517
100.478
100.441
100.406
100.374
100.344
100.316
100.29
100.266
100.243
100.222
100.202
100.184
100.167
100.15
100.135
100.121
100.108
100.095
100.084
100.072
100.062
100.051
100.041
100.032
100.023
100.014
100.004
)
;

boundaryField
{
    upperwall
    {
        type            fixedValue;
        value           uniform 400;
    }
    rightwall
    {
        type            fixedValue;
        value           uniform 100;
    }
    leftwall
    {
        type            fixedValue;
        value           uniform 100;
    }
    bottomwall
    {
        type            fixedValue;
        value           uniform 100;
    }
    frontandback
    {
        type            empty;
    }
}


// ************************************************************************* //
