/*--------------------------------*- C++ -*----------------------------------*\
  =========                 |
  \\      /  F ield         | OpenFOAM: The Open Source CFD Toolbox
   \\    /   O peration     | Website:  https://openfoam.org
    \\  /    A nd           | Version:  10
     \\/     M anipulation  |
\*---------------------------------------------------------------------------*/
FoamFile
{
    format      ascii;
    class       volScalarField;
    location    "151";
    object      T;
}
// * * * * * * * * * * * * * * * * * * * * * * * * * * * * * * * * * * * * * //

dimensions      [0 0 0 1 0 0 0];

internalField   nonuniform List<scalar> 
11250
(
249.647
166.978
138.416
125.665
118.595
114.049
110.847
108.463
106.63
105.191
104.052
103.146
102.425
101.855
101.406
101.056
100.785
100.577
100.42
100.302
100.215
100.151
100.105
100.072
100.049
100.033
100.022
100.014
100.009
100.006
100.004
100.002
100.001
100.001
100.001
100
100
100
100
100
100
100
100
100
100
100
100
100
100
100
100
100
100
100
100
100
100
100
100
100
100
100
100
100
100
100
100
100
100
100
100
100
100
100
100
330.916
246.856
199.485
171.381
153.341
140.896
131.822
124.944
119.597
115.376
112.019
109.341
107.208
105.517
104.184
103.143
102.337
101.719
101.251
100.9
100.64
100.45
100.312
100.214
100.145
100.097
100.064
100.042
100.027
100.017
100.011
100.007
100.004
100.003
100.002
100.001
100.001
100
100
100
100
100
100
100
100
100
100
100
100
100
100
100
100
100
100
100
100
100
100
100
100
100
100
100
100
100
100
100
100
100
100
100
100
100
100
358.108
290.138
241.438
207.231
182.734
164.646
150.897
140.201
131.747
125.001
119.594
115.259
111.793
109.037
106.861
105.158
103.837
102.824
102.056
101.479
101.052
100.74
100.514
100.353
100.239
100.16
100.106
100.069
100.045
100.029
100.018
100.011
100.007
100.004
100.002
100.001
100.001
100
100
100
100
100
100
100
100
100
100
100
100
100
100
100
100
100
100
100
100
100
100
100
100
100
100
100
100
100
100
100
100
100
100
100
100
100
100
369.539
314.303
269.141
233.7
206.116
184.511
167.406
153.724
142.702
133.788
126.575
120.751
116.072
112.337
109.38
107.059
105.257
103.872
102.82
102.03
101.445
101.016
100.706
100.485
100.329
100.22
100.146
100.095
100.062
100.039
100.025
100.015
100.009
100.006
100.003
100.002
100.001
100.001
100
100
100
100
100
100
100
100
100
100
100
100
100
100
100
100
100
100
100
100
100
100
100
100
100
100
100
100
100
100
100
100
100
100
100
100
100
375.356
328.601
287.464
252.765
224.068
200.5
181.164
165.29
152.254
141.563
132.822
125.711
119.964
115.356
111.694
108.813
106.57
104.844
103.531
102.544
101.812
101.275
100.886
100.609
100.413
100.277
100.183
100.12
100.077
100.049
100.031
100.019
100.012
100.007
100.004
100.003
100.001
100.001
100
100
100
100
100
100
100
100
100
100
100
100
100
100
100
100
100
100
100
100
100
100
100
100
100
100
100
100
100
100
100
100
100
100
100
100
100
378.729
337.547
299.776
266.401
237.586
213.043
192.312
174.9
160.35
148.257
138.269
130.079
123.419
118.053
113.773
110.396
107.76
105.728
104.179
103.014
102.147
101.512
101.052
100.723
100.491
100.329
100.218
100.143
100.092
100.059
100.037
100.023
100.014
100.009
100.005
100.003
100.002
100.001
100.001
100
100
100
100
100
100
100
100
100
100
100
100
100
100
100
100
100
100
100
100
100
100
100
100
100
100
100
100
100
100
100
100
100
100
100
100
380.851
343.395
308.202
276.162
247.657
222.715
201.156
182.705
167.052
153.885
142.906
133.837
126.417
120.411
115.602
111.795
108.817
106.515
104.758
103.434
102.449
101.726
101.201
100.826
100.561
100.376
100.249
100.163
100.105
100.067
100.042
100.026
100.016
100.01
100.006
100.003
100.002
100.001
100.001
100
100
100
100
100
100
100
100
100
100
100
100
100
100
100
100
100
100
100
100
100
100
100
100
100
100
100
100
100
100
100
100
100
100
100
100
382.253
347.344
314.063
283.172
255.118
230.082
208.059
188.926
172.489
158.519
146.773
137.003
128.966
122.431
117.178
113.008
109.737
107.204
105.267
103.805
102.715
101.915
101.333
100.917
100.623
100.418
100.277
100.181
100.117
100.075
100.047
100.029
100.018
100.011
100.007
100.004
100.002
100.001
100.001
100
100
100
100
100
100
100
100
100
100
100
100
100
100
100
100
100
100
100
100
100
100
100
100
100
100
100
100
100
100
100
100
100
100
100
100
383.209
350.069
318.19
288.225
260.624
235.643
213.378
193.807
176.823
162.265
149.936
139.619
131.091
124.127
118.511
114.039
110.523
107.794
105.704
104.125
102.946
102.079
101.449
100.997
100.678
100.455
100.302
100.198
100.128
100.082
100.051
100.032
100.02
100.012
100.007
100.004
100.002
100.001
100.001
100
100
100
100
100
100
100
100
100
100
100
100
100
100
100
100
100
100
100
100
100
100
100
100
100
100
100
100
100
100
100
100
100
100
100
100
383.873
351.978
321.12
291.874
264.675
239.809
217.432
197.586
180.227
165.243
152.478
141.743
132.83
125.526
119.617
114.899
111.182
108.292
106.075
104.396
103.143
102.219
101.547
101.066
100.725
100.487
100.323
100.212
100.137
100.087
100.055
100.034
100.021
100.013
100.008
100.005
100.003
100.002
100.001
100
100
100
100
100
100
100
100
100
100
100
100
100
100
100
100
100
100
100
100
100
100
100
100
100
100
100
100
100
100
100
100
100
100
100
100
384.339
353.326
323.212
294.513
267.645
242.909
220.491
200.477
182.863
167.576
154.49
143.439
134.23
126.66
120.519
115.605
111.726
108.704
106.383
104.623
103.307
102.336
101.63
101.123
100.764
100.514
100.341
100.223
100.145
100.092
100.058
100.036
100.022
100.014
100.008
100.005
100.003
100.002
100.001
100.001
100
100
100
100
100
100
100
100
100
100
100
100
100
100
100
100
100
100
100
100
100
100
100
100
100
100
100
100
100
100
100
100
100
100
100
384.669
354.284
324.708
296.419
269.815
245.2
222.78
202.664
184.879
169.378
156.059
144.772
135.339
127.564
121.243
116.175
112.166
109.04
106.634
104.809
103.442
102.433
101.699
101.171
100.797
100.536
100.356
100.233
100.151
100.097
100.061
100.038
100.023
100.014
100.009
100.005
100.003
100.002
100.001
100.001
100
100
100
100
100
100
100
100
100
100
100
100
100
100
100
100
100
100
100
100
100
100
100
100
100
100
100
100
100
100
100
100
100
100
100
384.903
354.965
325.777
297.792
271.392
246.882
224.476
204.301
186.402
170.752
157.265
145.804
136.204
128.274
121.815
116.627
112.518
109.308
106.836
104.958
103.552
102.512
101.755
101.21
100.824
100.554
100.368
100.241
100.156
100.1
100.063
100.039
100.024
100.015
100.009
100.005
100.003
100.002
100.001
100.001
100
100
100
100
100
100
100
100
100
100
100
100
100
100
100
100
100
100
100
100
100
100
100
100
100
100
100
100
100
100
100
100
100
100
100
385.069
355.449
326.541
298.777
272.533
248.108
225.723
205.514
187.54
171.787
158.179
146.593
136.869
128.823
122.259
116.98
112.794
109.52
106.996
105.077
103.639
102.575
101.799
101.242
100.846
100.569
100.378
100.248
100.161
100.103
100.065
100.04
100.025
100.015
100.009
100.005
100.003
100.002
100.001
100.001
100
100
100
100
100
100
100
100
100
100
100
100
100
100
100
100
100
100
100
100
100
100
100
100
100
100
100
100
100
100
100
100
100
100
100
385.186
355.791
327.083
299.481
273.352
248.995
226.631
206.404
188.381
172.557
158.864
147.187
137.373
129.241
122.599
117.252
113.007
109.684
107.121
105.17
103.707
102.624
101.835
101.266
100.863
100.581
100.386
100.253
100.164
100.105
100.066
100.041
100.025
100.015
100.009
100.005
100.003
100.002
100.001
100.001
100
100
100
100
100
100
100
100
100
100
100
100
100
100
100
100
100
100
100
100
100
100
100
100
100
100
100
100
100
100
100
100
100
100
100
385.269
356.033
327.467
299.981
273.937
249.631
227.286
207.051
188.996
173.122
159.37
147.629
137.75
129.555
122.856
117.458
113.169
109.81
107.216
105.242
103.76
102.663
101.862
101.286
100.876
100.59
100.392
100.257
100.167
100.107
100.067
100.042
100.026
100.016
100.009
100.006
100.003
100.002
100.001
100.001
100
100
100
100
100
100
100
100
100
100
100
100
100
100
100
100
100
100
100
100
100
100
100
100
100
100
100
100
100
100
100
100
100
100
100
385.327
356.203
327.737
300.334
274.351
250.083
227.755
207.515
189.44
173.533
159.74
147.954
138.028
129.788
123.048
117.612
113.291
109.905
107.289
105.296
103.8
102.692
101.883
101.3
100.887
100.597
100.397
100.26
100.169
100.108
100.068
100.043
100.026
100.016
100.01
100.006
100.003
100.002
100.001
100.001
100
100
100
100
100
100
100
100
100
100
100
100
100
100
100
100
100
100
100
100
100
100
100
100
100
100
100
100
100
100
100
100
100
100
100
385.367
356.321
327.925
300.581
274.642
250.402
228.087
207.846
189.757
173.829
160.007
148.189
138.23
129.959
123.188
117.725
113.381
109.975
107.342
105.337
103.83
102.714
101.899
101.311
100.894
100.602
100.4
100.263
100.17
100.109
100.069
100.043
100.026
100.016
100.01
100.006
100.003
100.002
100.001
100.001
100
100
100
100
100
100
100
100
100
100
100
100
100
100
100
100
100
100
100
100
100
100
100
100
100
100
100
100
100
100
100
100
100
100
100
385.395
356.403
328.056
300.752
274.845
250.625
228.319
208.078
189.981
174.038
160.198
148.358
138.376
130.082
123.29
117.808
113.447
110.026
107.382
105.367
103.852
102.73
101.91
101.32
100.9
100.606
100.403
100.265
100.172
100.11
100.069
100.043
100.027
100.016
100.01
100.006
100.003
100.002
100.001
100.001
100
100
100
100
100
100
100
100
100
100
100
100
100
100
100
100
100
100
100
100
100
100
100
100
100
100
100
100
100
100
100
100
100
100
100
385.414
356.459
328.146
300.87
274.984
250.78
228.481
208.24
190.138
174.185
160.332
148.477
138.479
130.169
123.363
117.867
113.494
110.063
107.411
105.388
103.868
102.742
101.919
101.326
100.904
100.609
100.405
100.266
100.172
100.11
100.07
100.043
100.027
100.016
100.01
100.006
100.003
100.002
100.001
100.001
100
100
100
100
100
100
100
100
100
100
100
100
100
100
100
100
100
100
100
100
100
100
100
100
100
100
100
100
100
100
100
100
100
100
100
385.427
356.497
328.207
300.951
275.08
250.885
228.592
208.352
190.247
174.287
160.425
148.56
138.551
130.231
123.414
117.909
113.528
110.09
107.431
105.404
103.88
102.75
101.925
101.33
100.907
100.611
100.406
100.267
100.173
100.111
100.07
100.044
100.027
100.016
100.01
100.006
100.003
100.002
100.001
100.001
100
100
100
100
100
100
100
100
100
100
100
100
100
100
100
100
100
100
100
100
100
100
100
100
100
100
100
100
100
100
100
100
100
100
100
385.436
356.523
328.248
301.005
275.145
250.957
228.667
208.428
190.321
174.357
160.489
148.617
138.601
130.274
123.45
117.938
113.551
110.108
107.445
105.415
103.888
102.756
101.929
101.333
100.91
100.613
100.408
100.268
100.173
100.111
100.07
100.044
100.027
100.016
100.01
100.006
100.003
100.002
100.001
100.001
100
100
100
100
100
100
100
100
100
100
100
100
100
100
100
100
100
100
100
100
100
100
100
100
100
100
100
100
100
100
100
100
100
100
100
385.441
356.54
328.275
301.042
275.188
251.005
228.718
208.48
190.371
174.405
160.533
148.656
138.636
130.303
123.474
117.959
113.567
110.121
107.455
105.422
103.894
102.76
101.932
101.335
100.911
100.614
100.408
100.268
100.174
100.111
100.07
100.044
100.027
100.016
100.01
100.006
100.003
100.002
100.001
100.001
100
100
100
100
100
100
100
100
100
100
100
100
100
100
100
100
100
100
100
100
100
100
100
100
100
100
100
100
100
100
100
100
100
100
100
385.445
356.551
328.294
301.066
275.217
251.037
228.752
208.514
190.405
174.437
160.562
148.683
138.659
130.323
123.491
117.972
113.578
110.13
107.462
105.427
103.897
102.763
101.934
101.337
100.912
100.615
100.409
100.268
100.174
100.111
100.07
100.044
100.027
100.016
100.01
100.006
100.003
100.002
100.001
100.001
100
100
100
100
100
100
100
100
100
100
100
100
100
100
100
100
100
100
100
100
100
100
100
100
100
100
100
100
100
100
100
100
100
100
100
385.448
356.559
328.306
301.082
275.236
251.058
228.774
208.537
190.427
174.458
160.582
148.7
138.674
130.336
123.502
117.982
113.586
110.136
107.467
105.431
103.9
102.765
101.936
101.338
100.913
100.615
100.409
100.269
100.174
100.111
100.07
100.044
100.027
100.016
100.01
100.006
100.003
100.002
100.001
100.001
100
100
100
100
100
100
100
100
100
100
100
100
100
100
100
100
100
100
100
100
100
100
100
100
100
100
100
100
100
100
100
100
100
100
100
385.449
356.563
328.313
301.092
275.248
251.072
228.789
208.551
190.441
174.472
160.595
148.712
138.684
130.345
123.51
117.988
113.591
110.14
107.47
105.433
103.902
102.767
101.937
101.339
100.913
100.615
100.409
100.269
100.174
100.112
100.071
100.044
100.027
100.016
100.01
100.006
100.003
100.002
100.001
100.001
100
100
100
100
100
100
100
100
100
100
100
100
100
100
100
100
100
100
100
100
100
100
100
100
100
100
100
100
100
100
100
100
100
100
100
385.45
356.567
328.318
301.099
275.256
251.081
228.798
208.561
190.451
174.48
160.603
148.719
138.691
130.351
123.514
117.992
113.594
110.142
107.472
105.435
103.903
102.768
101.937
101.339
100.914
100.616
100.409
100.269
100.174
100.112
100.071
100.044
100.027
100.016
100.01
100.006
100.003
100.002
100.001
100.001
100
100
100
100
100
100
100
100
100
100
100
100
100
100
100
100
100
100
100
100
100
100
100
100
100
100
100
100
100
100
100
100
100
100
100
385.451
356.568
328.321
301.103
275.261
251.086
228.804
208.567
190.457
174.486
160.608
148.724
138.695
130.354
123.517
117.994
113.596
110.144
107.473
105.436
103.904
102.768
101.938
101.339
100.914
100.616
100.41
100.269
100.174
100.112
100.071
100.044
100.027
100.016
100.01
100.006
100.003
100.002
100.001
100.001
100
100
100
100
100
100
100
100
100
100
100
100
100
100
100
100
100
100
100
100
100
100
100
100
100
100
100
100
100
100
100
100
100
100
100
385.452
356.57
328.323
301.105
275.264
251.09
228.808
208.571
190.46
174.49
160.612
148.727
138.698
130.357
123.519
117.996
113.597
110.145
107.474
105.436
103.904
102.768
101.938
101.34
100.914
100.616
100.41
100.269
100.174
100.112
100.071
100.044
100.027
100.016
100.01
100.006
100.003
100.002
100.001
100.001
100
100
100
100
100
100
100
100
100
100
100
100
100
100
100
100
100
100
100
100
100
100
100
100
100
100
100
100
100
100
100
100
100
100
100
385.452
356.57
328.325
301.107
275.266
251.092
228.81
208.573
190.463
174.492
160.614
148.729
138.699
130.358
123.521
117.997
113.598
110.146
107.474
105.437
103.905
102.769
101.938
101.34
100.914
100.616
100.41
100.269
100.174
100.112
100.071
100.044
100.027
100.016
100.01
100.006
100.003
100.002
100.001
100.001
100
100
100
100
100
100
100
100
100
100
100
100
100
100
100
100
100
100
100
100
100
100
100
100
100
100
100
100
100
100
100
100
100
100
100
385.452
356.571
328.325
301.108
275.267
251.093
228.812
208.575
190.464
174.493
160.615
148.73
138.701
130.359
123.521
117.997
113.599
110.146
107.475
105.437
103.905
102.769
101.938
101.34
100.914
100.616
100.41
100.269
100.174
100.112
100.071
100.044
100.027
100.016
100.01
100.006
100.003
100.002
100.001
100.001
100
100
100
100
100
100
100
100
100
100
100
100
100
100
100
100
100
100
100
100
100
100
100
100
100
100
100
100
100
100
100
100
100
100
100
385.452
356.571
328.326
301.109
275.268
251.094
228.812
208.576
190.465
174.494
160.616
148.731
138.701
130.359
123.522
117.998
113.599
110.146
107.475
105.437
103.905
102.769
101.938
101.34
100.914
100.616
100.41
100.269
100.174
100.112
100.071
100.044
100.027
100.016
100.01
100.006
100.003
100.002
100.001
100.001
100
100
100
100
100
100
100
100
100
100
100
100
100
100
100
100
100
100
100
100
100
100
100
100
100
100
100
100
100
100
100
100
100
100
100
385.452
356.571
328.326
301.109
275.268
251.095
228.813
208.576
190.466
174.495
160.616
148.731
138.702
130.36
123.522
117.998
113.599
110.147
107.475
105.437
103.905
102.769
101.938
101.34
100.914
100.616
100.41
100.269
100.174
100.112
100.071
100.044
100.027
100.016
100.01
100.006
100.003
100.002
100.001
100.001
100
100
100
100
100
100
100
100
100
100
100
100
100
100
100
100
100
100
100
100
100
100
100
100
100
100
100
100
100
100
100
100
100
100
100
385.452
356.571
328.326
301.109
275.268
251.095
228.813
208.577
190.466
174.495
160.616
148.732
138.702
130.36
123.522
117.998
113.599
110.147
107.475
105.437
103.905
102.769
101.939
101.34
100.914
100.616
100.41
100.269
100.174
100.112
100.071
100.044
100.027
100.016
100.01
100.006
100.003
100.002
100.001
100.001
100
100
100
100
100
100
100
100
100
100
100
100
100
100
100
100
100
100
100
100
100
100
100
100
100
100
100
100
100
100
100
100
100
100
100
385.452
356.572
328.326
301.109
275.269
251.095
228.814
208.577
190.466
174.495
160.617
148.732
138.702
130.36
123.522
117.998
113.599
110.147
107.475
105.437
103.905
102.769
101.939
101.34
100.914
100.616
100.41
100.269
100.174
100.112
100.071
100.044
100.027
100.016
100.01
100.006
100.003
100.002
100.001
100.001
100
100
100
100
100
100
100
100
100
100
100
100
100
100
100
100
100
100
100
100
100
100
100
100
100
100
100
100
100
100
100
100
100
100
100
385.452
356.572
328.326
301.109
275.269
251.095
228.814
208.577
190.466
174.495
160.617
148.732
138.702
130.36
123.522
117.998
113.6
110.147
107.475
105.437
103.905
102.769
101.939
101.34
100.914
100.616
100.41
100.269
100.174
100.112
100.071
100.044
100.027
100.016
100.01
100.006
100.003
100.002
100.001
100.001
100
100
100
100
100
100
100
100
100
100
100
100
100
100
100
100
100
100
100
100
100
100
100
100
100
100
100
100
100
100
100
100
100
100
100
385.452
356.572
328.326
301.109
275.269
251.095
228.814
208.577
190.466
174.495
160.617
148.732
138.702
130.36
123.523
117.998
113.6
110.147
107.475
105.438
103.905
102.769
101.939
101.34
100.914
100.616
100.41
100.269
100.174
100.112
100.071
100.044
100.027
100.016
100.01
100.006
100.003
100.002
100.001
100.001
100
100
100
100
100
100
100
100
100
100
100
100
100
100
100
100
100
100
100
100
100
100
100
100
100
100
100
100
100
100
100
100
100
100
100
385.452
356.572
328.326
301.109
275.269
251.095
228.814
208.577
190.466
174.495
160.617
148.732
138.702
130.36
123.523
117.998
113.6
110.147
107.475
105.438
103.905
102.769
101.939
101.34
100.914
100.616
100.41
100.269
100.174
100.112
100.071
100.044
100.027
100.016
100.01
100.006
100.003
100.002
100.001
100.001
100
100
100
100
100
100
100
100
100
100
100
100
100
100
100
100
100
100
100
100
100
100
100
100
100
100
100
100
100
100
100
100
100
100
100
385.452
356.572
328.327
301.109
275.269
251.095
228.814
208.577
190.466
174.495
160.617
148.732
138.702
130.36
123.523
117.998
113.6
110.147
107.475
105.438
103.905
102.769
101.939
101.34
100.914
100.616
100.41
100.269
100.174
100.112
100.071
100.044
100.027
100.016
100.01
100.006
100.003
100.002
100.001
100.001
100
100
100
100
100
100
100
100
100
100
100
100
100
100
100
100
100
100
100
100
100
100
100
100
100
100
100
100
100
100
100
100
100
100
100
385.452
356.572
328.327
301.109
275.269
251.095
228.814
208.577
190.466
174.495
160.617
148.732
138.702
130.36
123.523
117.998
113.6
110.147
107.475
105.438
103.905
102.769
101.939
101.34
100.914
100.616
100.41
100.269
100.174
100.112
100.071
100.044
100.027
100.016
100.01
100.006
100.003
100.002
100.001
100.001
100
100
100
100
100
100
100
100
100
100
100
100
100
100
100
100
100
100
100
100
100
100
100
100
100
100
100
100
100
100
100
100
100
100
100
385.452
356.572
328.327
301.109
275.269
251.095
228.814
208.577
190.466
174.495
160.617
148.732
138.702
130.36
123.523
117.998
113.6
110.147
107.475
105.438
103.905
102.769
101.939
101.34
100.914
100.616
100.41
100.269
100.174
100.112
100.071
100.044
100.027
100.016
100.01
100.006
100.003
100.002
100.001
100.001
100
100
100
100
100
100
100
100
100
100
100
100
100
100
100
100
100
100
100
100
100
100
100
100
100
100
100
100
100
100
100
100
100
100
100
385.452
356.572
328.327
301.109
275.269
251.095
228.814
208.577
190.466
174.495
160.617
148.732
138.702
130.36
123.523
117.998
113.6
110.147
107.475
105.438
103.905
102.769
101.939
101.34
100.914
100.616
100.41
100.269
100.174
100.112
100.071
100.044
100.027
100.016
100.01
100.006
100.003
100.002
100.001
100.001
100
100
100
100
100
100
100
100
100
100
100
100
100
100
100
100
100
100
100
100
100
100
100
100
100
100
100
100
100
100
100
100
100
100
100
385.452
356.572
328.327
301.109
275.269
251.095
228.814
208.577
190.466
174.495
160.617
148.732
138.702
130.36
123.523
117.998
113.6
110.147
107.475
105.438
103.905
102.769
101.939
101.34
100.914
100.616
100.41
100.269
100.174
100.112
100.071
100.044
100.027
100.016
100.01
100.006
100.003
100.002
100.001
100.001
100
100
100
100
100
100
100
100
100
100
100
100
100
100
100
100
100
100
100
100
100
100
100
100
100
100
100
100
100
100
100
100
100
100
100
385.452
356.572
328.327
301.109
275.269
251.095
228.814
208.577
190.466
174.495
160.617
148.732
138.702
130.36
123.523
117.998
113.6
110.147
107.475
105.438
103.905
102.769
101.939
101.34
100.914
100.616
100.41
100.269
100.174
100.112
100.071
100.044
100.027
100.016
100.01
100.006
100.003
100.002
100.001
100.001
100
100
100
100
100
100
100
100
100
100
100
100
100
100
100
100
100
100
100
100
100
100
100
100
100
100
100
100
100
100
100
100
100
100
100
385.452
356.572
328.327
301.109
275.269
251.095
228.814
208.577
190.466
174.495
160.617
148.732
138.702
130.36
123.523
117.998
113.6
110.147
107.475
105.438
103.905
102.769
101.939
101.34
100.914
100.616
100.41
100.269
100.174
100.112
100.071
100.044
100.027
100.016
100.01
100.006
100.003
100.002
100.001
100.001
100
100
100
100
100
100
100
100
100
100
100
100
100
100
100
100
100
100
100
100
100
100
100
100
100
100
100
100
100
100
100
100
100
100
100
385.452
356.572
328.327
301.109
275.269
251.095
228.814
208.577
190.466
174.495
160.617
148.732
138.702
130.36
123.523
117.998
113.6
110.147
107.475
105.438
103.905
102.769
101.939
101.34
100.914
100.616
100.41
100.269
100.174
100.112
100.071
100.044
100.027
100.016
100.01
100.006
100.003
100.002
100.001
100.001
100
100
100
100
100
100
100
100
100
100
100
100
100
100
100
100
100
100
100
100
100
100
100
100
100
100
100
100
100
100
100
100
100
100
100
385.452
356.572
328.327
301.109
275.269
251.095
228.814
208.577
190.466
174.495
160.617
148.732
138.702
130.36
123.523
117.998
113.6
110.147
107.475
105.438
103.905
102.769
101.939
101.34
100.914
100.616
100.41
100.269
100.174
100.112
100.071
100.044
100.027
100.016
100.01
100.006
100.003
100.002
100.001
100.001
100
100
100
100
100
100
100
100
100
100
100
100
100
100
100
100
100
100
100
100
100
100
100
100
100
100
100
100
100
100
100
100
100
100
100
385.452
356.572
328.327
301.109
275.269
251.095
228.814
208.577
190.466
174.495
160.617
148.732
138.702
130.36
123.523
117.998
113.6
110.147
107.475
105.438
103.905
102.769
101.939
101.34
100.914
100.616
100.41
100.269
100.174
100.112
100.071
100.044
100.027
100.016
100.01
100.006
100.003
100.002
100.001
100.001
100
100
100
100
100
100
100
100
100
100
100
100
100
100
100
100
100
100
100
100
100
100
100
100
100
100
100
100
100
100
100
100
100
100
100
385.452
356.572
328.327
301.109
275.269
251.095
228.814
208.577
190.466
174.495
160.617
148.732
138.702
130.36
123.523
117.998
113.6
110.147
107.475
105.438
103.905
102.769
101.939
101.34
100.914
100.616
100.41
100.269
100.174
100.112
100.071
100.044
100.027
100.016
100.01
100.006
100.003
100.002
100.001
100.001
100
100
100
100
100
100
100
100
100
100
100
100
100
100
100
100
100
100
100
100
100
100
100
100
100
100
100
100
100
100
100
100
100
100
100
385.452
356.572
328.327
301.109
275.269
251.095
228.814
208.577
190.466
174.495
160.617
148.732
138.702
130.36
123.523
117.998
113.6
110.147
107.475
105.438
103.905
102.769
101.939
101.34
100.914
100.616
100.41
100.269
100.174
100.112
100.071
100.044
100.027
100.016
100.01
100.006
100.003
100.002
100.001
100.001
100
100
100
100
100
100
100
100
100
100
100
100
100
100
100
100
100
100
100
100
100
100
100
100
100
100
100
100
100
100
100
100
100
100
100
385.452
356.572
328.327
301.109
275.269
251.095
228.814
208.577
190.466
174.495
160.617
148.732
138.702
130.36
123.523
117.998
113.6
110.147
107.475
105.438
103.905
102.769
101.939
101.34
100.914
100.616
100.41
100.269
100.174
100.112
100.071
100.044
100.027
100.016
100.01
100.006
100.003
100.002
100.001
100.001
100
100
100
100
100
100
100
100
100
100
100
100
100
100
100
100
100
100
100
100
100
100
100
100
100
100
100
100
100
100
100
100
100
100
100
385.452
356.572
328.327
301.109
275.269
251.095
228.814
208.577
190.466
174.495
160.617
148.732
138.702
130.36
123.523
117.998
113.6
110.147
107.475
105.438
103.905
102.769
101.939
101.34
100.914
100.616
100.41
100.269
100.174
100.112
100.071
100.044
100.027
100.016
100.01
100.006
100.003
100.002
100.001
100.001
100
100
100
100
100
100
100
100
100
100
100
100
100
100
100
100
100
100
100
100
100
100
100
100
100
100
100
100
100
100
100
100
100
100
100
385.452
356.572
328.327
301.109
275.269
251.095
228.814
208.577
190.466
174.495
160.617
148.732
138.702
130.36
123.523
117.998
113.6
110.147
107.475
105.438
103.905
102.769
101.939
101.34
100.914
100.616
100.41
100.269
100.174
100.112
100.071
100.044
100.027
100.016
100.01
100.006
100.003
100.002
100.001
100.001
100
100
100
100
100
100
100
100
100
100
100
100
100
100
100
100
100
100
100
100
100
100
100
100
100
100
100
100
100
100
100
100
100
100
100
385.452
356.572
328.327
301.109
275.269
251.095
228.814
208.577
190.466
174.495
160.617
148.732
138.702
130.36
123.523
117.998
113.6
110.147
107.475
105.438
103.905
102.769
101.939
101.34
100.914
100.616
100.41
100.269
100.174
100.112
100.071
100.044
100.027
100.016
100.01
100.006
100.003
100.002
100.001
100.001
100
100
100
100
100
100
100
100
100
100
100
100
100
100
100
100
100
100
100
100
100
100
100
100
100
100
100
100
100
100
100
100
100
100
100
385.452
356.572
328.327
301.109
275.269
251.095
228.814
208.577
190.466
174.495
160.617
148.732
138.702
130.36
123.523
117.998
113.6
110.147
107.475
105.438
103.905
102.769
101.939
101.34
100.914
100.616
100.41
100.269
100.174
100.112
100.071
100.044
100.027
100.016
100.01
100.006
100.003
100.002
100.001
100.001
100
100
100
100
100
100
100
100
100
100
100
100
100
100
100
100
100
100
100
100
100
100
100
100
100
100
100
100
100
100
100
100
100
100
100
385.452
356.572
328.327
301.109
275.269
251.095
228.814
208.577
190.466
174.495
160.617
148.732
138.702
130.36
123.523
117.998
113.6
110.147
107.475
105.438
103.905
102.769
101.939
101.34
100.914
100.616
100.41
100.269
100.174
100.112
100.071
100.044
100.027
100.016
100.01
100.006
100.003
100.002
100.001
100.001
100
100
100
100
100
100
100
100
100
100
100
100
100
100
100
100
100
100
100
100
100
100
100
100
100
100
100
100
100
100
100
100
100
100
100
385.452
356.572
328.327
301.109
275.269
251.095
228.814
208.577
190.466
174.495
160.617
148.732
138.702
130.36
123.523
117.998
113.6
110.147
107.475
105.438
103.905
102.769
101.939
101.34
100.914
100.616
100.41
100.269
100.174
100.112
100.071
100.044
100.027
100.016
100.01
100.006
100.003
100.002
100.001
100.001
100
100
100
100
100
100
100
100
100
100
100
100
100
100
100
100
100
100
100
100
100
100
100
100
100
100
100
100
100
100
100
100
100
100
100
385.452
356.572
328.327
301.109
275.269
251.095
228.814
208.577
190.466
174.495
160.617
148.732
138.702
130.36
123.523
117.998
113.6
110.147
107.475
105.438
103.905
102.769
101.939
101.34
100.914
100.616
100.41
100.269
100.174
100.112
100.071
100.044
100.027
100.016
100.01
100.006
100.003
100.002
100.001
100.001
100
100
100
100
100
100
100
100
100
100
100
100
100
100
100
100
100
100
100
100
100
100
100
100
100
100
100
100
100
100
100
100
100
100
100
385.452
356.572
328.327
301.109
275.269
251.095
228.814
208.577
190.466
174.495
160.617
148.732
138.702
130.36
123.523
117.998
113.6
110.147
107.475
105.438
103.905
102.769
101.939
101.34
100.914
100.616
100.41
100.269
100.174
100.112
100.071
100.044
100.027
100.016
100.01
100.006
100.003
100.002
100.001
100.001
100
100
100
100
100
100
100
100
100
100
100
100
100
100
100
100
100
100
100
100
100
100
100
100
100
100
100
100
100
100
100
100
100
100
100
385.452
356.572
328.327
301.109
275.269
251.095
228.814
208.577
190.466
174.495
160.617
148.732
138.702
130.36
123.523
117.998
113.6
110.147
107.475
105.438
103.905
102.769
101.939
101.34
100.914
100.616
100.41
100.269
100.174
100.112
100.071
100.044
100.027
100.016
100.01
100.006
100.003
100.002
100.001
100.001
100
100
100
100
100
100
100
100
100
100
100
100
100
100
100
100
100
100
100
100
100
100
100
100
100
100
100
100
100
100
100
100
100
100
100
385.452
356.572
328.327
301.109
275.269
251.095
228.814
208.577
190.466
174.495
160.617
148.732
138.702
130.36
123.523
117.998
113.6
110.147
107.475
105.438
103.905
102.769
101.939
101.34
100.914
100.616
100.41
100.269
100.174
100.112
100.071
100.044
100.027
100.016
100.01
100.006
100.003
100.002
100.001
100.001
100
100
100
100
100
100
100
100
100
100
100
100
100
100
100
100
100
100
100
100
100
100
100
100
100
100
100
100
100
100
100
100
100
100
100
385.452
356.572
328.327
301.109
275.269
251.095
228.814
208.577
190.466
174.495
160.617
148.732
138.702
130.36
123.523
117.998
113.6
110.147
107.475
105.438
103.905
102.769
101.939
101.34
100.914
100.616
100.41
100.269
100.174
100.112
100.071
100.044
100.027
100.016
100.01
100.006
100.003
100.002
100.001
100.001
100
100
100
100
100
100
100
100
100
100
100
100
100
100
100
100
100
100
100
100
100
100
100
100
100
100
100
100
100
100
100
100
100
100
100
385.452
356.572
328.327
301.109
275.269
251.095
228.814
208.577
190.466
174.495
160.617
148.732
138.702
130.36
123.523
117.998
113.6
110.147
107.475
105.438
103.905
102.769
101.939
101.34
100.914
100.616
100.41
100.269
100.174
100.112
100.071
100.044
100.027
100.016
100.01
100.006
100.003
100.002
100.001
100.001
100
100
100
100
100
100
100
100
100
100
100
100
100
100
100
100
100
100
100
100
100
100
100
100
100
100
100
100
100
100
100
100
100
100
100
385.452
356.572
328.327
301.109
275.269
251.095
228.814
208.577
190.466
174.495
160.617
148.732
138.702
130.36
123.523
117.998
113.6
110.147
107.475
105.438
103.905
102.769
101.939
101.34
100.914
100.616
100.41
100.269
100.174
100.112
100.071
100.044
100.027
100.016
100.01
100.006
100.003
100.002
100.001
100.001
100
100
100
100
100
100
100
100
100
100
100
100
100
100
100
100
100
100
100
100
100
100
100
100
100
100
100
100
100
100
100
100
100
100
100
385.452
356.572
328.327
301.109
275.269
251.095
228.814
208.577
190.466
174.495
160.617
148.732
138.702
130.36
123.523
117.998
113.6
110.147
107.475
105.438
103.905
102.769
101.939
101.34
100.914
100.616
100.41
100.269
100.174
100.112
100.071
100.044
100.027
100.016
100.01
100.006
100.003
100.002
100.001
100.001
100
100
100
100
100
100
100
100
100
100
100
100
100
100
100
100
100
100
100
100
100
100
100
100
100
100
100
100
100
100
100
100
100
100
100
385.452
356.572
328.327
301.109
275.269
251.095
228.814
208.577
190.466
174.495
160.617
148.732
138.702
130.36
123.523
117.998
113.6
110.147
107.475
105.438
103.905
102.769
101.939
101.34
100.914
100.616
100.41
100.269
100.174
100.112
100.071
100.044
100.027
100.016
100.01
100.006
100.003
100.002
100.001
100.001
100
100
100
100
100
100
100
100
100
100
100
100
100
100
100
100
100
100
100
100
100
100
100
100
100
100
100
100
100
100
100
100
100
100
100
385.452
356.572
328.327
301.109
275.269
251.095
228.814
208.577
190.466
174.495
160.617
148.732
138.702
130.36
123.523
117.998
113.6
110.147
107.475
105.438
103.905
102.769
101.939
101.34
100.914
100.616
100.41
100.269
100.174
100.112
100.071
100.044
100.027
100.016
100.01
100.006
100.003
100.002
100.001
100.001
100
100
100
100
100
100
100
100
100
100
100
100
100
100
100
100
100
100
100
100
100
100
100
100
100
100
100
100
100
100
100
100
100
100
100
385.452
356.572
328.327
301.109
275.269
251.095
228.814
208.577
190.466
174.495
160.617
148.732
138.702
130.36
123.523
117.998
113.6
110.147
107.475
105.438
103.905
102.769
101.939
101.34
100.914
100.616
100.41
100.269
100.174
100.112
100.071
100.044
100.027
100.016
100.01
100.006
100.003
100.002
100.001
100.001
100
100
100
100
100
100
100
100
100
100
100
100
100
100
100
100
100
100
100
100
100
100
100
100
100
100
100
100
100
100
100
100
100
100
100
385.452
356.572
328.327
301.109
275.269
251.095
228.814
208.577
190.466
174.495
160.617
148.732
138.702
130.36
123.523
117.998
113.6
110.147
107.475
105.438
103.905
102.769
101.939
101.34
100.914
100.616
100.41
100.269
100.174
100.112
100.071
100.044
100.027
100.016
100.01
100.006
100.003
100.002
100.001
100.001
100
100
100
100
100
100
100
100
100
100
100
100
100
100
100
100
100
100
100
100
100
100
100
100
100
100
100
100
100
100
100
100
100
100
100
385.452
356.572
328.327
301.109
275.269
251.095
228.814
208.577
190.466
174.495
160.617
148.732
138.702
130.36
123.523
117.998
113.6
110.147
107.475
105.438
103.905
102.769
101.939
101.34
100.914
100.616
100.41
100.269
100.174
100.112
100.071
100.044
100.027
100.016
100.01
100.006
100.003
100.002
100.001
100.001
100
100
100
100
100
100
100
100
100
100
100
100
100
100
100
100
100
100
100
100
100
100
100
100
100
100
100
100
100
100
100
100
100
100
100
385.452
356.572
328.327
301.109
275.269
251.095
228.814
208.577
190.466
174.495
160.617
148.732
138.702
130.36
123.523
117.998
113.6
110.147
107.475
105.438
103.905
102.769
101.939
101.34
100.914
100.616
100.41
100.269
100.174
100.112
100.071
100.044
100.027
100.016
100.01
100.006
100.003
100.002
100.001
100.001
100
100
100
100
100
100
100
100
100
100
100
100
100
100
100
100
100
100
100
100
100
100
100
100
100
100
100
100
100
100
100
100
100
100
100
385.452
356.572
328.327
301.109
275.269
251.095
228.814
208.577
190.466
174.495
160.617
148.732
138.702
130.36
123.523
117.998
113.6
110.147
107.475
105.438
103.905
102.769
101.939
101.34
100.914
100.616
100.41
100.269
100.174
100.112
100.071
100.044
100.027
100.016
100.01
100.006
100.003
100.002
100.001
100.001
100
100
100
100
100
100
100
100
100
100
100
100
100
100
100
100
100
100
100
100
100
100
100
100
100
100
100
100
100
100
100
100
100
100
100
385.452
356.572
328.327
301.109
275.269
251.095
228.814
208.577
190.466
174.495
160.617
148.732
138.702
130.36
123.523
117.998
113.6
110.147
107.475
105.438
103.905
102.769
101.939
101.34
100.914
100.616
100.41
100.269
100.174
100.112
100.071
100.044
100.027
100.016
100.01
100.006
100.003
100.002
100.001
100.001
100
100
100
100
100
100
100
100
100
100
100
100
100
100
100
100
100
100
100
100
100
100
100
100
100
100
100
100
100
100
100
100
100
100
100
385.452
356.572
328.327
301.109
275.269
251.095
228.814
208.577
190.466
174.495
160.617
148.732
138.702
130.36
123.523
117.998
113.6
110.147
107.475
105.438
103.905
102.769
101.939
101.34
100.914
100.616
100.41
100.269
100.174
100.112
100.071
100.044
100.027
100.016
100.01
100.006
100.003
100.002
100.001
100.001
100
100
100
100
100
100
100
100
100
100
100
100
100
100
100
100
100
100
100
100
100
100
100
100
100
100
100
100
100
100
100
100
100
100
100
385.452
356.572
328.327
301.109
275.269
251.095
228.814
208.577
190.466
174.495
160.617
148.732
138.702
130.36
123.523
117.998
113.6
110.147
107.475
105.438
103.905
102.769
101.939
101.34
100.914
100.616
100.41
100.269
100.174
100.112
100.071
100.044
100.027
100.016
100.01
100.006
100.003
100.002
100.001
100.001
100
100
100
100
100
100
100
100
100
100
100
100
100
100
100
100
100
100
100
100
100
100
100
100
100
100
100
100
100
100
100
100
100
100
100
385.452
356.572
328.327
301.109
275.269
251.095
228.814
208.577
190.466
174.495
160.617
148.732
138.702
130.36
123.523
117.998
113.6
110.147
107.475
105.438
103.905
102.769
101.939
101.34
100.914
100.616
100.41
100.269
100.174
100.112
100.071
100.044
100.027
100.016
100.01
100.006
100.003
100.002
100.001
100.001
100
100
100
100
100
100
100
100
100
100
100
100
100
100
100
100
100
100
100
100
100
100
100
100
100
100
100
100
100
100
100
100
100
100
100
385.452
356.572
328.327
301.109
275.269
251.095
228.814
208.577
190.466
174.495
160.617
148.732
138.702
130.36
123.523
117.998
113.6
110.147
107.475
105.438
103.905
102.769
101.939
101.34
100.914
100.616
100.41
100.269
100.174
100.112
100.071
100.044
100.027
100.016
100.01
100.006
100.003
100.002
100.001
100.001
100
100
100
100
100
100
100
100
100
100
100
100
100
100
100
100
100
100
100
100
100
100
100
100
100
100
100
100
100
100
100
100
100
100
100
385.452
356.572
328.327
301.109
275.269
251.095
228.814
208.577
190.466
174.495
160.617
148.732
138.702
130.36
123.523
117.998
113.6
110.147
107.475
105.438
103.905
102.769
101.939
101.34
100.914
100.616
100.41
100.269
100.174
100.112
100.071
100.044
100.027
100.016
100.01
100.006
100.003
100.002
100.001
100.001
100
100
100
100
100
100
100
100
100
100
100
100
100
100
100
100
100
100
100
100
100
100
100
100
100
100
100
100
100
100
100
100
100
100
100
385.452
356.572
328.327
301.109
275.269
251.095
228.814
208.577
190.466
174.495
160.617
148.732
138.702
130.36
123.523
117.998
113.6
110.147
107.475
105.438
103.905
102.769
101.939
101.34
100.914
100.616
100.41
100.269
100.174
100.112
100.071
100.044
100.027
100.016
100.01
100.006
100.003
100.002
100.001
100.001
100
100
100
100
100
100
100
100
100
100
100
100
100
100
100
100
100
100
100
100
100
100
100
100
100
100
100
100
100
100
100
100
100
100
100
385.452
356.572
328.327
301.109
275.269
251.095
228.814
208.577
190.466
174.495
160.617
148.732
138.702
130.36
123.523
117.998
113.6
110.147
107.475
105.438
103.905
102.769
101.939
101.34
100.914
100.616
100.41
100.269
100.174
100.112
100.071
100.044
100.027
100.016
100.01
100.006
100.003
100.002
100.001
100.001
100
100
100
100
100
100
100
100
100
100
100
100
100
100
100
100
100
100
100
100
100
100
100
100
100
100
100
100
100
100
100
100
100
100
100
385.452
356.572
328.327
301.109
275.269
251.095
228.814
208.577
190.466
174.495
160.617
148.732
138.702
130.36
123.523
117.998
113.6
110.147
107.475
105.438
103.905
102.769
101.939
101.34
100.914
100.616
100.41
100.269
100.174
100.112
100.071
100.044
100.027
100.016
100.01
100.006
100.003
100.002
100.001
100.001
100
100
100
100
100
100
100
100
100
100
100
100
100
100
100
100
100
100
100
100
100
100
100
100
100
100
100
100
100
100
100
100
100
100
100
385.452
356.572
328.327
301.109
275.269
251.095
228.814
208.577
190.466
174.495
160.617
148.732
138.702
130.36
123.523
117.998
113.6
110.147
107.475
105.438
103.905
102.769
101.939
101.34
100.914
100.616
100.41
100.269
100.174
100.112
100.071
100.044
100.027
100.016
100.01
100.006
100.003
100.002
100.001
100.001
100
100
100
100
100
100
100
100
100
100
100
100
100
100
100
100
100
100
100
100
100
100
100
100
100
100
100
100
100
100
100
100
100
100
100
385.452
356.572
328.327
301.109
275.269
251.095
228.814
208.577
190.466
174.495
160.617
148.732
138.702
130.36
123.523
117.998
113.6
110.147
107.475
105.438
103.905
102.769
101.939
101.34
100.914
100.616
100.41
100.269
100.174
100.112
100.071
100.044
100.027
100.016
100.01
100.006
100.003
100.002
100.001
100.001
100
100
100
100
100
100
100
100
100
100
100
100
100
100
100
100
100
100
100
100
100
100
100
100
100
100
100
100
100
100
100
100
100
100
100
385.452
356.572
328.327
301.109
275.269
251.095
228.814
208.577
190.466
174.495
160.617
148.732
138.702
130.36
123.523
117.998
113.6
110.147
107.475
105.438
103.905
102.769
101.939
101.34
100.914
100.616
100.41
100.269
100.174
100.112
100.071
100.044
100.027
100.016
100.01
100.006
100.003
100.002
100.001
100.001
100
100
100
100
100
100
100
100
100
100
100
100
100
100
100
100
100
100
100
100
100
100
100
100
100
100
100
100
100
100
100
100
100
100
100
385.452
356.572
328.327
301.109
275.269
251.095
228.814
208.577
190.466
174.495
160.617
148.732
138.702
130.36
123.523
117.998
113.6
110.147
107.475
105.438
103.905
102.769
101.939
101.34
100.914
100.616
100.41
100.269
100.174
100.112
100.071
100.044
100.027
100.016
100.01
100.006
100.003
100.002
100.001
100.001
100
100
100
100
100
100
100
100
100
100
100
100
100
100
100
100
100
100
100
100
100
100
100
100
100
100
100
100
100
100
100
100
100
100
100
385.452
356.572
328.327
301.109
275.269
251.095
228.814
208.577
190.466
174.495
160.617
148.732
138.702
130.36
123.523
117.998
113.6
110.147
107.475
105.438
103.905
102.769
101.939
101.34
100.914
100.616
100.41
100.269
100.174
100.112
100.071
100.044
100.027
100.016
100.01
100.006
100.003
100.002
100.001
100.001
100
100
100
100
100
100
100
100
100
100
100
100
100
100
100
100
100
100
100
100
100
100
100
100
100
100
100
100
100
100
100
100
100
100
100
385.452
356.572
328.327
301.109
275.269
251.095
228.814
208.577
190.466
174.495
160.617
148.732
138.702
130.36
123.523
117.998
113.6
110.147
107.475
105.438
103.905
102.769
101.939
101.34
100.914
100.616
100.41
100.269
100.174
100.112
100.071
100.044
100.027
100.016
100.01
100.006
100.003
100.002
100.001
100.001
100
100
100
100
100
100
100
100
100
100
100
100
100
100
100
100
100
100
100
100
100
100
100
100
100
100
100
100
100
100
100
100
100
100
100
385.452
356.572
328.327
301.109
275.269
251.095
228.814
208.577
190.466
174.495
160.617
148.732
138.702
130.36
123.523
117.998
113.6
110.147
107.475
105.438
103.905
102.769
101.939
101.34
100.914
100.616
100.41
100.269
100.174
100.112
100.071
100.044
100.027
100.016
100.01
100.006
100.003
100.002
100.001
100.001
100
100
100
100
100
100
100
100
100
100
100
100
100
100
100
100
100
100
100
100
100
100
100
100
100
100
100
100
100
100
100
100
100
100
100
385.452
356.572
328.327
301.109
275.269
251.095
228.814
208.577
190.466
174.495
160.617
148.732
138.702
130.36
123.523
117.998
113.6
110.147
107.475
105.438
103.905
102.769
101.939
101.34
100.914
100.616
100.41
100.269
100.174
100.112
100.071
100.044
100.027
100.016
100.01
100.006
100.003
100.002
100.001
100.001
100
100
100
100
100
100
100
100
100
100
100
100
100
100
100
100
100
100
100
100
100
100
100
100
100
100
100
100
100
100
100
100
100
100
100
385.452
356.572
328.327
301.109
275.269
251.095
228.814
208.577
190.466
174.495
160.617
148.732
138.702
130.36
123.523
117.998
113.6
110.147
107.475
105.438
103.905
102.769
101.939
101.34
100.914
100.616
100.41
100.269
100.174
100.112
100.071
100.044
100.027
100.016
100.01
100.006
100.003
100.002
100.001
100.001
100
100
100
100
100
100
100
100
100
100
100
100
100
100
100
100
100
100
100
100
100
100
100
100
100
100
100
100
100
100
100
100
100
100
100
385.452
356.572
328.327
301.109
275.269
251.095
228.814
208.577
190.466
174.495
160.617
148.732
138.702
130.36
123.523
117.998
113.6
110.147
107.475
105.438
103.905
102.769
101.939
101.34
100.914
100.616
100.41
100.269
100.174
100.112
100.071
100.044
100.027
100.016
100.01
100.006
100.003
100.002
100.001
100.001
100
100
100
100
100
100
100
100
100
100
100
100
100
100
100
100
100
100
100
100
100
100
100
100
100
100
100
100
100
100
100
100
100
100
100
385.452
356.572
328.327
301.109
275.269
251.095
228.814
208.577
190.466
174.495
160.617
148.732
138.702
130.36
123.523
117.998
113.6
110.147
107.475
105.438
103.905
102.769
101.939
101.34
100.914
100.616
100.41
100.269
100.174
100.112
100.071
100.044
100.027
100.016
100.01
100.006
100.003
100.002
100.001
100.001
100
100
100
100
100
100
100
100
100
100
100
100
100
100
100
100
100
100
100
100
100
100
100
100
100
100
100
100
100
100
100
100
100
100
100
385.452
356.572
328.327
301.109
275.269
251.095
228.814
208.577
190.466
174.495
160.617
148.732
138.702
130.36
123.523
117.998
113.6
110.147
107.475
105.438
103.905
102.769
101.939
101.34
100.914
100.616
100.41
100.269
100.174
100.112
100.071
100.044
100.027
100.016
100.01
100.006
100.003
100.002
100.001
100.001
100
100
100
100
100
100
100
100
100
100
100
100
100
100
100
100
100
100
100
100
100
100
100
100
100
100
100
100
100
100
100
100
100
100
100
385.452
356.572
328.327
301.109
275.269
251.095
228.814
208.577
190.466
174.495
160.617
148.732
138.702
130.36
123.523
117.998
113.6
110.147
107.475
105.438
103.905
102.769
101.939
101.34
100.914
100.616
100.41
100.269
100.174
100.112
100.071
100.044
100.027
100.016
100.01
100.006
100.003
100.002
100.001
100.001
100
100
100
100
100
100
100
100
100
100
100
100
100
100
100
100
100
100
100
100
100
100
100
100
100
100
100
100
100
100
100
100
100
100
100
385.452
356.572
328.327
301.109
275.269
251.095
228.814
208.577
190.466
174.495
160.617
148.732
138.702
130.36
123.523
117.998
113.6
110.147
107.475
105.438
103.905
102.769
101.939
101.34
100.914
100.616
100.41
100.269
100.174
100.112
100.071
100.044
100.027
100.016
100.01
100.006
100.003
100.002
100.001
100.001
100
100
100
100
100
100
100
100
100
100
100
100
100
100
100
100
100
100
100
100
100
100
100
100
100
100
100
100
100
100
100
100
100
100
100
385.452
356.572
328.327
301.109
275.269
251.095
228.814
208.577
190.466
174.495
160.617
148.732
138.702
130.36
123.523
117.998
113.6
110.147
107.475
105.438
103.905
102.769
101.939
101.34
100.914
100.616
100.41
100.269
100.174
100.112
100.071
100.044
100.027
100.016
100.01
100.006
100.003
100.002
100.001
100.001
100
100
100
100
100
100
100
100
100
100
100
100
100
100
100
100
100
100
100
100
100
100
100
100
100
100
100
100
100
100
100
100
100
100
100
385.452
356.572
328.327
301.109
275.269
251.095
228.814
208.577
190.466
174.495
160.617
148.732
138.702
130.36
123.523
117.998
113.6
110.147
107.475
105.438
103.905
102.769
101.939
101.34
100.914
100.616
100.41
100.269
100.174
100.112
100.071
100.044
100.027
100.016
100.01
100.006
100.003
100.002
100.001
100.001
100
100
100
100
100
100
100
100
100
100
100
100
100
100
100
100
100
100
100
100
100
100
100
100
100
100
100
100
100
100
100
100
100
100
100
385.452
356.572
328.327
301.109
275.269
251.095
228.814
208.577
190.466
174.495
160.617
148.732
138.702
130.36
123.523
117.998
113.6
110.147
107.475
105.438
103.905
102.769
101.939
101.34
100.914
100.616
100.41
100.269
100.174
100.112
100.071
100.044
100.027
100.016
100.01
100.006
100.003
100.002
100.001
100.001
100
100
100
100
100
100
100
100
100
100
100
100
100
100
100
100
100
100
100
100
100
100
100
100
100
100
100
100
100
100
100
100
100
100
100
385.452
356.572
328.327
301.109
275.269
251.095
228.814
208.577
190.466
174.495
160.617
148.732
138.702
130.36
123.523
117.998
113.6
110.147
107.475
105.438
103.905
102.769
101.939
101.34
100.914
100.616
100.41
100.269
100.174
100.112
100.071
100.044
100.027
100.016
100.01
100.006
100.003
100.002
100.001
100.001
100
100
100
100
100
100
100
100
100
100
100
100
100
100
100
100
100
100
100
100
100
100
100
100
100
100
100
100
100
100
100
100
100
100
100
385.452
356.572
328.327
301.109
275.269
251.095
228.814
208.577
190.466
174.495
160.617
148.732
138.702
130.36
123.523
117.998
113.6
110.147
107.475
105.438
103.905
102.769
101.939
101.34
100.914
100.616
100.41
100.269
100.174
100.112
100.071
100.044
100.027
100.016
100.01
100.006
100.003
100.002
100.001
100.001
100
100
100
100
100
100
100
100
100
100
100
100
100
100
100
100
100
100
100
100
100
100
100
100
100
100
100
100
100
100
100
100
100
100
100
385.452
356.572
328.327
301.109
275.269
251.095
228.814
208.577
190.466
174.495
160.617
148.732
138.702
130.36
123.523
117.998
113.6
110.147
107.475
105.438
103.905
102.769
101.939
101.34
100.914
100.616
100.41
100.269
100.174
100.112
100.071
100.044
100.027
100.016
100.01
100.006
100.003
100.002
100.001
100.001
100
100
100
100
100
100
100
100
100
100
100
100
100
100
100
100
100
100
100
100
100
100
100
100
100
100
100
100
100
100
100
100
100
100
100
385.452
356.572
328.327
301.109
275.269
251.095
228.814
208.577
190.466
174.495
160.617
148.732
138.702
130.36
123.523
117.998
113.6
110.147
107.475
105.438
103.905
102.769
101.939
101.34
100.914
100.616
100.41
100.269
100.174
100.112
100.071
100.044
100.027
100.016
100.01
100.006
100.003
100.002
100.001
100.001
100
100
100
100
100
100
100
100
100
100
100
100
100
100
100
100
100
100
100
100
100
100
100
100
100
100
100
100
100
100
100
100
100
100
100
385.452
356.572
328.327
301.109
275.269
251.095
228.814
208.577
190.466
174.495
160.617
148.732
138.702
130.36
123.523
117.998
113.6
110.147
107.475
105.438
103.905
102.769
101.939
101.34
100.914
100.616
100.41
100.269
100.174
100.112
100.071
100.044
100.027
100.016
100.01
100.006
100.003
100.002
100.001
100.001
100
100
100
100
100
100
100
100
100
100
100
100
100
100
100
100
100
100
100
100
100
100
100
100
100
100
100
100
100
100
100
100
100
100
100
385.452
356.572
328.327
301.109
275.269
251.095
228.814
208.577
190.466
174.495
160.617
148.732
138.702
130.36
123.523
117.998
113.6
110.147
107.475
105.438
103.905
102.769
101.939
101.34
100.914
100.616
100.41
100.269
100.174
100.112
100.071
100.044
100.027
100.016
100.01
100.006
100.003
100.002
100.001
100.001
100
100
100
100
100
100
100
100
100
100
100
100
100
100
100
100
100
100
100
100
100
100
100
100
100
100
100
100
100
100
100
100
100
100
100
385.452
356.572
328.327
301.109
275.269
251.095
228.814
208.577
190.466
174.495
160.617
148.732
138.702
130.36
123.523
117.998
113.6
110.147
107.475
105.438
103.905
102.769
101.939
101.34
100.914
100.616
100.41
100.269
100.174
100.112
100.071
100.044
100.027
100.016
100.01
100.006
100.003
100.002
100.001
100.001
100
100
100
100
100
100
100
100
100
100
100
100
100
100
100
100
100
100
100
100
100
100
100
100
100
100
100
100
100
100
100
100
100
100
100
385.452
356.572
328.327
301.109
275.269
251.095
228.814
208.577
190.466
174.495
160.617
148.732
138.702
130.36
123.523
117.998
113.6
110.147
107.475
105.438
103.905
102.769
101.939
101.34
100.914
100.616
100.41
100.269
100.174
100.112
100.071
100.044
100.027
100.016
100.01
100.006
100.003
100.002
100.001
100.001
100
100
100
100
100
100
100
100
100
100
100
100
100
100
100
100
100
100
100
100
100
100
100
100
100
100
100
100
100
100
100
100
100
100
100
385.452
356.572
328.327
301.109
275.269
251.095
228.814
208.577
190.466
174.495
160.617
148.732
138.702
130.36
123.523
117.998
113.6
110.147
107.475
105.438
103.905
102.769
101.939
101.34
100.914
100.616
100.41
100.269
100.174
100.112
100.071
100.044
100.027
100.016
100.01
100.006
100.003
100.002
100.001
100.001
100
100
100
100
100
100
100
100
100
100
100
100
100
100
100
100
100
100
100
100
100
100
100
100
100
100
100
100
100
100
100
100
100
100
100
385.452
356.572
328.327
301.109
275.269
251.095
228.814
208.577
190.466
174.495
160.617
148.732
138.702
130.36
123.523
117.998
113.6
110.147
107.475
105.438
103.905
102.769
101.939
101.34
100.914
100.616
100.41
100.269
100.174
100.112
100.071
100.044
100.027
100.016
100.01
100.006
100.003
100.002
100.001
100.001
100
100
100
100
100
100
100
100
100
100
100
100
100
100
100
100
100
100
100
100
100
100
100
100
100
100
100
100
100
100
100
100
100
100
100
385.452
356.572
328.327
301.109
275.269
251.095
228.814
208.577
190.466
174.495
160.617
148.732
138.702
130.36
123.523
117.998
113.6
110.147
107.475
105.438
103.905
102.769
101.939
101.34
100.914
100.616
100.41
100.269
100.174
100.112
100.071
100.044
100.027
100.016
100.01
100.006
100.003
100.002
100.001
100.001
100
100
100
100
100
100
100
100
100
100
100
100
100
100
100
100
100
100
100
100
100
100
100
100
100
100
100
100
100
100
100
100
100
100
100
385.452
356.572
328.327
301.109
275.269
251.095
228.814
208.577
190.466
174.495
160.617
148.732
138.702
130.36
123.523
117.998
113.6
110.147
107.475
105.438
103.905
102.769
101.939
101.34
100.914
100.616
100.41
100.269
100.174
100.112
100.071
100.044
100.027
100.016
100.01
100.006
100.003
100.002
100.001
100.001
100
100
100
100
100
100
100
100
100
100
100
100
100
100
100
100
100
100
100
100
100
100
100
100
100
100
100
100
100
100
100
100
100
100
100
385.452
356.572
328.327
301.109
275.269
251.095
228.814
208.577
190.466
174.495
160.617
148.732
138.702
130.36
123.523
117.998
113.6
110.147
107.475
105.438
103.905
102.769
101.939
101.34
100.914
100.616
100.41
100.269
100.174
100.112
100.071
100.044
100.027
100.016
100.01
100.006
100.003
100.002
100.001
100.001
100
100
100
100
100
100
100
100
100
100
100
100
100
100
100
100
100
100
100
100
100
100
100
100
100
100
100
100
100
100
100
100
100
100
100
385.452
356.572
328.327
301.109
275.269
251.095
228.814
208.577
190.466
174.495
160.617
148.732
138.702
130.36
123.523
117.998
113.6
110.147
107.475
105.438
103.905
102.769
101.939
101.34
100.914
100.616
100.41
100.269
100.174
100.112
100.071
100.044
100.027
100.016
100.01
100.006
100.003
100.002
100.001
100.001
100
100
100
100
100
100
100
100
100
100
100
100
100
100
100
100
100
100
100
100
100
100
100
100
100
100
100
100
100
100
100
100
100
100
100
385.452
356.572
328.326
301.109
275.269
251.095
228.814
208.577
190.466
174.495
160.617
148.732
138.702
130.36
123.523
117.998
113.6
110.147
107.475
105.438
103.905
102.769
101.939
101.34
100.914
100.616
100.41
100.269
100.174
100.112
100.071
100.044
100.027
100.016
100.01
100.006
100.003
100.002
100.001
100.001
100
100
100
100
100
100
100
100
100
100
100
100
100
100
100
100
100
100
100
100
100
100
100
100
100
100
100
100
100
100
100
100
100
100
100
385.452
356.572
328.326
301.109
275.269
251.095
228.814
208.577
190.466
174.495
160.617
148.732
138.702
130.36
123.523
117.998
113.6
110.147
107.475
105.438
103.905
102.769
101.939
101.34
100.914
100.616
100.41
100.269
100.174
100.112
100.071
100.044
100.027
100.016
100.01
100.006
100.003
100.002
100.001
100.001
100
100
100
100
100
100
100
100
100
100
100
100
100
100
100
100
100
100
100
100
100
100
100
100
100
100
100
100
100
100
100
100
100
100
100
385.452
356.572
328.326
301.109
275.269
251.095
228.814
208.577
190.466
174.495
160.617
148.732
138.702
130.36
123.522
117.998
113.6
110.147
107.475
105.437
103.905
102.769
101.939
101.34
100.914
100.616
100.41
100.269
100.174
100.112
100.071
100.044
100.027
100.016
100.01
100.006
100.003
100.002
100.001
100.001
100
100
100
100
100
100
100
100
100
100
100
100
100
100
100
100
100
100
100
100
100
100
100
100
100
100
100
100
100
100
100
100
100
100
100
385.452
356.572
328.326
301.109
275.269
251.095
228.814
208.577
190.466
174.495
160.617
148.732
138.702
130.36
123.522
117.998
113.599
110.147
107.475
105.437
103.905
102.769
101.939
101.34
100.914
100.616
100.41
100.269
100.174
100.112
100.071
100.044
100.027
100.016
100.01
100.006
100.003
100.002
100.001
100.001
100
100
100
100
100
100
100
100
100
100
100
100
100
100
100
100
100
100
100
100
100
100
100
100
100
100
100
100
100
100
100
100
100
100
100
385.452
356.571
328.326
301.109
275.268
251.095
228.813
208.577
190.466
174.495
160.616
148.732
138.702
130.36
123.522
117.998
113.599
110.147
107.475
105.437
103.905
102.769
101.939
101.34
100.914
100.616
100.41
100.269
100.174
100.112
100.071
100.044
100.027
100.016
100.01
100.006
100.003
100.002
100.001
100.001
100
100
100
100
100
100
100
100
100
100
100
100
100
100
100
100
100
100
100
100
100
100
100
100
100
100
100
100
100
100
100
100
100
100
100
385.452
356.571
328.326
301.109
275.268
251.095
228.813
208.576
190.466
174.495
160.616
148.731
138.702
130.36
123.522
117.998
113.599
110.147
107.475
105.437
103.905
102.769
101.938
101.34
100.914
100.616
100.41
100.269
100.174
100.112
100.071
100.044
100.027
100.016
100.01
100.006
100.003
100.002
100.001
100.001
100
100
100
100
100
100
100
100
100
100
100
100
100
100
100
100
100
100
100
100
100
100
100
100
100
100
100
100
100
100
100
100
100
100
100
385.452
356.571
328.326
301.109
275.268
251.094
228.812
208.576
190.465
174.494
160.616
148.731
138.701
130.359
123.522
117.998
113.599
110.146
107.475
105.437
103.905
102.769
101.938
101.34
100.914
100.616
100.41
100.269
100.174
100.112
100.071
100.044
100.027
100.016
100.01
100.006
100.003
100.002
100.001
100.001
100
100
100
100
100
100
100
100
100
100
100
100
100
100
100
100
100
100
100
100
100
100
100
100
100
100
100
100
100
100
100
100
100
100
100
385.452
356.571
328.325
301.108
275.267
251.093
228.812
208.575
190.464
174.493
160.615
148.73
138.701
130.359
123.521
117.997
113.599
110.146
107.475
105.437
103.905
102.769
101.938
101.34
100.914
100.616
100.41
100.269
100.174
100.112
100.071
100.044
100.027
100.016
100.01
100.006
100.003
100.002
100.001
100.001
100
100
100
100
100
100
100
100
100
100
100
100
100
100
100
100
100
100
100
100
100
100
100
100
100
100
100
100
100
100
100
100
100
100
100
385.452
356.57
328.325
301.107
275.266
251.092
228.81
208.573
190.463
174.492
160.614
148.729
138.699
130.358
123.521
117.997
113.598
110.146
107.474
105.437
103.905
102.769
101.938
101.34
100.914
100.616
100.41
100.269
100.174
100.112
100.071
100.044
100.027
100.016
100.01
100.006
100.003
100.002
100.001
100.001
100
100
100
100
100
100
100
100
100
100
100
100
100
100
100
100
100
100
100
100
100
100
100
100
100
100
100
100
100
100
100
100
100
100
100
385.452
356.57
328.323
301.105
275.264
251.09
228.808
208.571
190.46
174.49
160.612
148.727
138.698
130.357
123.519
117.996
113.597
110.145
107.474
105.436
103.904
102.768
101.938
101.34
100.914
100.616
100.41
100.269
100.174
100.112
100.071
100.044
100.027
100.016
100.01
100.006
100.003
100.002
100.001
100.001
100
100
100
100
100
100
100
100
100
100
100
100
100
100
100
100
100
100
100
100
100
100
100
100
100
100
100
100
100
100
100
100
100
100
100
385.451
356.568
328.321
301.103
275.261
251.086
228.804
208.567
190.457
174.486
160.608
148.724
138.695
130.354
123.517
117.994
113.596
110.144
107.473
105.436
103.904
102.768
101.938
101.339
100.914
100.616
100.41
100.269
100.174
100.112
100.071
100.044
100.027
100.016
100.01
100.006
100.003
100.002
100.001
100.001
100
100
100
100
100
100
100
100
100
100
100
100
100
100
100
100
100
100
100
100
100
100
100
100
100
100
100
100
100
100
100
100
100
100
100
385.45
356.567
328.318
301.099
275.256
251.081
228.798
208.561
190.451
174.48
160.603
148.719
138.691
130.351
123.514
117.992
113.594
110.142
107.472
105.435
103.903
102.768
101.937
101.339
100.914
100.616
100.409
100.269
100.174
100.112
100.071
100.044
100.027
100.016
100.01
100.006
100.003
100.002
100.001
100.001
100
100
100
100
100
100
100
100
100
100
100
100
100
100
100
100
100
100
100
100
100
100
100
100
100
100
100
100
100
100
100
100
100
100
100
385.449
356.563
328.313
301.092
275.248
251.072
228.789
208.551
190.441
174.472
160.595
148.712
138.684
130.345
123.51
117.988
113.591
110.14
107.47
105.433
103.902
102.767
101.937
101.339
100.913
100.615
100.409
100.269
100.174
100.112
100.071
100.044
100.027
100.016
100.01
100.006
100.003
100.002
100.001
100.001
100
100
100
100
100
100
100
100
100
100
100
100
100
100
100
100
100
100
100
100
100
100
100
100
100
100
100
100
100
100
100
100
100
100
100
385.448
356.559
328.306
301.082
275.236
251.058
228.774
208.537
190.427
174.458
160.582
148.7
138.674
130.336
123.502
117.982
113.586
110.136
107.467
105.431
103.9
102.765
101.936
101.338
100.913
100.615
100.409
100.269
100.174
100.111
100.07
100.044
100.027
100.016
100.01
100.006
100.003
100.002
100.001
100.001
100
100
100
100
100
100
100
100
100
100
100
100
100
100
100
100
100
100
100
100
100
100
100
100
100
100
100
100
100
100
100
100
100
100
100
385.445
356.551
328.294
301.066
275.217
251.037
228.752
208.514
190.405
174.437
160.562
148.683
138.659
130.323
123.491
117.972
113.578
110.13
107.462
105.427
103.898
102.763
101.934
101.337
100.912
100.615
100.409
100.268
100.174
100.111
100.07
100.044
100.027
100.016
100.01
100.006
100.003
100.002
100.001
100.001
100
100
100
100
100
100
100
100
100
100
100
100
100
100
100
100
100
100
100
100
100
100
100
100
100
100
100
100
100
100
100
100
100
100
100
385.441
356.54
328.275
301.042
275.188
251.005
228.718
208.48
190.371
174.405
160.533
148.656
138.636
130.303
123.474
117.959
113.567
110.121
107.455
105.422
103.894
102.76
101.932
101.335
100.911
100.614
100.408
100.268
100.174
100.111
100.07
100.044
100.027
100.016
100.01
100.006
100.003
100.002
100.001
100.001
100
100
100
100
100
100
100
100
100
100
100
100
100
100
100
100
100
100
100
100
100
100
100
100
100
100
100
100
100
100
100
100
100
100
100
385.436
356.523
328.248
301.005
275.145
250.957
228.667
208.428
190.321
174.357
160.489
148.617
138.601
130.274
123.45
117.938
113.551
110.108
107.445
105.415
103.888
102.756
101.929
101.333
100.91
100.613
100.408
100.268
100.173
100.111
100.07
100.044
100.027
100.016
100.01
100.006
100.003
100.002
100.001
100.001
100
100
100
100
100
100
100
100
100
100
100
100
100
100
100
100
100
100
100
100
100
100
100
100
100
100
100
100
100
100
100
100
100
100
100
385.427
356.497
328.207
300.951
275.08
250.885
228.592
208.352
190.247
174.287
160.425
148.56
138.551
130.231
123.414
117.909
113.528
110.09
107.431
105.404
103.88
102.75
101.925
101.33
100.907
100.611
100.406
100.267
100.173
100.111
100.07
100.044
100.027
100.016
100.01
100.006
100.003
100.002
100.001
100.001
100
100
100
100
100
100
100
100
100
100
100
100
100
100
100
100
100
100
100
100
100
100
100
100
100
100
100
100
100
100
100
100
100
100
100
385.414
356.459
328.146
300.87
274.984
250.78
228.481
208.24
190.138
174.185
160.332
148.477
138.479
130.169
123.363
117.867
113.494
110.063
107.411
105.388
103.868
102.742
101.919
101.326
100.904
100.609
100.405
100.266
100.172
100.11
100.07
100.043
100.027
100.016
100.01
100.006
100.003
100.002
100.001
100.001
100
100
100
100
100
100
100
100
100
100
100
100
100
100
100
100
100
100
100
100
100
100
100
100
100
100
100
100
100
100
100
100
100
100
100
385.395
356.403
328.056
300.752
274.845
250.625
228.319
208.078
189.981
174.038
160.198
148.358
138.376
130.082
123.29
117.808
113.447
110.026
107.382
105.367
103.852
102.73
101.91
101.32
100.9
100.606
100.403
100.265
100.172
100.11
100.069
100.043
100.027
100.016
100.01
100.006
100.003
100.002
100.001
100.001
100
100
100
100
100
100
100
100
100
100
100
100
100
100
100
100
100
100
100
100
100
100
100
100
100
100
100
100
100
100
100
100
100
100
100
385.367
356.321
327.925
300.581
274.642
250.402
228.087
207.846
189.757
173.829
160.007
148.189
138.23
129.959
123.188
117.726
113.381
109.975
107.342
105.337
103.83
102.714
101.899
101.311
100.894
100.602
100.4
100.263
100.17
100.109
100.069
100.043
100.026
100.016
100.01
100.006
100.003
100.002
100.001
100.001
100
100
100
100
100
100
100
100
100
100
100
100
100
100
100
100
100
100
100
100
100
100
100
100
100
100
100
100
100
100
100
100
100
100
100
385.327
356.203
327.737
300.334
274.351
250.083
227.755
207.515
189.44
173.533
159.74
147.954
138.028
129.788
123.048
117.612
113.291
109.905
107.289
105.296
103.8
102.692
101.883
101.3
100.887
100.597
100.397
100.26
100.169
100.108
100.068
100.043
100.026
100.016
100.01
100.006
100.003
100.002
100.001
100.001
100
100
100
100
100
100
100
100
100
100
100
100
100
100
100
100
100
100
100
100
100
100
100
100
100
100
100
100
100
100
100
100
100
100
100
385.269
356.033
327.467
299.981
273.937
249.631
227.286
207.051
188.996
173.122
159.371
147.629
137.75
129.555
122.856
117.458
113.169
109.81
107.216
105.242
103.76
102.663
101.862
101.286
100.876
100.59
100.392
100.257
100.167
100.107
100.067
100.042
100.026
100.016
100.009
100.006
100.003
100.002
100.001
100.001
100
100
100
100
100
100
100
100
100
100
100
100
100
100
100
100
100
100
100
100
100
100
100
100
100
100
100
100
100
100
100
100
100
100
100
385.186
355.791
327.083
299.481
273.352
248.995
226.631
206.404
188.381
172.557
158.864
147.187
137.373
129.241
122.599
117.252
113.007
109.684
107.121
105.17
103.707
102.624
101.835
101.266
100.863
100.581
100.386
100.253
100.164
100.105
100.066
100.041
100.025
100.015
100.009
100.005
100.003
100.002
100.001
100.001
100
100
100
100
100
100
100
100
100
100
100
100
100
100
100
100
100
100
100
100
100
100
100
100
100
100
100
100
100
100
100
100
100
100
100
385.069
355.449
326.541
298.777
272.533
248.108
225.723
205.514
187.54
171.787
158.179
146.593
136.869
128.823
122.259
116.98
112.794
109.52
106.996
105.077
103.639
102.575
101.799
101.242
100.846
100.569
100.378
100.248
100.161
100.103
100.065
100.04
100.025
100.015
100.009
100.005
100.003
100.002
100.001
100.001
100
100
100
100
100
100
100
100
100
100
100
100
100
100
100
100
100
100
100
100
100
100
100
100
100
100
100
100
100
100
100
100
100
100
100
384.903
354.965
325.777
297.792
271.392
246.882
224.476
204.301
186.402
170.752
157.265
145.804
136.204
128.274
121.815
116.627
112.518
109.308
106.836
104.958
103.552
102.512
101.755
101.21
100.824
100.554
100.368
100.241
100.156
100.1
100.063
100.039
100.024
100.015
100.009
100.005
100.003
100.002
100.001
100.001
100
100
100
100
100
100
100
100
100
100
100
100
100
100
100
100
100
100
100
100
100
100
100
100
100
100
100
100
100
100
100
100
100
100
100
384.669
354.284
324.708
296.419
269.815
245.2
222.78
202.664
184.879
169.379
156.059
144.772
135.339
127.564
121.243
116.175
112.167
109.04
106.634
104.809
103.442
102.433
101.699
101.171
100.797
100.536
100.356
100.233
100.151
100.097
100.061
100.038
100.023
100.014
100.009
100.005
100.003
100.002
100.001
100.001
100
100
100
100
100
100
100
100
100
100
100
100
100
100
100
100
100
100
100
100
100
100
100
100
100
100
100
100
100
100
100
100
100
100
100
384.339
353.326
323.212
294.513
267.645
242.909
220.491
200.477
182.863
167.576
154.49
143.439
134.23
126.66
120.519
115.605
111.726
108.704
106.383
104.623
103.307
102.336
101.63
101.123
100.764
100.514
100.341
100.223
100.145
100.092
100.058
100.036
100.022
100.014
100.008
100.005
100.003
100.002
100.001
100.001
100
100
100
100
100
100
100
100
100
100
100
100
100
100
100
100
100
100
100
100
100
100
100
100
100
100
100
100
100
100
100
100
100
100
100
383.873
351.978
321.12
291.874
264.675
239.809
217.432
197.586
180.227
165.243
152.479
141.743
132.83
125.526
119.617
114.899
111.182
108.292
106.075
104.396
103.143
102.219
101.547
101.066
100.725
100.487
100.323
100.212
100.137
100.087
100.055
100.034
100.021
100.013
100.008
100.005
100.003
100.002
100.001
100
100
100
100
100
100
100
100
100
100
100
100
100
100
100
100
100
100
100
100
100
100
100
100
100
100
100
100
100
100
100
100
100
100
100
100
383.209
350.069
318.19
288.225
260.624
235.643
213.378
193.807
176.823
162.265
149.936
139.619
131.091
124.127
118.511
114.039
110.523
107.794
105.705
104.125
102.946
102.079
101.449
100.997
100.678
100.455
100.302
100.198
100.128
100.082
100.051
100.032
100.02
100.012
100.007
100.004
100.002
100.001
100.001
100
100
100
100
100
100
100
100
100
100
100
100
100
100
100
100
100
100
100
100
100
100
100
100
100
100
100
100
100
100
100
100
100
100
100
100
382.253
347.344
314.063
283.172
255.118
230.082
208.059
188.926
172.489
158.519
146.773
137.003
128.966
122.431
117.178
113.008
109.737
107.204
105.267
103.805
102.716
101.915
101.334
100.917
100.623
100.418
100.277
100.181
100.117
100.075
100.047
100.029
100.018
100.011
100.007
100.004
100.002
100.001
100.001
100
100
100
100
100
100
100
100
100
100
100
100
100
100
100
100
100
100
100
100
100
100
100
100
100
100
100
100
100
100
100
100
100
100
100
100
380.851
343.395
308.202
276.162
247.657
222.715
201.156
182.705
167.052
153.885
142.906
133.837
126.417
120.411
115.602
111.795
108.817
106.515
104.759
103.434
102.449
101.726
101.201
100.826
100.561
100.376
100.249
100.163
100.105
100.067
100.042
100.026
100.016
100.01
100.006
100.003
100.002
100.001
100.001
100
100
100
100
100
100
100
100
100
100
100
100
100
100
100
100
100
100
100
100
100
100
100
100
100
100
100
100
100
100
100
100
100
100
100
100
378.729
337.547
299.776
266.401
237.586
213.043
192.312
174.901
160.35
148.257
138.269
130.079
123.419
118.053
113.773
110.396
107.76
105.728
104.179
103.014
102.148
101.512
101.052
100.723
100.491
100.329
100.218
100.143
100.092
100.059
100.037
100.023
100.014
100.009
100.005
100.003
100.002
100.001
100.001
100
100
100
100
100
100
100
100
100
100
100
100
100
100
100
100
100
100
100
100
100
100
100
100
100
100
100
100
100
100
100
100
100
100
100
100
375.356
328.601
287.464
252.765
224.068
200.5
181.164
165.29
152.254
141.563
132.822
125.711
119.964
115.356
111.694
108.813
106.57
104.844
103.531
102.544
101.812
101.275
100.886
100.609
100.413
100.277
100.183
100.12
100.077
100.049
100.031
100.019
100.012
100.007
100.004
100.003
100.001
100.001
100
100
100
100
100
100
100
100
100
100
100
100
100
100
100
100
100
100
100
100
100
100
100
100
100
100
100
100
100
100
100
100
100
100
100
100
100
369.539
314.303
269.141
233.7
206.116
184.511
167.406
153.724
142.702
133.788
126.575
120.752
116.073
112.337
109.38
107.059
105.257
103.872
102.82
102.031
101.445
101.016
100.706
100.485
100.329
100.22
100.146
100.095
100.062
100.039
100.025
100.015
100.009
100.006
100.003
100.002
100.001
100.001
100
100
100
100
100
100
100
100
100
100
100
100
100
100
100
100
100
100
100
100
100
100
100
100
100
100
100
100
100
100
100
100
100
100
100
100
100
358.108
290.138
241.437
207.231
182.734
164.646
150.897
140.201
131.748
125.002
119.594
115.259
111.793
109.037
106.861
105.158
103.837
102.824
102.056
101.479
101.052
100.74
100.514
100.353
100.239
100.16
100.106
100.069
100.045
100.029
100.018
100.011
100.007
100.004
100.002
100.001
100.001
100
100
100
100
100
100
100
100
100
100
100
100
100
100
100
100
100
100
100
100
100
100
100
100
100
100
100
100
100
100
100
100
100
100
100
100
100
100
330.916
246.856
199.485
171.381
153.341
140.896
131.822
124.944
119.597
115.376
112.019
109.341
107.208
105.517
104.184
103.143
102.337
101.719
101.251
100.9
100.64
100.45
100.312
100.214
100.145
100.097
100.064
100.042
100.027
100.017
100.011
100.007
100.004
100.003
100.002
100.001
100.001
100
100
100
100
100
100
100
100
100
100
100
100
100
100
100
100
100
100
100
100
100
100
100
100
100
100
100
100
100
100
100
100
100
100
100
100
100
100
249.647
166.978
138.416
125.665
118.595
114.049
110.847
108.463
106.63
105.191
104.052
103.146
102.425
101.855
101.406
101.056
100.785
100.577
100.42
100.302
100.215
100.151
100.105
100.072
100.049
100.033
100.022
100.014
100.009
100.006
100.004
100.002
100.001
100.001
100.001
100
100
100
100
100
100
100
100
100
100
100
100
100
100
100
100
100
100
100
100
100
100
100
100
100
100
100
100
100
100
100
100
100
100
100
100
100
100
100
100
)
;

boundaryField
{
    upperwall
    {
        type            fixedValue;
        value           uniform 400;
    }
    rightwall
    {
        type            fixedValue;
        value           uniform 100;
    }
    leftwall
    {
        type            fixedValue;
        value           uniform 100;
    }
    bottomwall
    {
        type            fixedValue;
        value           uniform 100;
    }
    frontandback
    {
        type            empty;
    }
}


// ************************************************************************* //
