/*--------------------------------*- C++ -*----------------------------------*\
  =========                 |
  \\      /  F ield         | OpenFOAM: The Open Source CFD Toolbox
   \\    /   O peration     | Website:  https://openfoam.org
    \\  /    A nd           | Version:  10
     \\/     M anipulation  |
\*---------------------------------------------------------------------------*/
FoamFile
{
    format      ascii;
    class       volScalarField;
    location    "129";
    object      T;
}
// * * * * * * * * * * * * * * * * * * * * * * * * * * * * * * * * * * * * * //

dimensions      [0 0 0 1 0 0 0];

internalField   nonuniform List<scalar> 
11250
(
249.587
166.799
138.128
125.281
118.132
113.528
110.287
107.887
106.055
104.636
103.529
102.666
101.995
101.478
101.082
100.783
100.56
100.395
100.275
100.189
100.128
100.086
100.056
100.037
100.023
100.015
100.009
100.006
100.003
100.002
100.001
100.001
100
100
100
100
100
100
100
100
100
100
100
100
100
100
100
100
100
100
100
100
100
100
100
100
100
100
100
100
100
100
100
100
100
100
100
100
100
100
100
100
100
100
100
330.736
246.324
198.626
170.235
151.96
139.339
130.152
123.223
117.882
113.718
110.458
107.908
105.924
104.39
103.217
102.329
101.665
101.175
100.819
100.562
100.381
100.255
100.168
100.109
100.07
100.044
100.028
100.017
100.01
100.006
100.004
100.002
100.001
100.001
100
100
100
100
100
100
100
100
100
100
100
100
100
100
100
100
100
100
100
100
100
100
100
100
100
100
100
100
100
100
100
100
100
100
100
100
100
100
100
100
100
357.811
289.26
240.021
205.341
180.457
162.079
148.143
137.363
128.92
122.267
117.021
112.897
109.675
107.18
105.266
103.816
102.73
101.928
101.343
100.923
100.626
100.419
100.276
100.179
100.115
100.073
100.045
100.028
100.017
100.01
100.006
100.003
100.002
100.001
100.001
100
100
100
100
100
100
100
100
100
100
100
100
100
100
100
100
100
100
100
100
100
100
100
100
100
100
100
100
100
100
100
100
100
100
100
100
100
100
100
100
369.129
313.093
267.189
231.096
202.978
180.973
163.61
149.813
138.805
130.02
123.029
117.497
113.154
109.777
107.181
105.209
103.73
102.636
101.838
101.264
100.858
100.574
100.378
100.246
100.158
100.1
100.062
100.038
100.023
100.014
100.008
100.005
100.003
100.001
100.001
100
100
100
100
100
100
100
100
100
100
100
100
100
100
100
100
100
100
100
100
100
100
100
100
100
100
100
100
100
100
100
100
100
100
100
100
100
100
100
100
374.84
327.078
285.006
249.486
220.117
196.045
176.385
160.364
147.346
136.818
128.356
121.612
116.288
112.132
108.925
106.483
104.648
103.288
102.294
101.579
101.072
100.717
100.473
100.308
100.197
100.125
100.078
100.048
100.029
100.017
100.01
100.006
100.003
100.002
100.001
100.001
100
100
100
100
100
100
100
100
100
100
100
100
100
100
100
100
100
100
100
100
100
100
100
100
100
100
100
100
100
100
100
100
100
100
100
100
100
100
100
378.114
335.731
296.847
262.495
232.877
207.735
186.618
169.031
154.503
142.603
132.948
125.194
119.039
114.211
110.474
107.619
105.469
103.873
102.705
101.863
101.266
100.848
100.56
100.364
100.234
100.148
100.092
100.057
100.034
100.02
100.012
100.007
100.004
100.002
100.001
100.001
100
100
100
100
100
100
100
100
100
100
100
100
100
100
100
100
100
100
100
100
100
100
100
100
100
100
100
100
100
100
100
100
100
100
100
100
100
100
100
380.146
341.313
304.842
271.68
242.256
216.625
194.624
175.972
160.344
147.399
136.802
128.233
121.393
116.004
111.817
108.61
106.189
104.387
103.067
102.115
101.437
100.963
100.636
100.414
100.266
100.168
100.105
100.065
100.039
100.023
100.014
100.008
100.005
100.003
100.001
100.001
100
100
100
100
100
100
100
100
100
100
100
100
100
100
100
100
100
100
100
100
100
100
100
100
100
100
100
100
100
100
100
100
100
100
100
100
100
100
100
381.466
345.021
310.314
278.173
249.092
223.289
200.772
181.415
165.006
151.283
139.963
130.752
123.36
117.514
112.955
109.454
106.805
104.83
103.38
102.332
101.586
101.064
100.703
100.458
100.294
100.186
100.116
100.071
100.043
100.026
100.015
100.009
100.005
100.003
100.002
100.001
100
100
100
100
100
100
100
100
100
100
100
100
100
100
100
100
100
100
100
100
100
100
100
100
100
100
100
100
100
100
100
100
100
100
100
100
100
100
100
382.35
347.533
314.097
282.766
254.045
228.226
205.421
185.606
168.653
154.364
142.5
132.793
124.97
118.758
113.9
110.158
107.321
105.202
103.644
102.517
101.713
101.15
100.76
100.496
100.318
100.202
100.126
100.077
100.047
100.028
100.017
100.01
100.005
100.003
100.002
100.001
100
100
100
100
100
100
100
100
100
100
100
100
100
100
100
100
100
100
100
100
100
100
100
100
100
100
100
100
100
100
100
100
100
100
100
100
100
100
100
382.951
349.255
316.727
286.015
257.613
231.848
208.891
188.783
171.456
156.763
144.497
134.416
126.259
119.762
114.667
110.734
107.745
105.509
103.863
102.67
101.819
101.221
100.808
100.527
100.339
100.215
100.134
100.083
100.05
100.03
100.018
100.01
100.006
100.003
100.002
100.001
100.001
100
100
100
100
100
100
100
100
100
100
100
100
100
100
100
100
100
100
100
100
100
100
100
100
100
100
100
100
100
100
100
100
100
100
100
100
100
100
383.363
350.444
318.561
288.31
260.169
234.48
211.449
191.157
173.577
158.597
146.039
135.681
127.273
120.557
115.278
111.194
108.086
105.757
104.04
102.794
101.905
101.28
100.847
100.553
100.356
100.225
100.141
100.087
100.053
100.031
100.019
100.011
100.006
100.003
100.002
100.001
100.001
100
100
100
100
100
100
100
100
100
100
100
100
100
100
100
100
100
100
100
100
100
100
100
100
100
100
100
100
100
100
100
100
100
100
100
100
100
100
383.647
351.266
319.838
289.924
261.988
236.376
213.313
192.907
175.157
159.978
147.211
136.649
128.055
121.174
115.755
111.556
108.355
105.954
104.181
102.894
101.974
101.327
100.879
100.574
100.369
100.234
100.146
100.09
100.055
100.033
100.019
100.011
100.006
100.004
100.002
100.001
100.001
100
100
100
100
100
100
100
100
100
100
100
100
100
100
100
100
100
100
100
100
100
100
100
100
100
100
100
100
100
100
100
100
100
100
100
100
100
100
383.843
351.835
320.727
291.056
263.274
237.729
214.657
194.18
176.318
161.001
148.086
137.379
128.647
121.645
116.121
111.835
108.564
106.107
104.292
102.972
102.028
101.364
100.904
100.59
100.38
100.241
100.151
100.093
100.056
100.034
100.02
100.012
100.007
100.004
100.002
100.001
100.001
100
100
100
100
100
100
100
100
100
100
100
100
100
100
100
100
100
100
100
100
100
100
100
100
100
100
100
100
100
100
100
100
100
100
100
100
100
100
383.977
352.227
321.341
291.843
264.175
238.685
215.614
195.095
177.159
161.748
148.73
137.919
129.089
121.998
116.398
112.047
108.722
106.224
104.376
103.032
102.07
101.393
100.923
100.603
100.388
100.246
100.154
100.095
100.058
100.034
100.02
100.012
100.007
100.004
100.002
100.001
100.001
100
100
100
100
100
100
100
100
100
100
100
100
100
100
100
100
100
100
100
100
100
100
100
100
100
100
100
100
100
100
100
100
100
100
100
100
100
100
384.07
352.495
321.764
292.387
264.802
239.354
216.289
195.744
177.76
162.286
149.197
138.313
129.413
122.259
116.602
112.204
108.841
106.311
104.44
103.078
102.102
101.415
100.938
100.613
100.395
100.251
100.157
100.097
100.059
100.035
100.021
100.012
100.007
100.004
100.002
100.001
100.001
100
100
100
100
100
100
100
100
100
100
100
100
100
100
100
100
100
100
100
100
100
100
100
100
100
100
100
100
100
100
100
100
100
100
100
100
100
100
384.132
352.678
322.053
292.76
265.234
239.818
216.759
196.2
178.184
162.667
149.53
138.595
129.647
122.447
116.751
112.319
108.928
106.376
104.487
103.111
102.126
101.431
100.949
100.621
100.4
100.254
100.159
100.098
100.059
100.036
100.021
100.012
100.007
100.004
100.002
100.001
100.001
100
100
100
100
100
100
100
100
100
100
100
100
100
100
100
100
100
100
100
100
100
100
100
100
100
100
100
100
100
100
100
100
100
100
100
100
100
100
384.174
352.801
322.248
293.014
265.528
240.135
217.083
196.515
178.479
162.934
149.764
138.795
129.813
122.582
116.858
112.402
108.991
106.423
104.521
103.136
102.143
101.443
100.958
100.626
100.403
100.256
100.16
100.099
100.06
100.036
100.021
100.012
100.007
100.004
100.002
100.001
100.001
100
100
100
100
100
100
100
100
100
100
100
100
100
100
100
100
100
100
100
100
100
100
100
100
100
100
100
100
100
100
100
100
100
100
100
100
100
100
384.203
352.884
322.379
293.184
265.727
240.351
217.303
196.73
178.682
163.119
149.926
138.934
129.929
122.677
116.934
112.461
109.036
106.457
104.546
103.154
102.156
101.452
100.963
100.63
100.406
100.258
100.161
100.099
100.06
100.036
100.021
100.012
100.007
100.004
100.002
100.001
100.001
100
100
100
100
100
100
100
100
100
100
100
100
100
100
100
100
100
100
100
100
100
100
100
100
100
100
100
100
100
100
100
100
100
100
100
100
100
100
384.221
352.939
322.467
293.298
265.859
240.495
217.451
196.876
178.819
163.244
150.037
139.03
130.009
122.742
116.986
112.502
109.067
106.48
104.563
103.166
102.164
101.458
100.968
100.633
100.408
100.259
100.162
100.1
100.061
100.036
100.021
100.012
100.007
100.004
100.002
100.001
100.001
100
100
100
100
100
100
100
100
100
100
100
100
100
100
100
100
100
100
100
100
100
100
100
100
100
100
100
100
100
100
100
100
100
100
100
100
100
100
384.234
352.975
322.524
293.372
265.947
240.59
217.549
196.973
178.911
163.328
150.112
139.094
130.064
122.787
117.022
112.53
109.089
106.496
104.575
103.175
102.171
101.462
100.971
100.635
100.409
100.26
100.163
100.1
100.061
100.036
100.021
100.012
100.007
100.004
100.002
100.001
100.001
100
100
100
100
100
100
100
100
100
100
100
100
100
100
100
100
100
100
100
100
100
100
100
100
100
100
100
100
100
100
100
100
100
100
100
100
100
100
384.242
352.998
322.561
293.421
266.004
240.652
217.614
197.036
178.972
163.384
150.162
139.137
130.1
122.817
117.046
112.549
109.104
106.507
104.583
103.181
102.175
101.465
100.973
100.636
100.41
100.26
100.163
100.1
100.061
100.037
100.022
100.012
100.007
100.004
100.002
100.001
100.001
100
100
100
100
100
100
100
100
100
100
100
100
100
100
100
100
100
100
100
100
100
100
100
100
100
100
100
100
100
100
100
100
100
100
100
100
100
100
384.247
353.013
322.585
293.452
266.041
240.693
217.656
197.078
179.011
163.42
150.195
139.166
130.124
122.837
117.062
112.562
109.113
106.515
104.589
103.185
102.178
101.467
100.974
100.637
100.411
100.261
100.163
100.101
100.061
100.037
100.022
100.013
100.007
100.004
100.002
100.001
100.001
100
100
100
100
100
100
100
100
100
100
100
100
100
100
100
100
100
100
100
100
100
100
100
100
100
100
100
100
100
100
100
100
100
100
100
100
100
100
384.25
353.023
322.6
293.472
266.064
240.719
217.682
197.104
179.037
163.444
150.216
139.184
130.14
122.85
117.072
112.57
109.12
106.52
104.592
103.187
102.179
101.468
100.975
100.638
100.411
100.261
100.163
100.101
100.061
100.037
100.022
100.013
100.007
100.004
100.002
100.001
100.001
100
100
100
100
100
100
100
100
100
100
100
100
100
100
100
100
100
100
100
100
100
100
100
100
100
100
100
100
100
100
100
100
100
100
100
100
100
100
384.252
353.029
322.61
293.485
266.079
240.735
217.699
197.121
179.053
163.459
150.229
139.196
130.15
122.858
117.079
112.575
109.124
106.523
104.595
103.189
102.181
101.469
100.975
100.638
100.411
100.261
100.163
100.101
100.061
100.037
100.022
100.013
100.007
100.004
100.002
100.001
100.001
100
100
100
100
100
100
100
100
100
100
100
100
100
100
100
100
100
100
100
100
100
100
100
100
100
100
100
100
100
100
100
100
100
100
100
100
100
100
384.253
353.032
322.616
293.492
266.088
240.745
217.71
197.132
179.063
163.468
150.237
139.203
130.156
122.863
117.083
112.579
109.126
106.525
104.596
103.19
102.181
101.47
100.976
100.638
100.411
100.261
100.163
100.101
100.061
100.037
100.022
100.013
100.007
100.004
100.002
100.001
100.001
100
100
100
100
100
100
100
100
100
100
100
100
100
100
100
100
100
100
100
100
100
100
100
100
100
100
100
100
100
100
100
100
100
100
100
100
100
100
384.254
353.035
322.619
293.497
266.094
240.751
217.716
197.138
179.069
163.474
150.243
139.208
130.16
122.866
117.086
112.581
109.128
106.526
104.597
103.191
102.182
101.47
100.976
100.638
100.412
100.261
100.164
100.101
100.061
100.037
100.022
100.013
100.007
100.004
100.002
100.001
100.001
100
100
100
100
100
100
100
100
100
100
100
100
100
100
100
100
100
100
100
100
100
100
100
100
100
100
100
100
100
100
100
100
100
100
100
100
100
100
384.254
353.036
322.621
293.5
266.097
240.755
217.72
197.142
179.073
163.477
150.246
139.21
130.162
122.868
117.087
112.582
109.129
106.527
104.598
103.191
102.182
101.47
100.976
100.639
100.412
100.261
100.164
100.101
100.061
100.037
100.022
100.013
100.007
100.004
100.002
100.001
100.001
100
100
100
100
100
100
100
100
100
100
100
100
100
100
100
100
100
100
100
100
100
100
100
100
100
100
100
100
100
100
100
100
100
100
100
100
100
100
384.255
353.037
322.623
293.502
266.099
240.757
217.723
197.144
179.075
163.479
150.248
139.212
130.164
122.87
117.088
112.583
109.13
106.527
104.598
103.191
102.182
101.471
100.976
100.639
100.412
100.261
100.164
100.101
100.061
100.037
100.022
100.013
100.007
100.004
100.002
100.001
100.001
100
100
100
100
100
100
100
100
100
100
100
100
100
100
100
100
100
100
100
100
100
100
100
100
100
100
100
100
100
100
100
100
100
100
100
100
100
100
384.255
353.037
322.623
293.503
266.101
240.758
217.724
197.146
179.077
163.481
150.249
139.213
130.165
122.87
117.089
112.583
109.13
106.527
104.598
103.192
102.183
101.471
100.976
100.639
100.412
100.261
100.164
100.101
100.061
100.037
100.022
100.013
100.007
100.004
100.002
100.001
100.001
100
100
100
100
100
100
100
100
100
100
100
100
100
100
100
100
100
100
100
100
100
100
100
100
100
100
100
100
100
100
100
100
100
100
100
100
100
100
384.255
353.038
322.624
293.503
266.101
240.759
217.725
197.147
179.077
163.481
150.25
139.214
130.165
122.871
117.089
112.584
109.13
106.528
104.598
103.192
102.183
101.471
100.976
100.639
100.412
100.261
100.164
100.101
100.061
100.037
100.022
100.013
100.007
100.004
100.002
100.001
100.001
100
100
100
100
100
100
100
100
100
100
100
100
100
100
100
100
100
100
100
100
100
100
100
100
100
100
100
100
100
100
100
100
100
100
100
100
100
100
384.255
353.038
322.624
293.504
266.102
240.76
217.725
197.147
179.078
163.482
150.25
139.214
130.165
122.871
117.09
112.584
109.13
106.528
104.598
103.192
102.183
101.471
100.976
100.639
100.412
100.261
100.164
100.101
100.061
100.037
100.022
100.013
100.007
100.004
100.002
100.001
100.001
100
100
100
100
100
100
100
100
100
100
100
100
100
100
100
100
100
100
100
100
100
100
100
100
100
100
100
100
100
100
100
100
100
100
100
100
100
100
384.255
353.038
322.624
293.504
266.102
240.76
217.726
197.147
179.078
163.482
150.25
139.214
130.166
122.871
117.09
112.584
109.13
106.528
104.598
103.192
102.183
101.471
100.976
100.639
100.412
100.261
100.164
100.101
100.061
100.037
100.022
100.013
100.007
100.004
100.002
100.001
100.001
100
100
100
100
100
100
100
100
100
100
100
100
100
100
100
100
100
100
100
100
100
100
100
100
100
100
100
100
100
100
100
100
100
100
100
100
100
100
384.255
353.038
322.624
293.504
266.102
240.76
217.726
197.148
179.078
163.482
150.25
139.214
130.166
122.871
117.09
112.584
109.131
106.528
104.598
103.192
102.183
101.471
100.976
100.639
100.412
100.261
100.164
100.101
100.061
100.037
100.022
100.013
100.007
100.004
100.002
100.001
100.001
100
100
100
100
100
100
100
100
100
100
100
100
100
100
100
100
100
100
100
100
100
100
100
100
100
100
100
100
100
100
100
100
100
100
100
100
100
100
384.255
353.038
322.624
293.504
266.102
240.76
217.726
197.148
179.078
163.482
150.25
139.214
130.166
122.871
117.09
112.584
109.131
106.528
104.598
103.192
102.183
101.471
100.976
100.639
100.412
100.261
100.164
100.101
100.061
100.037
100.022
100.013
100.007
100.004
100.002
100.001
100.001
100
100
100
100
100
100
100
100
100
100
100
100
100
100
100
100
100
100
100
100
100
100
100
100
100
100
100
100
100
100
100
100
100
100
100
100
100
100
384.255
353.038
322.624
293.504
266.102
240.76
217.726
197.148
179.078
163.482
150.25
139.214
130.166
122.871
117.09
112.584
109.131
106.528
104.598
103.192
102.183
101.471
100.976
100.639
100.412
100.261
100.164
100.101
100.061
100.037
100.022
100.013
100.007
100.004
100.002
100.001
100.001
100
100
100
100
100
100
100
100
100
100
100
100
100
100
100
100
100
100
100
100
100
100
100
100
100
100
100
100
100
100
100
100
100
100
100
100
100
100
384.255
353.038
322.624
293.504
266.102
240.76
217.726
197.148
179.078
163.482
150.25
139.214
130.166
122.871
117.09
112.584
109.131
106.528
104.598
103.192
102.183
101.471
100.976
100.639
100.412
100.261
100.164
100.101
100.061
100.037
100.022
100.013
100.007
100.004
100.002
100.001
100.001
100
100
100
100
100
100
100
100
100
100
100
100
100
100
100
100
100
100
100
100
100
100
100
100
100
100
100
100
100
100
100
100
100
100
100
100
100
100
384.255
353.038
322.624
293.504
266.102
240.76
217.726
197.148
179.078
163.482
150.25
139.214
130.166
122.871
117.09
112.584
109.131
106.528
104.598
103.192
102.183
101.471
100.976
100.639
100.412
100.261
100.164
100.101
100.061
100.037
100.022
100.013
100.007
100.004
100.002
100.001
100.001
100
100
100
100
100
100
100
100
100
100
100
100
100
100
100
100
100
100
100
100
100
100
100
100
100
100
100
100
100
100
100
100
100
100
100
100
100
100
384.255
353.038
322.624
293.504
266.102
240.76
217.726
197.148
179.078
163.482
150.25
139.214
130.166
122.871
117.09
112.584
109.131
106.528
104.598
103.192
102.183
101.471
100.976
100.639
100.412
100.261
100.164
100.101
100.061
100.037
100.022
100.013
100.007
100.004
100.002
100.001
100.001
100
100
100
100
100
100
100
100
100
100
100
100
100
100
100
100
100
100
100
100
100
100
100
100
100
100
100
100
100
100
100
100
100
100
100
100
100
100
384.255
353.038
322.624
293.504
266.102
240.76
217.726
197.148
179.078
163.482
150.25
139.214
130.166
122.871
117.09
112.584
109.131
106.528
104.598
103.192
102.183
101.471
100.976
100.639
100.412
100.261
100.164
100.101
100.061
100.037
100.022
100.013
100.007
100.004
100.002
100.001
100.001
100
100
100
100
100
100
100
100
100
100
100
100
100
100
100
100
100
100
100
100
100
100
100
100
100
100
100
100
100
100
100
100
100
100
100
100
100
100
384.255
353.038
322.624
293.504
266.102
240.76
217.726
197.148
179.078
163.482
150.25
139.214
130.166
122.871
117.09
112.584
109.131
106.528
104.598
103.192
102.183
101.471
100.976
100.639
100.412
100.261
100.164
100.101
100.061
100.037
100.022
100.013
100.007
100.004
100.002
100.001
100.001
100
100
100
100
100
100
100
100
100
100
100
100
100
100
100
100
100
100
100
100
100
100
100
100
100
100
100
100
100
100
100
100
100
100
100
100
100
100
384.255
353.038
322.624
293.504
266.102
240.76
217.726
197.148
179.078
163.482
150.25
139.214
130.166
122.871
117.09
112.584
109.131
106.528
104.598
103.192
102.183
101.471
100.976
100.639
100.412
100.261
100.164
100.101
100.061
100.037
100.022
100.013
100.007
100.004
100.002
100.001
100.001
100
100
100
100
100
100
100
100
100
100
100
100
100
100
100
100
100
100
100
100
100
100
100
100
100
100
100
100
100
100
100
100
100
100
100
100
100
100
384.255
353.038
322.624
293.504
266.102
240.76
217.726
197.148
179.078
163.482
150.25
139.214
130.166
122.871
117.09
112.584
109.131
106.528
104.598
103.192
102.183
101.471
100.976
100.639
100.412
100.261
100.164
100.101
100.061
100.037
100.022
100.013
100.007
100.004
100.002
100.001
100.001
100
100
100
100
100
100
100
100
100
100
100
100
100
100
100
100
100
100
100
100
100
100
100
100
100
100
100
100
100
100
100
100
100
100
100
100
100
100
384.255
353.038
322.624
293.504
266.102
240.76
217.726
197.148
179.078
163.482
150.25
139.214
130.166
122.871
117.09
112.584
109.131
106.528
104.598
103.192
102.183
101.471
100.976
100.639
100.412
100.261
100.164
100.101
100.061
100.037
100.022
100.013
100.007
100.004
100.002
100.001
100.001
100
100
100
100
100
100
100
100
100
100
100
100
100
100
100
100
100
100
100
100
100
100
100
100
100
100
100
100
100
100
100
100
100
100
100
100
100
100
384.255
353.038
322.624
293.504
266.102
240.76
217.726
197.148
179.078
163.482
150.25
139.214
130.166
122.871
117.09
112.584
109.131
106.528
104.598
103.192
102.183
101.471
100.976
100.639
100.412
100.261
100.164
100.101
100.061
100.037
100.022
100.013
100.007
100.004
100.002
100.001
100.001
100
100
100
100
100
100
100
100
100
100
100
100
100
100
100
100
100
100
100
100
100
100
100
100
100
100
100
100
100
100
100
100
100
100
100
100
100
100
384.255
353.038
322.624
293.504
266.102
240.76
217.726
197.148
179.078
163.482
150.25
139.214
130.166
122.871
117.09
112.584
109.131
106.528
104.598
103.192
102.183
101.471
100.976
100.639
100.412
100.261
100.164
100.101
100.061
100.037
100.022
100.013
100.007
100.004
100.002
100.001
100.001
100
100
100
100
100
100
100
100
100
100
100
100
100
100
100
100
100
100
100
100
100
100
100
100
100
100
100
100
100
100
100
100
100
100
100
100
100
100
384.255
353.038
322.624
293.504
266.102
240.76
217.726
197.148
179.078
163.482
150.25
139.214
130.166
122.871
117.09
112.584
109.131
106.528
104.598
103.192
102.183
101.471
100.976
100.639
100.412
100.261
100.164
100.101
100.061
100.037
100.022
100.013
100.007
100.004
100.002
100.001
100.001
100
100
100
100
100
100
100
100
100
100
100
100
100
100
100
100
100
100
100
100
100
100
100
100
100
100
100
100
100
100
100
100
100
100
100
100
100
100
384.255
353.038
322.624
293.504
266.102
240.76
217.726
197.148
179.078
163.482
150.25
139.214
130.166
122.871
117.09
112.584
109.131
106.528
104.598
103.192
102.183
101.471
100.976
100.639
100.412
100.261
100.164
100.101
100.061
100.037
100.022
100.013
100.007
100.004
100.002
100.001
100.001
100
100
100
100
100
100
100
100
100
100
100
100
100
100
100
100
100
100
100
100
100
100
100
100
100
100
100
100
100
100
100
100
100
100
100
100
100
100
384.255
353.038
322.624
293.504
266.102
240.76
217.726
197.148
179.078
163.482
150.25
139.214
130.166
122.871
117.09
112.584
109.131
106.528
104.598
103.192
102.183
101.471
100.976
100.639
100.412
100.261
100.164
100.101
100.061
100.037
100.022
100.013
100.007
100.004
100.002
100.001
100.001
100
100
100
100
100
100
100
100
100
100
100
100
100
100
100
100
100
100
100
100
100
100
100
100
100
100
100
100
100
100
100
100
100
100
100
100
100
100
384.255
353.038
322.624
293.504
266.102
240.76
217.726
197.148
179.078
163.482
150.25
139.214
130.166
122.871
117.09
112.584
109.131
106.528
104.598
103.192
102.183
101.471
100.976
100.639
100.412
100.261
100.164
100.101
100.061
100.037
100.022
100.013
100.007
100.004
100.002
100.001
100.001
100
100
100
100
100
100
100
100
100
100
100
100
100
100
100
100
100
100
100
100
100
100
100
100
100
100
100
100
100
100
100
100
100
100
100
100
100
100
384.255
353.038
322.624
293.504
266.102
240.76
217.726
197.148
179.078
163.482
150.25
139.214
130.166
122.871
117.09
112.584
109.131
106.528
104.598
103.192
102.183
101.471
100.976
100.639
100.412
100.261
100.164
100.101
100.061
100.037
100.022
100.013
100.007
100.004
100.002
100.001
100.001
100
100
100
100
100
100
100
100
100
100
100
100
100
100
100
100
100
100
100
100
100
100
100
100
100
100
100
100
100
100
100
100
100
100
100
100
100
100
384.255
353.038
322.624
293.504
266.102
240.76
217.726
197.148
179.078
163.482
150.25
139.214
130.166
122.871
117.09
112.584
109.131
106.528
104.598
103.192
102.183
101.471
100.976
100.639
100.412
100.261
100.164
100.101
100.061
100.037
100.022
100.013
100.007
100.004
100.002
100.001
100.001
100
100
100
100
100
100
100
100
100
100
100
100
100
100
100
100
100
100
100
100
100
100
100
100
100
100
100
100
100
100
100
100
100
100
100
100
100
100
384.255
353.038
322.624
293.504
266.102
240.76
217.726
197.148
179.078
163.482
150.25
139.214
130.166
122.871
117.09
112.584
109.131
106.528
104.598
103.192
102.183
101.471
100.976
100.639
100.412
100.261
100.164
100.101
100.061
100.037
100.022
100.013
100.007
100.004
100.002
100.001
100.001
100
100
100
100
100
100
100
100
100
100
100
100
100
100
100
100
100
100
100
100
100
100
100
100
100
100
100
100
100
100
100
100
100
100
100
100
100
100
384.255
353.038
322.624
293.504
266.102
240.76
217.726
197.148
179.078
163.482
150.25
139.214
130.166
122.871
117.09
112.584
109.131
106.528
104.598
103.192
102.183
101.471
100.976
100.639
100.412
100.261
100.164
100.101
100.061
100.037
100.022
100.013
100.007
100.004
100.002
100.001
100.001
100
100
100
100
100
100
100
100
100
100
100
100
100
100
100
100
100
100
100
100
100
100
100
100
100
100
100
100
100
100
100
100
100
100
100
100
100
100
384.255
353.038
322.624
293.504
266.102
240.76
217.726
197.148
179.078
163.482
150.25
139.214
130.166
122.871
117.09
112.584
109.131
106.528
104.598
103.192
102.183
101.471
100.976
100.639
100.412
100.261
100.164
100.101
100.061
100.037
100.022
100.013
100.007
100.004
100.002
100.001
100.001
100
100
100
100
100
100
100
100
100
100
100
100
100
100
100
100
100
100
100
100
100
100
100
100
100
100
100
100
100
100
100
100
100
100
100
100
100
100
384.255
353.038
322.624
293.504
266.102
240.76
217.726
197.148
179.078
163.482
150.25
139.214
130.166
122.871
117.09
112.584
109.131
106.528
104.598
103.192
102.183
101.471
100.976
100.639
100.412
100.261
100.164
100.101
100.061
100.037
100.022
100.013
100.007
100.004
100.002
100.001
100.001
100
100
100
100
100
100
100
100
100
100
100
100
100
100
100
100
100
100
100
100
100
100
100
100
100
100
100
100
100
100
100
100
100
100
100
100
100
100
384.255
353.038
322.624
293.504
266.102
240.76
217.726
197.148
179.078
163.482
150.25
139.214
130.166
122.871
117.09
112.584
109.131
106.528
104.598
103.192
102.183
101.471
100.976
100.639
100.412
100.261
100.164
100.101
100.061
100.037
100.022
100.013
100.007
100.004
100.002
100.001
100.001
100
100
100
100
100
100
100
100
100
100
100
100
100
100
100
100
100
100
100
100
100
100
100
100
100
100
100
100
100
100
100
100
100
100
100
100
100
100
384.255
353.038
322.624
293.504
266.102
240.76
217.726
197.148
179.078
163.482
150.25
139.214
130.166
122.871
117.09
112.584
109.131
106.528
104.598
103.192
102.183
101.471
100.976
100.639
100.412
100.261
100.164
100.101
100.061
100.037
100.022
100.013
100.007
100.004
100.002
100.001
100.001
100
100
100
100
100
100
100
100
100
100
100
100
100
100
100
100
100
100
100
100
100
100
100
100
100
100
100
100
100
100
100
100
100
100
100
100
100
100
384.255
353.038
322.624
293.504
266.102
240.76
217.726
197.148
179.078
163.482
150.25
139.214
130.166
122.871
117.09
112.584
109.131
106.528
104.598
103.192
102.183
101.471
100.976
100.639
100.412
100.261
100.164
100.101
100.061
100.037
100.022
100.013
100.007
100.004
100.002
100.001
100.001
100
100
100
100
100
100
100
100
100
100
100
100
100
100
100
100
100
100
100
100
100
100
100
100
100
100
100
100
100
100
100
100
100
100
100
100
100
100
384.255
353.038
322.624
293.504
266.102
240.76
217.726
197.148
179.078
163.482
150.25
139.214
130.166
122.871
117.09
112.584
109.131
106.528
104.598
103.192
102.183
101.471
100.976
100.639
100.412
100.261
100.164
100.101
100.061
100.037
100.022
100.013
100.007
100.004
100.002
100.001
100.001
100
100
100
100
100
100
100
100
100
100
100
100
100
100
100
100
100
100
100
100
100
100
100
100
100
100
100
100
100
100
100
100
100
100
100
100
100
100
384.255
353.038
322.624
293.504
266.102
240.76
217.726
197.148
179.078
163.482
150.25
139.214
130.166
122.871
117.09
112.584
109.131
106.528
104.598
103.192
102.183
101.471
100.976
100.639
100.412
100.261
100.164
100.101
100.061
100.037
100.022
100.013
100.007
100.004
100.002
100.001
100.001
100
100
100
100
100
100
100
100
100
100
100
100
100
100
100
100
100
100
100
100
100
100
100
100
100
100
100
100
100
100
100
100
100
100
100
100
100
100
384.255
353.038
322.624
293.504
266.102
240.76
217.726
197.148
179.078
163.482
150.25
139.214
130.166
122.871
117.09
112.584
109.131
106.528
104.598
103.192
102.183
101.471
100.976
100.639
100.412
100.261
100.164
100.101
100.061
100.037
100.022
100.013
100.007
100.004
100.002
100.001
100.001
100
100
100
100
100
100
100
100
100
100
100
100
100
100
100
100
100
100
100
100
100
100
100
100
100
100
100
100
100
100
100
100
100
100
100
100
100
100
384.255
353.038
322.624
293.504
266.102
240.76
217.726
197.148
179.078
163.482
150.25
139.214
130.166
122.871
117.09
112.584
109.131
106.528
104.598
103.192
102.183
101.471
100.976
100.639
100.412
100.261
100.164
100.101
100.061
100.037
100.022
100.013
100.007
100.004
100.002
100.001
100.001
100
100
100
100
100
100
100
100
100
100
100
100
100
100
100
100
100
100
100
100
100
100
100
100
100
100
100
100
100
100
100
100
100
100
100
100
100
100
384.255
353.038
322.624
293.504
266.102
240.76
217.726
197.148
179.078
163.482
150.25
139.214
130.166
122.871
117.09
112.584
109.131
106.528
104.598
103.192
102.183
101.471
100.976
100.639
100.412
100.261
100.164
100.101
100.061
100.037
100.022
100.013
100.007
100.004
100.002
100.001
100.001
100
100
100
100
100
100
100
100
100
100
100
100
100
100
100
100
100
100
100
100
100
100
100
100
100
100
100
100
100
100
100
100
100
100
100
100
100
100
384.255
353.038
322.624
293.504
266.102
240.76
217.726
197.148
179.078
163.482
150.25
139.214
130.166
122.871
117.09
112.584
109.131
106.528
104.598
103.192
102.183
101.471
100.976
100.639
100.412
100.261
100.164
100.101
100.061
100.037
100.022
100.013
100.007
100.004
100.002
100.001
100.001
100
100
100
100
100
100
100
100
100
100
100
100
100
100
100
100
100
100
100
100
100
100
100
100
100
100
100
100
100
100
100
100
100
100
100
100
100
100
384.255
353.038
322.624
293.504
266.102
240.76
217.726
197.148
179.078
163.482
150.25
139.214
130.166
122.871
117.09
112.584
109.131
106.528
104.598
103.192
102.183
101.471
100.976
100.639
100.412
100.261
100.164
100.101
100.061
100.037
100.022
100.013
100.007
100.004
100.002
100.001
100.001
100
100
100
100
100
100
100
100
100
100
100
100
100
100
100
100
100
100
100
100
100
100
100
100
100
100
100
100
100
100
100
100
100
100
100
100
100
100
384.255
353.038
322.624
293.504
266.102
240.76
217.726
197.148
179.078
163.482
150.25
139.214
130.166
122.871
117.09
112.584
109.131
106.528
104.598
103.192
102.183
101.471
100.976
100.639
100.412
100.261
100.164
100.101
100.061
100.037
100.022
100.013
100.007
100.004
100.002
100.001
100.001
100
100
100
100
100
100
100
100
100
100
100
100
100
100
100
100
100
100
100
100
100
100
100
100
100
100
100
100
100
100
100
100
100
100
100
100
100
100
384.255
353.038
322.624
293.504
266.102
240.76
217.726
197.148
179.078
163.482
150.25
139.214
130.166
122.871
117.09
112.584
109.131
106.528
104.598
103.192
102.183
101.471
100.976
100.639
100.412
100.261
100.164
100.101
100.061
100.037
100.022
100.013
100.007
100.004
100.002
100.001
100.001
100
100
100
100
100
100
100
100
100
100
100
100
100
100
100
100
100
100
100
100
100
100
100
100
100
100
100
100
100
100
100
100
100
100
100
100
100
100
384.255
353.038
322.624
293.504
266.102
240.76
217.726
197.148
179.078
163.482
150.25
139.214
130.166
122.871
117.09
112.584
109.131
106.528
104.598
103.192
102.183
101.471
100.976
100.639
100.412
100.261
100.164
100.101
100.061
100.037
100.022
100.013
100.007
100.004
100.002
100.001
100.001
100
100
100
100
100
100
100
100
100
100
100
100
100
100
100
100
100
100
100
100
100
100
100
100
100
100
100
100
100
100
100
100
100
100
100
100
100
100
384.255
353.038
322.624
293.504
266.102
240.76
217.726
197.148
179.078
163.482
150.25
139.214
130.166
122.871
117.09
112.584
109.131
106.528
104.598
103.192
102.183
101.471
100.976
100.639
100.412
100.261
100.164
100.101
100.061
100.037
100.022
100.013
100.007
100.004
100.002
100.001
100.001
100
100
100
100
100
100
100
100
100
100
100
100
100
100
100
100
100
100
100
100
100
100
100
100
100
100
100
100
100
100
100
100
100
100
100
100
100
100
384.255
353.038
322.624
293.504
266.102
240.76
217.726
197.148
179.078
163.482
150.25
139.214
130.166
122.871
117.09
112.584
109.131
106.528
104.598
103.192
102.183
101.471
100.976
100.639
100.412
100.261
100.164
100.101
100.061
100.037
100.022
100.013
100.007
100.004
100.002
100.001
100.001
100
100
100
100
100
100
100
100
100
100
100
100
100
100
100
100
100
100
100
100
100
100
100
100
100
100
100
100
100
100
100
100
100
100
100
100
100
100
384.255
353.038
322.624
293.504
266.102
240.76
217.726
197.148
179.078
163.482
150.25
139.214
130.166
122.871
117.09
112.584
109.131
106.528
104.598
103.192
102.183
101.471
100.976
100.639
100.412
100.261
100.164
100.101
100.061
100.037
100.022
100.013
100.007
100.004
100.002
100.001
100.001
100
100
100
100
100
100
100
100
100
100
100
100
100
100
100
100
100
100
100
100
100
100
100
100
100
100
100
100
100
100
100
100
100
100
100
100
100
100
384.255
353.038
322.624
293.504
266.102
240.76
217.726
197.148
179.078
163.482
150.25
139.214
130.166
122.871
117.09
112.584
109.131
106.528
104.598
103.192
102.183
101.471
100.976
100.639
100.412
100.261
100.164
100.101
100.061
100.037
100.022
100.013
100.007
100.004
100.002
100.001
100.001
100
100
100
100
100
100
100
100
100
100
100
100
100
100
100
100
100
100
100
100
100
100
100
100
100
100
100
100
100
100
100
100
100
100
100
100
100
100
384.255
353.038
322.624
293.504
266.102
240.76
217.726
197.148
179.078
163.482
150.25
139.214
130.166
122.871
117.09
112.584
109.131
106.528
104.598
103.192
102.183
101.471
100.976
100.639
100.412
100.261
100.164
100.101
100.061
100.037
100.022
100.013
100.007
100.004
100.002
100.001
100.001
100
100
100
100
100
100
100
100
100
100
100
100
100
100
100
100
100
100
100
100
100
100
100
100
100
100
100
100
100
100
100
100
100
100
100
100
100
100
384.255
353.038
322.624
293.504
266.102
240.76
217.726
197.148
179.078
163.482
150.25
139.214
130.166
122.871
117.09
112.584
109.131
106.528
104.598
103.192
102.183
101.471
100.976
100.639
100.412
100.261
100.164
100.101
100.061
100.037
100.022
100.013
100.007
100.004
100.002
100.001
100.001
100
100
100
100
100
100
100
100
100
100
100
100
100
100
100
100
100
100
100
100
100
100
100
100
100
100
100
100
100
100
100
100
100
100
100
100
100
100
384.255
353.038
322.624
293.504
266.102
240.76
217.726
197.148
179.078
163.482
150.25
139.214
130.166
122.871
117.09
112.584
109.131
106.528
104.598
103.192
102.183
101.471
100.976
100.639
100.412
100.261
100.164
100.101
100.061
100.037
100.022
100.013
100.007
100.004
100.002
100.001
100.001
100
100
100
100
100
100
100
100
100
100
100
100
100
100
100
100
100
100
100
100
100
100
100
100
100
100
100
100
100
100
100
100
100
100
100
100
100
100
384.255
353.038
322.624
293.504
266.102
240.76
217.726
197.148
179.078
163.482
150.25
139.214
130.166
122.871
117.09
112.584
109.131
106.528
104.598
103.192
102.183
101.471
100.976
100.639
100.412
100.261
100.164
100.101
100.061
100.037
100.022
100.013
100.007
100.004
100.002
100.001
100.001
100
100
100
100
100
100
100
100
100
100
100
100
100
100
100
100
100
100
100
100
100
100
100
100
100
100
100
100
100
100
100
100
100
100
100
100
100
100
384.255
353.038
322.624
293.504
266.102
240.76
217.726
197.148
179.078
163.482
150.25
139.214
130.166
122.871
117.09
112.584
109.131
106.528
104.598
103.192
102.183
101.471
100.976
100.639
100.412
100.261
100.164
100.101
100.061
100.037
100.022
100.013
100.007
100.004
100.002
100.001
100.001
100
100
100
100
100
100
100
100
100
100
100
100
100
100
100
100
100
100
100
100
100
100
100
100
100
100
100
100
100
100
100
100
100
100
100
100
100
100
384.255
353.038
322.624
293.504
266.102
240.76
217.726
197.148
179.078
163.482
150.25
139.214
130.166
122.871
117.09
112.584
109.131
106.528
104.598
103.192
102.183
101.471
100.976
100.639
100.412
100.261
100.164
100.101
100.061
100.037
100.022
100.013
100.007
100.004
100.002
100.001
100.001
100
100
100
100
100
100
100
100
100
100
100
100
100
100
100
100
100
100
100
100
100
100
100
100
100
100
100
100
100
100
100
100
100
100
100
100
100
100
384.255
353.038
322.624
293.504
266.102
240.76
217.726
197.148
179.078
163.482
150.25
139.214
130.166
122.871
117.09
112.584
109.131
106.528
104.598
103.192
102.183
101.471
100.976
100.639
100.412
100.261
100.164
100.101
100.061
100.037
100.022
100.013
100.007
100.004
100.002
100.001
100.001
100
100
100
100
100
100
100
100
100
100
100
100
100
100
100
100
100
100
100
100
100
100
100
100
100
100
100
100
100
100
100
100
100
100
100
100
100
100
384.255
353.038
322.624
293.504
266.102
240.76
217.726
197.148
179.078
163.482
150.25
139.214
130.166
122.871
117.09
112.584
109.131
106.528
104.598
103.192
102.183
101.471
100.976
100.639
100.412
100.261
100.164
100.101
100.061
100.037
100.022
100.013
100.007
100.004
100.002
100.001
100.001
100
100
100
100
100
100
100
100
100
100
100
100
100
100
100
100
100
100
100
100
100
100
100
100
100
100
100
100
100
100
100
100
100
100
100
100
100
100
384.255
353.038
322.624
293.504
266.102
240.76
217.726
197.148
179.078
163.482
150.25
139.214
130.166
122.871
117.09
112.584
109.131
106.528
104.598
103.192
102.183
101.471
100.976
100.639
100.412
100.261
100.164
100.101
100.061
100.037
100.022
100.013
100.007
100.004
100.002
100.001
100.001
100
100
100
100
100
100
100
100
100
100
100
100
100
100
100
100
100
100
100
100
100
100
100
100
100
100
100
100
100
100
100
100
100
100
100
100
100
100
384.255
353.038
322.624
293.504
266.102
240.76
217.726
197.148
179.078
163.482
150.25
139.214
130.166
122.871
117.09
112.584
109.131
106.528
104.598
103.192
102.183
101.471
100.976
100.639
100.412
100.261
100.164
100.101
100.061
100.037
100.022
100.013
100.007
100.004
100.002
100.001
100.001
100
100
100
100
100
100
100
100
100
100
100
100
100
100
100
100
100
100
100
100
100
100
100
100
100
100
100
100
100
100
100
100
100
100
100
100
100
100
384.255
353.038
322.624
293.504
266.102
240.76
217.726
197.148
179.078
163.482
150.25
139.214
130.166
122.871
117.09
112.584
109.131
106.528
104.598
103.192
102.183
101.471
100.976
100.639
100.412
100.261
100.164
100.101
100.061
100.037
100.022
100.013
100.007
100.004
100.002
100.001
100.001
100
100
100
100
100
100
100
100
100
100
100
100
100
100
100
100
100
100
100
100
100
100
100
100
100
100
100
100
100
100
100
100
100
100
100
100
100
100
384.255
353.038
322.624
293.504
266.102
240.76
217.726
197.148
179.078
163.482
150.25
139.214
130.166
122.871
117.09
112.584
109.131
106.528
104.598
103.192
102.183
101.471
100.976
100.639
100.412
100.261
100.164
100.101
100.061
100.037
100.022
100.013
100.007
100.004
100.002
100.001
100.001
100
100
100
100
100
100
100
100
100
100
100
100
100
100
100
100
100
100
100
100
100
100
100
100
100
100
100
100
100
100
100
100
100
100
100
100
100
100
384.255
353.038
322.624
293.504
266.102
240.76
217.726
197.148
179.078
163.482
150.25
139.214
130.166
122.871
117.09
112.584
109.131
106.528
104.598
103.192
102.183
101.471
100.976
100.639
100.412
100.261
100.164
100.101
100.061
100.037
100.022
100.013
100.007
100.004
100.002
100.001
100.001
100
100
100
100
100
100
100
100
100
100
100
100
100
100
100
100
100
100
100
100
100
100
100
100
100
100
100
100
100
100
100
100
100
100
100
100
100
100
384.255
353.038
322.624
293.504
266.102
240.76
217.726
197.148
179.078
163.482
150.25
139.214
130.166
122.871
117.09
112.584
109.131
106.528
104.598
103.192
102.183
101.471
100.976
100.639
100.412
100.261
100.164
100.101
100.061
100.037
100.022
100.013
100.007
100.004
100.002
100.001
100.001
100
100
100
100
100
100
100
100
100
100
100
100
100
100
100
100
100
100
100
100
100
100
100
100
100
100
100
100
100
100
100
100
100
100
100
100
100
100
384.255
353.038
322.624
293.504
266.102
240.76
217.726
197.148
179.078
163.482
150.25
139.214
130.166
122.871
117.09
112.584
109.131
106.528
104.598
103.192
102.183
101.471
100.976
100.639
100.412
100.261
100.164
100.101
100.061
100.037
100.022
100.013
100.007
100.004
100.002
100.001
100.001
100
100
100
100
100
100
100
100
100
100
100
100
100
100
100
100
100
100
100
100
100
100
100
100
100
100
100
100
100
100
100
100
100
100
100
100
100
100
384.255
353.038
322.624
293.504
266.102
240.76
217.726
197.148
179.078
163.482
150.25
139.214
130.166
122.871
117.09
112.584
109.131
106.528
104.598
103.192
102.183
101.471
100.976
100.639
100.412
100.261
100.164
100.101
100.061
100.037
100.022
100.013
100.007
100.004
100.002
100.001
100.001
100
100
100
100
100
100
100
100
100
100
100
100
100
100
100
100
100
100
100
100
100
100
100
100
100
100
100
100
100
100
100
100
100
100
100
100
100
100
384.255
353.038
322.624
293.504
266.102
240.76
217.726
197.148
179.078
163.482
150.25
139.214
130.166
122.871
117.09
112.584
109.131
106.528
104.598
103.192
102.183
101.471
100.976
100.639
100.412
100.261
100.164
100.101
100.061
100.037
100.022
100.013
100.007
100.004
100.002
100.001
100.001
100
100
100
100
100
100
100
100
100
100
100
100
100
100
100
100
100
100
100
100
100
100
100
100
100
100
100
100
100
100
100
100
100
100
100
100
100
100
384.255
353.038
322.624
293.504
266.102
240.76
217.726
197.148
179.078
163.482
150.25
139.214
130.166
122.871
117.09
112.584
109.131
106.528
104.598
103.192
102.183
101.471
100.976
100.639
100.412
100.261
100.164
100.101
100.061
100.037
100.022
100.013
100.007
100.004
100.002
100.001
100.001
100
100
100
100
100
100
100
100
100
100
100
100
100
100
100
100
100
100
100
100
100
100
100
100
100
100
100
100
100
100
100
100
100
100
100
100
100
100
384.255
353.038
322.624
293.504
266.102
240.76
217.726
197.148
179.078
163.482
150.25
139.214
130.166
122.871
117.09
112.584
109.131
106.528
104.598
103.192
102.183
101.471
100.976
100.639
100.412
100.261
100.164
100.101
100.061
100.037
100.022
100.013
100.007
100.004
100.002
100.001
100.001
100
100
100
100
100
100
100
100
100
100
100
100
100
100
100
100
100
100
100
100
100
100
100
100
100
100
100
100
100
100
100
100
100
100
100
100
100
100
384.255
353.038
322.624
293.504
266.102
240.76
217.726
197.148
179.078
163.482
150.25
139.214
130.166
122.871
117.09
112.584
109.131
106.528
104.598
103.192
102.183
101.471
100.976
100.639
100.412
100.261
100.164
100.101
100.061
100.037
100.022
100.013
100.007
100.004
100.002
100.001
100.001
100
100
100
100
100
100
100
100
100
100
100
100
100
100
100
100
100
100
100
100
100
100
100
100
100
100
100
100
100
100
100
100
100
100
100
100
100
100
384.255
353.038
322.624
293.504
266.102
240.76
217.726
197.148
179.078
163.482
150.25
139.214
130.166
122.871
117.09
112.584
109.131
106.528
104.598
103.192
102.183
101.471
100.976
100.639
100.412
100.261
100.164
100.101
100.061
100.037
100.022
100.013
100.007
100.004
100.002
100.001
100.001
100
100
100
100
100
100
100
100
100
100
100
100
100
100
100
100
100
100
100
100
100
100
100
100
100
100
100
100
100
100
100
100
100
100
100
100
100
100
384.255
353.038
322.624
293.504
266.102
240.76
217.726
197.148
179.078
163.482
150.25
139.214
130.166
122.871
117.09
112.584
109.131
106.528
104.598
103.192
102.183
101.471
100.976
100.639
100.412
100.261
100.164
100.101
100.061
100.037
100.022
100.013
100.007
100.004
100.002
100.001
100.001
100
100
100
100
100
100
100
100
100
100
100
100
100
100
100
100
100
100
100
100
100
100
100
100
100
100
100
100
100
100
100
100
100
100
100
100
100
100
384.255
353.038
322.624
293.504
266.102
240.76
217.726
197.148
179.078
163.482
150.25
139.214
130.166
122.871
117.09
112.584
109.131
106.528
104.598
103.192
102.183
101.471
100.976
100.639
100.412
100.261
100.164
100.101
100.061
100.037
100.022
100.013
100.007
100.004
100.002
100.001
100.001
100
100
100
100
100
100
100
100
100
100
100
100
100
100
100
100
100
100
100
100
100
100
100
100
100
100
100
100
100
100
100
100
100
100
100
100
100
100
384.255
353.038
322.624
293.504
266.102
240.76
217.726
197.148
179.078
163.482
150.25
139.214
130.166
122.871
117.09
112.584
109.131
106.528
104.598
103.192
102.183
101.471
100.976
100.639
100.412
100.261
100.164
100.101
100.061
100.037
100.022
100.013
100.007
100.004
100.002
100.001
100.001
100
100
100
100
100
100
100
100
100
100
100
100
100
100
100
100
100
100
100
100
100
100
100
100
100
100
100
100
100
100
100
100
100
100
100
100
100
100
384.255
353.038
322.624
293.504
266.102
240.76
217.726
197.148
179.078
163.482
150.25
139.214
130.166
122.871
117.09
112.584
109.131
106.528
104.598
103.192
102.183
101.471
100.976
100.639
100.412
100.261
100.164
100.101
100.061
100.037
100.022
100.013
100.007
100.004
100.002
100.001
100.001
100
100
100
100
100
100
100
100
100
100
100
100
100
100
100
100
100
100
100
100
100
100
100
100
100
100
100
100
100
100
100
100
100
100
100
100
100
100
384.255
353.038
322.624
293.504
266.102
240.76
217.726
197.148
179.078
163.482
150.25
139.214
130.166
122.871
117.09
112.584
109.131
106.528
104.598
103.192
102.183
101.471
100.976
100.639
100.412
100.261
100.164
100.101
100.061
100.037
100.022
100.013
100.007
100.004
100.002
100.001
100.001
100
100
100
100
100
100
100
100
100
100
100
100
100
100
100
100
100
100
100
100
100
100
100
100
100
100
100
100
100
100
100
100
100
100
100
100
100
100
384.255
353.038
322.624
293.504
266.102
240.76
217.726
197.148
179.078
163.482
150.25
139.214
130.166
122.871
117.09
112.584
109.131
106.528
104.598
103.192
102.183
101.471
100.976
100.639
100.412
100.261
100.164
100.101
100.061
100.037
100.022
100.013
100.007
100.004
100.002
100.001
100.001
100
100
100
100
100
100
100
100
100
100
100
100
100
100
100
100
100
100
100
100
100
100
100
100
100
100
100
100
100
100
100
100
100
100
100
100
100
100
384.255
353.038
322.624
293.504
266.102
240.76
217.726
197.148
179.078
163.482
150.25
139.214
130.166
122.871
117.09
112.584
109.131
106.528
104.598
103.192
102.183
101.471
100.976
100.639
100.412
100.261
100.164
100.101
100.061
100.037
100.022
100.013
100.007
100.004
100.002
100.001
100.001
100
100
100
100
100
100
100
100
100
100
100
100
100
100
100
100
100
100
100
100
100
100
100
100
100
100
100
100
100
100
100
100
100
100
100
100
100
100
384.255
353.038
322.624
293.504
266.102
240.76
217.726
197.148
179.078
163.482
150.25
139.214
130.166
122.871
117.09
112.584
109.131
106.528
104.598
103.192
102.183
101.471
100.976
100.639
100.412
100.261
100.164
100.101
100.061
100.037
100.022
100.013
100.007
100.004
100.002
100.001
100.001
100
100
100
100
100
100
100
100
100
100
100
100
100
100
100
100
100
100
100
100
100
100
100
100
100
100
100
100
100
100
100
100
100
100
100
100
100
100
384.255
353.038
322.624
293.504
266.102
240.76
217.726
197.148
179.078
163.482
150.25
139.214
130.166
122.871
117.09
112.584
109.131
106.528
104.598
103.192
102.183
101.471
100.976
100.639
100.412
100.261
100.164
100.101
100.061
100.037
100.022
100.013
100.007
100.004
100.002
100.001
100.001
100
100
100
100
100
100
100
100
100
100
100
100
100
100
100
100
100
100
100
100
100
100
100
100
100
100
100
100
100
100
100
100
100
100
100
100
100
100
384.255
353.038
322.624
293.504
266.102
240.76
217.726
197.148
179.078
163.482
150.25
139.214
130.166
122.871
117.09
112.584
109.131
106.528
104.598
103.192
102.183
101.471
100.976
100.639
100.412
100.261
100.164
100.101
100.061
100.037
100.022
100.013
100.007
100.004
100.002
100.001
100.001
100
100
100
100
100
100
100
100
100
100
100
100
100
100
100
100
100
100
100
100
100
100
100
100
100
100
100
100
100
100
100
100
100
100
100
100
100
100
384.255
353.038
322.624
293.504
266.102
240.76
217.726
197.148
179.078
163.482
150.25
139.214
130.166
122.871
117.09
112.584
109.131
106.528
104.598
103.192
102.183
101.471
100.976
100.639
100.412
100.261
100.164
100.101
100.061
100.037
100.022
100.013
100.007
100.004
100.002
100.001
100.001
100
100
100
100
100
100
100
100
100
100
100
100
100
100
100
100
100
100
100
100
100
100
100
100
100
100
100
100
100
100
100
100
100
100
100
100
100
100
384.255
353.038
322.624
293.504
266.102
240.76
217.726
197.148
179.078
163.482
150.25
139.214
130.166
122.871
117.09
112.584
109.131
106.528
104.598
103.192
102.183
101.471
100.976
100.639
100.412
100.261
100.164
100.101
100.061
100.037
100.022
100.013
100.007
100.004
100.002
100.001
100.001
100
100
100
100
100
100
100
100
100
100
100
100
100
100
100
100
100
100
100
100
100
100
100
100
100
100
100
100
100
100
100
100
100
100
100
100
100
100
384.255
353.038
322.624
293.504
266.102
240.76
217.726
197.148
179.078
163.482
150.25
139.214
130.166
122.871
117.09
112.584
109.131
106.528
104.598
103.192
102.183
101.471
100.976
100.639
100.412
100.261
100.164
100.101
100.061
100.037
100.022
100.013
100.007
100.004
100.002
100.001
100.001
100
100
100
100
100
100
100
100
100
100
100
100
100
100
100
100
100
100
100
100
100
100
100
100
100
100
100
100
100
100
100
100
100
100
100
100
100
100
384.255
353.038
322.624
293.504
266.102
240.76
217.726
197.148
179.078
163.482
150.25
139.214
130.166
122.871
117.09
112.584
109.131
106.528
104.598
103.192
102.183
101.471
100.976
100.639
100.412
100.261
100.164
100.101
100.061
100.037
100.022
100.013
100.007
100.004
100.002
100.001
100.001
100
100
100
100
100
100
100
100
100
100
100
100
100
100
100
100
100
100
100
100
100
100
100
100
100
100
100
100
100
100
100
100
100
100
100
100
100
100
384.255
353.038
322.624
293.504
266.102
240.76
217.726
197.148
179.078
163.482
150.25
139.214
130.166
122.871
117.09
112.584
109.131
106.528
104.598
103.192
102.183
101.471
100.976
100.639
100.412
100.261
100.164
100.101
100.061
100.037
100.022
100.013
100.007
100.004
100.002
100.001
100.001
100
100
100
100
100
100
100
100
100
100
100
100
100
100
100
100
100
100
100
100
100
100
100
100
100
100
100
100
100
100
100
100
100
100
100
100
100
100
384.255
353.038
322.624
293.504
266.102
240.76
217.726
197.148
179.078
163.482
150.25
139.214
130.166
122.871
117.09
112.584
109.131
106.528
104.598
103.192
102.183
101.471
100.976
100.639
100.412
100.261
100.164
100.101
100.061
100.037
100.022
100.013
100.007
100.004
100.002
100.001
100.001
100
100
100
100
100
100
100
100
100
100
100
100
100
100
100
100
100
100
100
100
100
100
100
100
100
100
100
100
100
100
100
100
100
100
100
100
100
100
384.255
353.038
322.624
293.504
266.102
240.76
217.726
197.148
179.078
163.482
150.25
139.214
130.166
122.871
117.09
112.584
109.131
106.528
104.598
103.192
102.183
101.471
100.976
100.639
100.412
100.261
100.164
100.101
100.061
100.037
100.022
100.013
100.007
100.004
100.002
100.001
100.001
100
100
100
100
100
100
100
100
100
100
100
100
100
100
100
100
100
100
100
100
100
100
100
100
100
100
100
100
100
100
100
100
100
100
100
100
100
100
384.255
353.038
322.624
293.504
266.102
240.76
217.726
197.148
179.078
163.482
150.25
139.214
130.166
122.871
117.09
112.584
109.131
106.528
104.598
103.192
102.183
101.471
100.976
100.639
100.412
100.261
100.164
100.101
100.061
100.037
100.022
100.013
100.007
100.004
100.002
100.001
100.001
100
100
100
100
100
100
100
100
100
100
100
100
100
100
100
100
100
100
100
100
100
100
100
100
100
100
100
100
100
100
100
100
100
100
100
100
100
100
384.255
353.038
322.624
293.504
266.102
240.76
217.726
197.148
179.078
163.482
150.25
139.214
130.166
122.871
117.09
112.584
109.131
106.528
104.598
103.192
102.183
101.471
100.976
100.639
100.412
100.261
100.164
100.101
100.061
100.037
100.022
100.013
100.007
100.004
100.002
100.001
100.001
100
100
100
100
100
100
100
100
100
100
100
100
100
100
100
100
100
100
100
100
100
100
100
100
100
100
100
100
100
100
100
100
100
100
100
100
100
100
384.255
353.038
322.624
293.504
266.102
240.76
217.726
197.148
179.078
163.482
150.25
139.214
130.166
122.871
117.09
112.584
109.131
106.528
104.598
103.192
102.183
101.471
100.976
100.639
100.412
100.261
100.164
100.101
100.061
100.037
100.022
100.013
100.007
100.004
100.002
100.001
100.001
100
100
100
100
100
100
100
100
100
100
100
100
100
100
100
100
100
100
100
100
100
100
100
100
100
100
100
100
100
100
100
100
100
100
100
100
100
100
384.255
353.038
322.624
293.504
266.102
240.76
217.726
197.148
179.078
163.482
150.25
139.214
130.166
122.871
117.09
112.584
109.131
106.528
104.598
103.192
102.183
101.471
100.976
100.639
100.412
100.261
100.164
100.101
100.061
100.037
100.022
100.013
100.007
100.004
100.002
100.001
100.001
100
100
100
100
100
100
100
100
100
100
100
100
100
100
100
100
100
100
100
100
100
100
100
100
100
100
100
100
100
100
100
100
100
100
100
100
100
100
384.255
353.038
322.624
293.504
266.102
240.76
217.726
197.148
179.078
163.482
150.25
139.214
130.166
122.871
117.09
112.584
109.131
106.528
104.598
103.192
102.183
101.471
100.976
100.639
100.412
100.261
100.164
100.101
100.061
100.037
100.022
100.013
100.007
100.004
100.002
100.001
100.001
100
100
100
100
100
100
100
100
100
100
100
100
100
100
100
100
100
100
100
100
100
100
100
100
100
100
100
100
100
100
100
100
100
100
100
100
100
100
384.255
353.038
322.624
293.504
266.102
240.76
217.726
197.148
179.078
163.482
150.25
139.214
130.166
122.871
117.09
112.584
109.131
106.528
104.598
103.192
102.183
101.471
100.976
100.639
100.412
100.261
100.164
100.101
100.061
100.037
100.022
100.013
100.007
100.004
100.002
100.001
100.001
100
100
100
100
100
100
100
100
100
100
100
100
100
100
100
100
100
100
100
100
100
100
100
100
100
100
100
100
100
100
100
100
100
100
100
100
100
100
384.255
353.038
322.624
293.504
266.102
240.76
217.726
197.148
179.078
163.482
150.25
139.214
130.166
122.871
117.09
112.584
109.131
106.528
104.598
103.192
102.183
101.471
100.976
100.639
100.412
100.261
100.164
100.101
100.061
100.037
100.022
100.013
100.007
100.004
100.002
100.001
100.001
100
100
100
100
100
100
100
100
100
100
100
100
100
100
100
100
100
100
100
100
100
100
100
100
100
100
100
100
100
100
100
100
100
100
100
100
100
100
384.255
353.038
322.624
293.504
266.102
240.76
217.726
197.148
179.078
163.482
150.25
139.214
130.166
122.871
117.09
112.584
109.131
106.528
104.598
103.192
102.183
101.471
100.976
100.639
100.412
100.261
100.164
100.101
100.061
100.037
100.022
100.013
100.007
100.004
100.002
100.001
100.001
100
100
100
100
100
100
100
100
100
100
100
100
100
100
100
100
100
100
100
100
100
100
100
100
100
100
100
100
100
100
100
100
100
100
100
100
100
100
384.255
353.038
322.624
293.504
266.102
240.76
217.726
197.147
179.078
163.482
150.25
139.214
130.166
122.871
117.09
112.584
109.13
106.528
104.598
103.192
102.183
101.471
100.976
100.639
100.412
100.261
100.164
100.101
100.061
100.037
100.022
100.013
100.007
100.004
100.002
100.001
100.001
100
100
100
100
100
100
100
100
100
100
100
100
100
100
100
100
100
100
100
100
100
100
100
100
100
100
100
100
100
100
100
100
100
100
100
100
100
100
384.255
353.038
322.624
293.504
266.102
240.76
217.725
197.147
179.078
163.482
150.25
139.214
130.165
122.871
117.09
112.584
109.13
106.528
104.598
103.192
102.183
101.471
100.976
100.639
100.412
100.261
100.164
100.101
100.061
100.037
100.022
100.013
100.007
100.004
100.002
100.001
100.001
100
100
100
100
100
100
100
100
100
100
100
100
100
100
100
100
100
100
100
100
100
100
100
100
100
100
100
100
100
100
100
100
100
100
100
100
100
100
384.255
353.038
322.624
293.503
266.101
240.759
217.725
197.147
179.077
163.481
150.25
139.214
130.165
122.871
117.089
112.584
109.13
106.528
104.598
103.192
102.183
101.471
100.976
100.639
100.412
100.261
100.164
100.101
100.061
100.037
100.022
100.013
100.007
100.004
100.002
100.001
100.001
100
100
100
100
100
100
100
100
100
100
100
100
100
100
100
100
100
100
100
100
100
100
100
100
100
100
100
100
100
100
100
100
100
100
100
100
100
100
384.255
353.037
322.623
293.503
266.101
240.758
217.724
197.146
179.077
163.481
150.249
139.213
130.165
122.87
117.089
112.583
109.13
106.527
104.598
103.192
102.183
101.471
100.976
100.639
100.412
100.261
100.164
100.101
100.061
100.037
100.022
100.013
100.007
100.004
100.002
100.001
100.001
100
100
100
100
100
100
100
100
100
100
100
100
100
100
100
100
100
100
100
100
100
100
100
100
100
100
100
100
100
100
100
100
100
100
100
100
100
100
384.255
353.037
322.623
293.502
266.099
240.757
217.723
197.144
179.075
163.479
150.248
139.212
130.164
122.87
117.088
112.583
109.13
106.527
104.598
103.191
102.182
101.471
100.976
100.639
100.412
100.261
100.164
100.101
100.061
100.037
100.022
100.013
100.007
100.004
100.002
100.001
100.001
100
100
100
100
100
100
100
100
100
100
100
100
100
100
100
100
100
100
100
100
100
100
100
100
100
100
100
100
100
100
100
100
100
100
100
100
100
100
384.254
353.036
322.621
293.5
266.097
240.755
217.72
197.142
179.073
163.477
150.246
139.21
130.162
122.868
117.087
112.582
109.129
106.527
104.598
103.191
102.182
101.47
100.976
100.639
100.412
100.261
100.164
100.101
100.061
100.037
100.022
100.013
100.007
100.004
100.002
100.001
100.001
100
100
100
100
100
100
100
100
100
100
100
100
100
100
100
100
100
100
100
100
100
100
100
100
100
100
100
100
100
100
100
100
100
100
100
100
100
100
384.254
353.035
322.619
293.497
266.094
240.751
217.716
197.138
179.069
163.474
150.243
139.208
130.16
122.866
117.086
112.581
109.128
106.526
104.597
103.191
102.182
101.47
100.976
100.638
100.412
100.261
100.164
100.101
100.061
100.037
100.022
100.013
100.007
100.004
100.002
100.001
100.001
100
100
100
100
100
100
100
100
100
100
100
100
100
100
100
100
100
100
100
100
100
100
100
100
100
100
100
100
100
100
100
100
100
100
100
100
100
100
384.253
353.032
322.616
293.492
266.088
240.745
217.71
197.132
179.063
163.468
150.237
139.203
130.156
122.863
117.083
112.579
109.126
106.525
104.596
103.19
102.181
101.47
100.976
100.638
100.411
100.261
100.163
100.101
100.061
100.037
100.022
100.013
100.007
100.004
100.002
100.001
100.001
100
100
100
100
100
100
100
100
100
100
100
100
100
100
100
100
100
100
100
100
100
100
100
100
100
100
100
100
100
100
100
100
100
100
100
100
100
100
384.252
353.029
322.61
293.485
266.079
240.735
217.699
197.121
179.053
163.459
150.229
139.196
130.15
122.858
117.079
112.575
109.124
106.523
104.595
103.189
102.181
101.469
100.975
100.638
100.411
100.261
100.163
100.101
100.061
100.037
100.022
100.013
100.007
100.004
100.002
100.001
100.001
100
100
100
100
100
100
100
100
100
100
100
100
100
100
100
100
100
100
100
100
100
100
100
100
100
100
100
100
100
100
100
100
100
100
100
100
100
100
384.25
353.023
322.6
293.472
266.064
240.719
217.682
197.104
179.037
163.444
150.216
139.184
130.14
122.85
117.072
112.57
109.12
106.52
104.592
103.187
102.179
101.468
100.975
100.638
100.411
100.261
100.163
100.101
100.061
100.037
100.022
100.013
100.007
100.004
100.002
100.001
100.001
100
100
100
100
100
100
100
100
100
100
100
100
100
100
100
100
100
100
100
100
100
100
100
100
100
100
100
100
100
100
100
100
100
100
100
100
100
100
384.247
353.013
322.585
293.452
266.041
240.693
217.656
197.078
179.011
163.42
150.195
139.166
130.124
122.837
117.062
112.562
109.113
106.515
104.589
103.185
102.178
101.467
100.974
100.637
100.411
100.261
100.163
100.101
100.061
100.037
100.022
100.013
100.007
100.004
100.002
100.001
100.001
100
100
100
100
100
100
100
100
100
100
100
100
100
100
100
100
100
100
100
100
100
100
100
100
100
100
100
100
100
100
100
100
100
100
100
100
100
100
384.242
352.998
322.561
293.421
266.004
240.652
217.614
197.036
178.972
163.384
150.162
139.137
130.1
122.817
117.046
112.549
109.104
106.507
104.583
103.181
102.175
101.465
100.973
100.636
100.41
100.26
100.163
100.1
100.061
100.037
100.022
100.012
100.007
100.004
100.002
100.001
100.001
100
100
100
100
100
100
100
100
100
100
100
100
100
100
100
100
100
100
100
100
100
100
100
100
100
100
100
100
100
100
100
100
100
100
100
100
100
100
384.234
352.975
322.524
293.372
265.947
240.59
217.549
196.973
178.911
163.328
150.112
139.094
130.064
122.787
117.022
112.53
109.089
106.496
104.575
103.175
102.171
101.462
100.971
100.635
100.409
100.26
100.163
100.1
100.061
100.036
100.021
100.012
100.007
100.004
100.002
100.001
100.001
100
100
100
100
100
100
100
100
100
100
100
100
100
100
100
100
100
100
100
100
100
100
100
100
100
100
100
100
100
100
100
100
100
100
100
100
100
100
384.221
352.939
322.467
293.298
265.859
240.495
217.451
196.876
178.819
163.244
150.038
139.03
130.009
122.742
116.986
112.502
109.067
106.48
104.563
103.166
102.164
101.458
100.968
100.633
100.408
100.259
100.162
100.1
100.061
100.036
100.021
100.012
100.007
100.004
100.002
100.001
100.001
100
100
100
100
100
100
100
100
100
100
100
100
100
100
100
100
100
100
100
100
100
100
100
100
100
100
100
100
100
100
100
100
100
100
100
100
100
100
384.203
352.884
322.379
293.184
265.727
240.351
217.303
196.73
178.682
163.119
149.927
138.934
129.929
122.677
116.934
112.461
109.036
106.457
104.546
103.154
102.156
101.452
100.963
100.63
100.406
100.258
100.161
100.099
100.06
100.036
100.021
100.012
100.007
100.004
100.002
100.001
100.001
100
100
100
100
100
100
100
100
100
100
100
100
100
100
100
100
100
100
100
100
100
100
100
100
100
100
100
100
100
100
100
100
100
100
100
100
100
100
384.174
352.801
322.248
293.014
265.528
240.135
217.083
196.515
178.479
162.934
149.764
138.795
129.813
122.582
116.858
112.402
108.991
106.423
104.521
103.136
102.143
101.443
100.958
100.626
100.403
100.256
100.16
100.099
100.06
100.036
100.021
100.012
100.007
100.004
100.002
100.001
100.001
100
100
100
100
100
100
100
100
100
100
100
100
100
100
100
100
100
100
100
100
100
100
100
100
100
100
100
100
100
100
100
100
100
100
100
100
100
100
384.132
352.678
322.053
292.76
265.234
239.818
216.759
196.2
178.184
162.667
149.53
138.595
129.647
122.447
116.751
112.319
108.928
106.376
104.487
103.111
102.126
101.431
100.949
100.621
100.4
100.254
100.159
100.098
100.059
100.036
100.021
100.012
100.007
100.004
100.002
100.001
100.001
100
100
100
100
100
100
100
100
100
100
100
100
100
100
100
100
100
100
100
100
100
100
100
100
100
100
100
100
100
100
100
100
100
100
100
100
100
100
384.07
352.495
321.764
292.387
264.802
239.354
216.289
195.745
177.76
162.286
149.197
138.313
129.413
122.259
116.602
112.204
108.841
106.311
104.44
103.078
102.102
101.415
100.938
100.613
100.395
100.251
100.157
100.097
100.059
100.035
100.021
100.012
100.007
100.004
100.002
100.001
100.001
100
100
100
100
100
100
100
100
100
100
100
100
100
100
100
100
100
100
100
100
100
100
100
100
100
100
100
100
100
100
100
100
100
100
100
100
100
100
383.977
352.227
321.341
291.843
264.175
238.685
215.614
195.095
177.159
161.748
148.73
137.919
129.089
121.998
116.398
112.047
108.722
106.224
104.376
103.032
102.07
101.393
100.923
100.603
100.388
100.246
100.154
100.095
100.058
100.034
100.02
100.012
100.007
100.004
100.002
100.001
100.001
100
100
100
100
100
100
100
100
100
100
100
100
100
100
100
100
100
100
100
100
100
100
100
100
100
100
100
100
100
100
100
100
100
100
100
100
100
100
383.843
351.835
320.727
291.056
263.274
237.729
214.657
194.18
176.318
161.001
148.087
137.379
128.648
121.645
116.122
111.835
108.564
106.107
104.292
102.972
102.028
101.364
100.904
100.59
100.38
100.241
100.151
100.093
100.056
100.034
100.02
100.012
100.007
100.004
100.002
100.001
100.001
100
100
100
100
100
100
100
100
100
100
100
100
100
100
100
100
100
100
100
100
100
100
100
100
100
100
100
100
100
100
100
100
100
100
100
100
100
100
383.647
351.266
319.838
289.924
261.988
236.376
213.313
192.907
175.157
159.978
147.211
136.65
128.055
121.174
115.755
111.556
108.355
105.954
104.181
102.894
101.974
101.327
100.879
100.574
100.369
100.234
100.146
100.09
100.055
100.033
100.019
100.011
100.006
100.004
100.002
100.001
100.001
100
100
100
100
100
100
100
100
100
100
100
100
100
100
100
100
100
100
100
100
100
100
100
100
100
100
100
100
100
100
100
100
100
100
100
100
100
100
383.363
350.444
318.561
288.31
260.169
234.48
211.449
191.157
173.577
158.597
146.039
135.681
127.273
120.557
115.278
111.194
108.086
105.757
104.04
102.794
101.905
101.28
100.847
100.553
100.356
100.225
100.141
100.087
100.053
100.031
100.019
100.011
100.006
100.003
100.002
100.001
100.001
100
100
100
100
100
100
100
100
100
100
100
100
100
100
100
100
100
100
100
100
100
100
100
100
100
100
100
100
100
100
100
100
100
100
100
100
100
100
382.951
349.255
316.727
286.015
257.613
231.848
208.891
188.783
171.456
156.763
144.497
134.416
126.259
119.762
114.667
110.734
107.745
105.509
103.863
102.67
101.819
101.221
100.808
100.527
100.339
100.215
100.134
100.083
100.05
100.03
100.018
100.01
100.006
100.003
100.002
100.001
100.001
100
100
100
100
100
100
100
100
100
100
100
100
100
100
100
100
100
100
100
100
100
100
100
100
100
100
100
100
100
100
100
100
100
100
100
100
100
100
382.35
347.533
314.097
282.766
254.045
228.226
205.421
185.606
168.653
154.365
142.5
132.794
124.97
118.758
113.9
110.158
107.321
105.202
103.644
102.517
101.713
101.15
100.76
100.496
100.318
100.202
100.126
100.077
100.047
100.028
100.017
100.01
100.005
100.003
100.002
100.001
100
100
100
100
100
100
100
100
100
100
100
100
100
100
100
100
100
100
100
100
100
100
100
100
100
100
100
100
100
100
100
100
100
100
100
100
100
100
100
381.466
345.021
310.314
278.173
249.092
223.289
200.772
181.415
165.006
151.284
139.963
130.752
123.36
117.514
112.956
109.454
106.805
104.83
103.38
102.332
101.586
101.064
100.703
100.458
100.294
100.186
100.116
100.071
100.043
100.026
100.015
100.009
100.005
100.003
100.002
100.001
100
100
100
100
100
100
100
100
100
100
100
100
100
100
100
100
100
100
100
100
100
100
100
100
100
100
100
100
100
100
100
100
100
100
100
100
100
100
100
380.146
341.313
304.842
271.68
242.256
216.625
194.624
175.972
160.344
147.399
136.802
128.233
121.393
116.004
111.817
108.61
106.189
104.387
103.068
102.115
101.437
100.963
100.636
100.414
100.266
100.168
100.105
100.065
100.039
100.023
100.014
100.008
100.005
100.003
100.001
100.001
100
100
100
100
100
100
100
100
100
100
100
100
100
100
100
100
100
100
100
100
100
100
100
100
100
100
100
100
100
100
100
100
100
100
100
100
100
100
100
378.114
335.731
296.847
262.494
232.877
207.735
186.618
169.031
154.503
142.603
132.948
125.194
119.039
114.211
110.474
107.619
105.469
103.873
102.705
101.863
101.266
100.848
100.56
100.364
100.234
100.148
100.092
100.057
100.034
100.02
100.012
100.007
100.004
100.002
100.001
100.001
100
100
100
100
100
100
100
100
100
100
100
100
100
100
100
100
100
100
100
100
100
100
100
100
100
100
100
100
100
100
100
100
100
100
100
100
100
100
100
374.84
327.078
285.006
249.486
220.117
196.045
176.385
160.364
147.347
136.818
128.357
121.612
116.288
112.132
108.925
106.483
104.648
103.288
102.294
101.579
101.072
100.717
100.473
100.308
100.197
100.125
100.078
100.048
100.029
100.017
100.01
100.006
100.003
100.002
100.001
100.001
100
100
100
100
100
100
100
100
100
100
100
100
100
100
100
100
100
100
100
100
100
100
100
100
100
100
100
100
100
100
100
100
100
100
100
100
100
100
100
369.129
313.093
267.189
231.096
202.978
180.973
163.611
149.813
138.805
130.02
123.029
117.497
113.154
109.777
107.181
105.209
103.73
102.636
101.838
101.264
100.858
100.574
100.378
100.246
100.158
100.1
100.062
100.038
100.023
100.014
100.008
100.005
100.003
100.001
100.001
100
100
100
100
100
100
100
100
100
100
100
100
100
100
100
100
100
100
100
100
100
100
100
100
100
100
100
100
100
100
100
100
100
100
100
100
100
100
100
100
357.811
289.26
240.021
205.341
180.457
162.079
148.143
137.363
128.92
122.267
117.021
112.897
109.676
107.18
105.266
103.816
102.73
101.928
101.343
100.923
100.626
100.419
100.276
100.179
100.115
100.073
100.045
100.028
100.017
100.01
100.006
100.003
100.002
100.001
100.001
100
100
100
100
100
100
100
100
100
100
100
100
100
100
100
100
100
100
100
100
100
100
100
100
100
100
100
100
100
100
100
100
100
100
100
100
100
100
100
100
330.736
246.324
198.626
170.235
151.96
139.339
130.152
123.223
117.882
113.718
110.458
107.908
105.924
104.39
103.217
102.329
101.665
101.175
100.819
100.562
100.381
100.255
100.168
100.109
100.07
100.044
100.028
100.017
100.01
100.006
100.004
100.002
100.001
100.001
100
100
100
100
100
100
100
100
100
100
100
100
100
100
100
100
100
100
100
100
100
100
100
100
100
100
100
100
100
100
100
100
100
100
100
100
100
100
100
100
100
249.587
166.799
138.128
125.281
118.132
113.528
110.287
107.887
106.055
104.636
103.529
102.666
101.995
101.478
101.082
100.783
100.56
100.395
100.275
100.189
100.128
100.086
100.056
100.037
100.023
100.015
100.009
100.006
100.003
100.002
100.001
100.001
100
100
100
100
100
100
100
100
100
100
100
100
100
100
100
100
100
100
100
100
100
100
100
100
100
100
100
100
100
100
100
100
100
100
100
100
100
100
100
100
100
100
100
)
;

boundaryField
{
    upperwall
    {
        type            fixedValue;
        value           uniform 400;
    }
    rightwall
    {
        type            fixedValue;
        value           uniform 100;
    }
    leftwall
    {
        type            fixedValue;
        value           uniform 100;
    }
    bottomwall
    {
        type            fixedValue;
        value           uniform 100;
    }
    frontandback
    {
        type            empty;
    }
}


// ************************************************************************* //
