/*--------------------------------*- C++ -*----------------------------------*\
  =========                 |
  \\      /  F ield         | OpenFOAM: The Open Source CFD Toolbox
   \\    /   O peration     | Website:  https://openfoam.org
    \\  /    A nd           | Version:  10
     \\/     M anipulation  |
\*---------------------------------------------------------------------------*/
FoamFile
{
    format      ascii;
    class       volScalarField;
    location    "146";
    object      T;
}
// * * * * * * * * * * * * * * * * * * * * * * * * * * * * * * * * * * * * * //

dimensions      [0 0 0 1 0 0 0];

internalField   nonuniform List<scalar> 
11250
(
249.635
166.942
138.358
125.587
118.501
113.943
110.732
108.344
106.51
105.075
103.941
103.043
102.332
101.772
101.334
100.994
100.733
100.535
100.386
100.275
100.193
100.135
100.092
100.063
100.042
100.028
100.018
100.012
100.007
100.005
100.003
100.002
100.001
100.001
100
100
100
100
100
100
100
100
100
100
100
100
100
100
100
100
100
100
100
100
100
100
100
100
100
100
100
100
100
100
100
100
100
100
100
100
100
100
100
100
100
330.88
246.749
199.312
171.149
153.061
140.579
131.479
124.588
119.24
115.028
111.687
109.033
106.929
105.269
103.969
102.959
102.183
101.592
101.148
100.818
100.576
100.401
100.276
100.187
100.125
100.083
100.054
100.035
100.022
100.014
100.009
100.005
100.003
100.002
100.001
100.001
100
100
100
100
100
100
100
100
100
100
100
100
100
100
100
100
100
100
100
100
100
100
100
100
100
100
100
100
100
100
100
100
100
100
100
100
100
100
100
358.049
289.962
241.152
206.849
182.272
164.123
150.331
139.614
131.158
124.427
119.048
114.752
111.333
108.629
106.506
104.855
103.583
102.615
101.887
101.345
100.948
100.66
100.453
100.308
100.206
100.137
100.089
100.058
100.037
100.023
100.014
100.009
100.005
100.003
100.002
100.001
100.001
100
100
100
100
100
100
100
100
100
100
100
100
100
100
100
100
100
100
100
100
100
100
100
100
100
100
100
100
100
100
100
100
100
100
100
100
100
100
369.457
314.059
268.748
233.173
205.478
183.789
166.626
152.915
141.889
132.995
125.821
120.052
115.438
111.774
108.889
106.64
104.906
103.584
102.587
101.846
101.301
100.906
100.623
100.423
100.284
100.188
100.123
100.079
100.051
100.032
100.02
100.012
100.007
100.004
100.003
100.001
100.001
100
100
100
100
100
100
100
100
100
100
100
100
100
100
100
100
100
100
100
100
100
100
100
100
100
100
100
100
100
100
100
100
100
100
100
100
100
100
375.252
328.294
286.968
252.101
223.265
199.589
180.181
164.269
151.229
140.563
131.872
124.829
119.164
114.645
111.075
108.285
106.128
104.481
103.237
102.311
101.63
101.135
100.781
100.531
100.356
100.236
100.154
100.1
100.063
100.04
100.025
100.015
100.009
100.006
100.003
100.002
100.001
100.001
100
100
100
100
100
100
100
100
100
100
100
100
100
100
100
100
100
100
100
100
100
100
100
100
100
100
100
100
100
100
100
100
100
100
100
100
100
378.605
337.18
299.184
265.609
236.626
211.956
191.139
173.683
159.127
147.064
137.135
129.026
122.464
117.205
113.035
109.766
107.233
105.294
103.829
102.736
101.931
101.346
100.926
100.63
100.422
100.28
100.183
100.118
100.075
100.047
100.03
100.018
100.011
100.007
100.004
100.002
100.001
100.001
100
100
100
100
100
100
100
100
100
100
100
100
100
100
100
100
100
100
100
100
100
100
100
100
100
100
100
100
100
100
100
100
100
100
100
100
100
380.709
342.974
307.521
275.251
246.555
221.466
199.808
181.306
165.647
152.514
141.603
132.627
125.32
119.437
114.754
111.071
108.211
106.017
104.356
103.115
102.2
101.534
101.057
100.719
100.483
100.32
100.209
100.135
100.086
100.054
100.034
100.021
100.013
100.007
100.004
100.003
100.001
100.001
100
100
100
100
100
100
100
100
100
100
100
100
100
100
100
100
100
100
100
100
100
100
100
100
100
100
100
100
100
100
100
100
100
100
100
100
100
382.094
346.873
313.302
282.154
253.886
228.686
206.552
187.362
170.918
156.987
145.316
135.651
127.74
121.342
116.231
112.199
109.06
106.647
104.817
103.448
102.437
101.701
101.172
100.798
100.536
100.355
100.233
100.15
100.096
100.06
100.038
100.023
100.014
100.008
100.005
100.003
100.002
100.001
100.001
100
100
100
100
100
100
100
100
100
100
100
100
100
100
100
100
100
100
100
100
100
100
100
100
100
100
100
100
100
100
100
100
100
100
100
100
383.035
349.554
317.357
287.111
259.276
234.115
211.73
192.096
175.105
160.589
148.342
138.141
129.749
122.936
117.474
113.154
109.782
107.185
105.212
103.734
102.641
101.845
101.272
100.866
100.582
100.386
100.253
100.164
100.104
100.066
100.041
100.025
100.015
100.009
100.005
100.003
100.002
100.001
100.001
100
100
100
100
100
100
100
100
100
100
100
100
100
100
100
100
100
100
100
100
100
100
100
100
100
100
100
100
100
100
100
100
100
100
100
100
383.685
351.424
320.225
290.676
263.225
238.166
215.659
195.746
178.378
163.44
150.764
140.153
131.387
124.244
118.502
113.948
110.385
107.637
105.545
103.976
102.815
101.967
101.357
100.925
100.622
100.413
100.27
100.175
100.112
100.07
100.044
100.027
100.016
100.01
100.006
100.003
100.002
100.001
100.001
100
100
100
100
100
100
100
100
100
100
100
100
100
100
100
100
100
100
100
100
100
100
100
100
100
100
100
100
100
100
100
100
100
100
100
100
384.141
352.739
322.261
293.242
266.107
241.166
218.61
198.524
180.902
165.663
152.672
141.751
132.699
125.3
119.336
114.596
110.88
108.009
105.821
104.177
102.959
102.069
101.429
100.974
100.655
100.435
100.285
100.185
100.118
100.074
100.046
100.028
100.017
100.01
100.006
100.004
100.002
100.001
100.001
100
100
100
100
100
100
100
100
100
100
100
100
100
100
100
100
100
100
100
100
100
100
100
100
100
100
100
100
100
100
100
100
100
100
100
100
384.461
353.667
323.711
295.085
268.201
243.372
220.806
200.615
182.822
167.371
154.151
143.002
133.733
126.138
120.002
115.115
111.279
108.31
106.045
104.341
103.077
102.153
101.487
101.014
100.683
100.453
100.297
100.192
100.123
100.078
100.048
100.03
100.018
100.011
100.006
100.004
100.002
100.001
100.001
100
100
100
100
100
100
100
100
100
100
100
100
100
100
100
100
100
100
100
100
100
100
100
100
100
100
100
100
100
100
100
100
100
100
100
100
384.686
354.324
324.741
296.406
269.715
244.982
222.425
202.172
184.264
168.666
155.282
143.965
134.535
126.791
120.524
115.526
111.596
108.55
106.224
104.472
103.172
102.221
101.535
101.047
100.705
100.469
100.307
100.199
100.127
100.08
100.05
100.031
100.019
100.011
100.007
100.004
100.002
100.001
100.001
100
100
100
100
100
100
100
100
100
100
100
100
100
100
100
100
100
100
100
100
100
100
100
100
100
100
100
100
100
100
100
100
100
100
100
100
384.845
354.788
325.472
297.348
270.803
246.148
223.607
203.318
185.335
169.635
156.134
144.696
135.147
127.294
120.928
115.844
111.842
108.738
106.364
104.576
103.247
102.275
101.573
101.073
100.723
100.481
100.315
100.204
100.131
100.082
100.051
100.032
100.019
100.011
100.007
100.004
100.002
100.001
100.001
100
100
100
100
100
100
100
100
100
100
100
100
100
100
100
100
100
100
100
100
100
100
100
100
100
100
100
100
100
100
100
100
100
100
100
100
384.957
355.114
325.988
298.016
271.579
246.986
224.463
204.154
186.121
170.351
156.768
145.243
135.608
127.674
121.236
116.088
112.032
108.883
106.473
104.656
103.306
102.317
101.602
101.094
100.737
100.49
100.322
100.208
100.133
100.084
100.052
100.032
100.02
100.012
100.007
100.004
100.002
100.001
100.001
100
100
100
100
100
100
100
100
100
100
100
100
100
100
100
100
100
100
100
100
100
100
100
100
100
100
100
100
100
100
100
100
100
100
100
100
385.035
355.343
326.351
298.488
272.129
247.582
225.076
204.756
186.691
170.874
157.234
145.647
135.951
127.958
121.466
116.271
112.175
108.993
106.556
104.718
103.351
102.349
101.625
101.11
100.748
100.497
100.327
100.212
100.135
100.085
100.053
100.033
100.02
100.012
100.007
100.004
100.002
100.001
100.001
100
100
100
100
100
100
100
100
100
100
100
100
100
100
100
100
100
100
100
100
100
100
100
100
100
100
100
100
100
100
100
100
100
100
100
100
385.089
355.502
326.604
298.818
272.516
248.004
225.511
205.186
187.1
171.251
157.571
145.941
136.201
128.166
121.636
116.407
112.282
109.075
106.618
104.764
103.385
102.373
101.642
101.122
100.756
100.503
100.33
100.214
100.137
100.086
100.054
100.033
100.02
100.012
100.007
100.004
100.002
100.001
100.001
100
100
100
100
100
100
100
100
100
100
100
100
100
100
100
100
100
100
100
100
100
100
100
100
100
100
100
100
100
100
100
100
100
100
100
100
385.127
355.612
326.779
299.047
272.786
248.299
225.816
205.489
187.39
171.519
157.813
146.153
136.382
128.318
121.76
116.507
112.36
109.135
106.664
104.798
103.41
102.391
101.655
101.131
100.762
100.507
100.333
100.216
100.138
100.087
100.054
100.033
100.02
100.012
100.007
100.004
100.002
100.001
100.001
100
100
100
100
100
100
100
100
100
100
100
100
100
100
100
100
100
100
100
100
100
100
100
100
100
100
100
100
100
100
100
100
100
100
100
100
385.153
355.687
326.899
299.205
272.972
248.503
226.029
205.701
187.593
171.708
157.983
146.303
136.511
128.426
121.849
116.578
112.417
109.179
106.698
104.823
103.428
102.405
101.665
101.137
100.767
100.51
100.335
100.217
100.139
100.088
100.055
100.034
100.02
100.012
100.007
100.004
100.002
100.001
100.001
100
100
100
100
100
100
100
100
100
100
100
100
100
100
100
100
100
100
100
100
100
100
100
100
100
100
100
100
100
100
100
100
100
100
100
100
385.17
355.738
326.981
299.312
273.099
248.643
226.175
205.847
187.734
171.84
158.103
146.408
136.602
128.503
121.912
116.629
112.457
109.211
106.722
104.841
103.442
102.414
101.672
101.142
100.77
100.513
100.337
100.218
100.14
100.088
100.055
100.034
100.021
100.012
100.007
100.004
100.002
100.001
100.001
100
100
100
100
100
100
100
100
100
100
100
100
100
100
100
100
100
100
100
100
100
100
100
100
100
100
100
100
100
100
100
100
100
100
100
100
385.182
355.773
327.036
299.385
273.185
248.738
226.274
205.947
187.831
171.93
158.185
146.481
136.665
128.556
121.956
116.665
112.486
109.233
106.739
104.854
103.451
102.421
101.677
101.146
100.773
100.514
100.338
100.219
100.14
100.088
100.055
100.034
100.021
100.012
100.007
100.004
100.002
100.001
100.001
100
100
100
100
100
100
100
100
100
100
100
100
100
100
100
100
100
100
100
100
100
100
100
100
100
100
100
100
100
100
100
100
100
100
100
100
385.19
355.796
327.073
299.434
273.243
248.802
226.341
206.014
187.896
171.992
158.241
146.531
136.708
128.593
121.987
116.69
112.505
109.248
106.751
104.863
103.458
102.426
101.68
101.148
100.774
100.515
100.339
100.22
100.14
100.089
100.055
100.034
100.021
100.012
100.007
100.004
100.002
100.001
100.001
100
100
100
100
100
100
100
100
100
100
100
100
100
100
100
100
100
100
100
100
100
100
100
100
100
100
100
100
100
100
100
100
100
100
100
100
385.195
355.811
327.098
299.466
273.281
248.844
226.386
206.059
187.94
172.033
158.279
146.564
136.738
128.617
122.007
116.707
112.519
109.259
106.759
104.869
103.462
102.429
101.682
101.15
100.776
100.516
100.339
100.22
100.141
100.089
100.055
100.034
100.021
100.012
100.007
100.004
100.002
100.001
100.001
100
100
100
100
100
100
100
100
100
100
100
100
100
100
100
100
100
100
100
100
100
100
100
100
100
100
100
100
100
100
100
100
100
100
100
100
385.198
355.821
327.114
299.487
273.306
248.872
226.415
206.089
187.969
172.06
158.304
146.587
136.757
128.634
122.021
116.718
112.528
109.266
106.764
104.873
103.465
102.432
101.684
101.151
100.776
100.517
100.339
100.22
100.141
100.089
100.055
100.034
100.021
100.012
100.007
100.004
100.002
100.001
100.001
100
100
100
100
100
100
100
100
100
100
100
100
100
100
100
100
100
100
100
100
100
100
100
100
100
100
100
100
100
100
100
100
100
100
100
100
385.2
355.828
327.124
299.501
273.322
248.89
226.435
206.108
187.988
172.078
158.32
146.602
136.77
128.645
122.03
116.725
112.534
109.271
106.768
104.876
103.467
102.433
101.685
101.152
100.777
100.517
100.34
100.22
100.141
100.089
100.055
100.034
100.021
100.012
100.007
100.004
100.002
100.001
100.001
100
100
100
100
100
100
100
100
100
100
100
100
100
100
100
100
100
100
100
100
100
100
100
100
100
100
100
100
100
100
100
100
100
100
100
100
385.202
355.832
327.131
299.51
273.333
248.902
226.447
206.121
188
172.09
158.331
146.611
136.778
128.652
122.036
116.73
112.538
109.274
106.77
104.878
103.469
102.434
101.686
101.152
100.777
100.517
100.34
100.22
100.141
100.089
100.055
100.034
100.021
100.012
100.007
100.004
100.002
100.001
100.001
100
100
100
100
100
100
100
100
100
100
100
100
100
100
100
100
100
100
100
100
100
100
100
100
100
100
100
100
100
100
100
100
100
100
100
100
385.203
355.835
327.135
299.515
273.34
248.909
226.455
206.129
188.008
172.097
158.338
146.617
136.784
128.657
122.04
116.733
112.54
109.276
106.772
104.879
103.47
102.435
101.686
101.153
100.777
100.518
100.34
100.22
100.141
100.089
100.056
100.034
100.021
100.012
100.007
100.004
100.002
100.001
100.001
100
100
100
100
100
100
100
100
100
100
100
100
100
100
100
100
100
100
100
100
100
100
100
100
100
100
100
100
100
100
100
100
100
100
100
100
385.203
355.836
327.137
299.519
273.344
248.914
226.46
206.134
188.013
172.102
158.342
146.621
136.787
128.66
122.043
116.736
112.542
109.277
106.773
104.88
103.47
102.435
101.687
101.153
100.778
100.518
100.34
100.221
100.141
100.089
100.056
100.034
100.021
100.012
100.007
100.004
100.002
100.001
100.001
100
100
100
100
100
100
100
100
100
100
100
100
100
100
100
100
100
100
100
100
100
100
100
100
100
100
100
100
100
100
100
100
100
100
100
100
385.204
355.837
327.139
299.521
273.346
248.917
226.463
206.137
188.016
172.105
158.345
146.624
136.789
128.662
122.044
116.737
112.543
109.278
106.774
104.881
103.471
102.436
101.687
101.153
100.778
100.518
100.34
100.221
100.141
100.089
100.056
100.034
100.021
100.012
100.007
100.004
100.002
100.001
100.001
100
100
100
100
100
100
100
100
100
100
100
100
100
100
100
100
100
100
100
100
100
100
100
100
100
100
100
100
100
100
100
100
100
100
100
100
385.204
355.838
327.14
299.522
273.348
248.919
226.465
206.139
188.018
172.107
158.346
146.625
136.791
128.663
122.045
116.738
112.544
109.279
106.774
104.881
103.471
102.436
101.687
101.153
100.778
100.518
100.34
100.221
100.141
100.089
100.056
100.034
100.021
100.012
100.007
100.004
100.002
100.001
100.001
100
100
100
100
100
100
100
100
100
100
100
100
100
100
100
100
100
100
100
100
100
100
100
100
100
100
100
100
100
100
100
100
100
100
100
100
385.204
355.838
327.141
299.523
273.349
248.92
226.466
206.14
188.019
172.108
158.347
146.626
136.792
128.663
122.046
116.738
112.544
109.279
106.774
104.881
103.471
102.436
101.687
101.153
100.778
100.518
100.34
100.221
100.141
100.089
100.056
100.034
100.021
100.012
100.007
100.004
100.002
100.001
100.001
100
100
100
100
100
100
100
100
100
100
100
100
100
100
100
100
100
100
100
100
100
100
100
100
100
100
100
100
100
100
100
100
100
100
100
100
385.204
355.838
327.141
299.523
273.349
248.921
226.467
206.141
188.02
172.108
158.348
146.627
136.792
128.664
122.046
116.738
112.544
109.279
106.774
104.881
103.471
102.436
101.687
101.153
100.778
100.518
100.34
100.221
100.141
100.089
100.056
100.034
100.021
100.012
100.007
100.004
100.002
100.001
100.001
100
100
100
100
100
100
100
100
100
100
100
100
100
100
100
100
100
100
100
100
100
100
100
100
100
100
100
100
100
100
100
100
100
100
100
100
385.204
355.839
327.141
299.524
273.35
248.921
226.467
206.141
188.02
172.109
158.348
146.627
136.792
128.664
122.046
116.739
112.544
109.279
106.774
104.881
103.471
102.436
101.687
101.153
100.778
100.518
100.34
100.221
100.141
100.089
100.056
100.034
100.021
100.012
100.007
100.004
100.002
100.001
100.001
100
100
100
100
100
100
100
100
100
100
100
100
100
100
100
100
100
100
100
100
100
100
100
100
100
100
100
100
100
100
100
100
100
100
100
100
385.204
355.839
327.141
299.524
273.35
248.921
226.467
206.141
188.02
172.109
158.348
146.627
136.792
128.664
122.046
116.739
112.544
109.279
106.774
104.881
103.471
102.436
101.687
101.153
100.778
100.518
100.34
100.221
100.141
100.089
100.056
100.034
100.021
100.012
100.007
100.004
100.002
100.001
100.001
100
100
100
100
100
100
100
100
100
100
100
100
100
100
100
100
100
100
100
100
100
100
100
100
100
100
100
100
100
100
100
100
100
100
100
100
385.204
355.839
327.141
299.524
273.35
248.921
226.467
206.141
188.02
172.109
158.349
146.627
136.793
128.664
122.047
116.739
112.544
109.279
106.774
104.881
103.471
102.436
101.687
101.153
100.778
100.518
100.34
100.221
100.141
100.089
100.056
100.034
100.021
100.012
100.007
100.004
100.002
100.001
100.001
100
100
100
100
100
100
100
100
100
100
100
100
100
100
100
100
100
100
100
100
100
100
100
100
100
100
100
100
100
100
100
100
100
100
100
100
385.204
355.839
327.141
299.524
273.35
248.921
226.467
206.141
188.02
172.109
158.349
146.627
136.793
128.664
122.047
116.739
112.545
109.279
106.774
104.881
103.471
102.436
101.687
101.153
100.778
100.518
100.34
100.221
100.141
100.089
100.056
100.034
100.021
100.012
100.007
100.004
100.002
100.001
100.001
100
100
100
100
100
100
100
100
100
100
100
100
100
100
100
100
100
100
100
100
100
100
100
100
100
100
100
100
100
100
100
100
100
100
100
100
385.204
355.839
327.141
299.524
273.35
248.921
226.467
206.142
188.02
172.109
158.349
146.627
136.793
128.664
122.047
116.739
112.545
109.279
106.774
104.881
103.471
102.436
101.687
101.153
100.778
100.518
100.34
100.221
100.141
100.089
100.056
100.034
100.021
100.012
100.007
100.004
100.002
100.001
100.001
100
100
100
100
100
100
100
100
100
100
100
100
100
100
100
100
100
100
100
100
100
100
100
100
100
100
100
100
100
100
100
100
100
100
100
100
385.204
355.839
327.142
299.524
273.35
248.921
226.467
206.142
188.02
172.109
158.349
146.627
136.793
128.664
122.047
116.739
112.545
109.279
106.774
104.881
103.471
102.436
101.687
101.153
100.778
100.518
100.34
100.221
100.141
100.089
100.056
100.034
100.021
100.012
100.007
100.004
100.002
100.001
100.001
100
100
100
100
100
100
100
100
100
100
100
100
100
100
100
100
100
100
100
100
100
100
100
100
100
100
100
100
100
100
100
100
100
100
100
100
385.204
355.839
327.142
299.524
273.35
248.921
226.467
206.142
188.021
172.109
158.349
146.627
136.793
128.664
122.047
116.739
112.545
109.279
106.774
104.881
103.471
102.436
101.687
101.153
100.778
100.518
100.34
100.221
100.141
100.089
100.056
100.034
100.021
100.012
100.007
100.004
100.002
100.001
100.001
100
100
100
100
100
100
100
100
100
100
100
100
100
100
100
100
100
100
100
100
100
100
100
100
100
100
100
100
100
100
100
100
100
100
100
100
385.204
355.839
327.142
299.524
273.35
248.921
226.467
206.142
188.021
172.109
158.349
146.627
136.793
128.664
122.047
116.739
112.545
109.279
106.774
104.881
103.471
102.436
101.687
101.153
100.778
100.518
100.34
100.221
100.141
100.089
100.056
100.034
100.021
100.012
100.007
100.004
100.002
100.001
100.001
100
100
100
100
100
100
100
100
100
100
100
100
100
100
100
100
100
100
100
100
100
100
100
100
100
100
100
100
100
100
100
100
100
100
100
100
385.204
355.839
327.142
299.524
273.35
248.921
226.467
206.142
188.021
172.109
158.349
146.627
136.793
128.664
122.047
116.739
112.545
109.279
106.774
104.881
103.471
102.436
101.687
101.153
100.778
100.518
100.34
100.221
100.141
100.089
100.056
100.034
100.021
100.012
100.007
100.004
100.002
100.001
100.001
100
100
100
100
100
100
100
100
100
100
100
100
100
100
100
100
100
100
100
100
100
100
100
100
100
100
100
100
100
100
100
100
100
100
100
100
385.204
355.839
327.142
299.524
273.35
248.921
226.467
206.142
188.021
172.109
158.349
146.627
136.793
128.664
122.047
116.739
112.545
109.279
106.774
104.881
103.471
102.436
101.687
101.153
100.778
100.518
100.34
100.221
100.141
100.089
100.056
100.034
100.021
100.012
100.007
100.004
100.002
100.001
100.001
100
100
100
100
100
100
100
100
100
100
100
100
100
100
100
100
100
100
100
100
100
100
100
100
100
100
100
100
100
100
100
100
100
100
100
100
385.204
355.839
327.142
299.524
273.35
248.921
226.467
206.142
188.021
172.109
158.349
146.627
136.793
128.664
122.047
116.739
112.545
109.279
106.774
104.881
103.471
102.436
101.687
101.153
100.778
100.518
100.34
100.221
100.141
100.089
100.056
100.034
100.021
100.012
100.007
100.004
100.002
100.001
100.001
100
100
100
100
100
100
100
100
100
100
100
100
100
100
100
100
100
100
100
100
100
100
100
100
100
100
100
100
100
100
100
100
100
100
100
100
385.204
355.839
327.142
299.524
273.35
248.921
226.467
206.142
188.021
172.109
158.349
146.627
136.793
128.664
122.047
116.739
112.545
109.279
106.774
104.881
103.471
102.436
101.687
101.153
100.778
100.518
100.34
100.221
100.141
100.089
100.056
100.034
100.021
100.012
100.007
100.004
100.002
100.001
100.001
100
100
100
100
100
100
100
100
100
100
100
100
100
100
100
100
100
100
100
100
100
100
100
100
100
100
100
100
100
100
100
100
100
100
100
100
385.204
355.839
327.142
299.524
273.35
248.921
226.467
206.142
188.021
172.109
158.349
146.627
136.793
128.664
122.047
116.739
112.545
109.279
106.774
104.881
103.471
102.436
101.687
101.153
100.778
100.518
100.34
100.221
100.141
100.089
100.056
100.034
100.021
100.012
100.007
100.004
100.002
100.001
100.001
100
100
100
100
100
100
100
100
100
100
100
100
100
100
100
100
100
100
100
100
100
100
100
100
100
100
100
100
100
100
100
100
100
100
100
100
385.204
355.839
327.142
299.524
273.35
248.921
226.467
206.142
188.021
172.109
158.349
146.627
136.793
128.664
122.047
116.739
112.545
109.279
106.774
104.881
103.471
102.436
101.687
101.153
100.778
100.518
100.34
100.221
100.141
100.089
100.056
100.034
100.021
100.012
100.007
100.004
100.002
100.001
100.001
100
100
100
100
100
100
100
100
100
100
100
100
100
100
100
100
100
100
100
100
100
100
100
100
100
100
100
100
100
100
100
100
100
100
100
100
385.204
355.839
327.142
299.524
273.35
248.921
226.467
206.142
188.021
172.109
158.349
146.627
136.793
128.664
122.047
116.739
112.545
109.279
106.774
104.881
103.471
102.436
101.687
101.153
100.778
100.518
100.34
100.221
100.141
100.089
100.056
100.034
100.021
100.012
100.007
100.004
100.002
100.001
100.001
100
100
100
100
100
100
100
100
100
100
100
100
100
100
100
100
100
100
100
100
100
100
100
100
100
100
100
100
100
100
100
100
100
100
100
100
385.204
355.839
327.142
299.524
273.35
248.921
226.467
206.142
188.021
172.109
158.349
146.627
136.793
128.664
122.047
116.739
112.545
109.279
106.774
104.881
103.471
102.436
101.687
101.153
100.778
100.518
100.34
100.221
100.141
100.089
100.056
100.034
100.021
100.012
100.007
100.004
100.002
100.001
100.001
100
100
100
100
100
100
100
100
100
100
100
100
100
100
100
100
100
100
100
100
100
100
100
100
100
100
100
100
100
100
100
100
100
100
100
100
385.204
355.839
327.142
299.524
273.35
248.921
226.467
206.142
188.021
172.109
158.349
146.627
136.793
128.664
122.047
116.739
112.545
109.279
106.774
104.881
103.471
102.436
101.687
101.153
100.778
100.518
100.34
100.221
100.141
100.089
100.056
100.034
100.021
100.012
100.007
100.004
100.002
100.001
100.001
100
100
100
100
100
100
100
100
100
100
100
100
100
100
100
100
100
100
100
100
100
100
100
100
100
100
100
100
100
100
100
100
100
100
100
100
385.204
355.839
327.142
299.524
273.35
248.921
226.467
206.142
188.021
172.109
158.349
146.627
136.793
128.664
122.047
116.739
112.545
109.279
106.774
104.881
103.471
102.436
101.687
101.153
100.778
100.518
100.34
100.221
100.141
100.089
100.056
100.034
100.021
100.012
100.007
100.004
100.002
100.001
100.001
100
100
100
100
100
100
100
100
100
100
100
100
100
100
100
100
100
100
100
100
100
100
100
100
100
100
100
100
100
100
100
100
100
100
100
100
385.204
355.839
327.142
299.524
273.35
248.921
226.467
206.142
188.021
172.109
158.349
146.627
136.793
128.664
122.047
116.739
112.545
109.279
106.774
104.881
103.471
102.436
101.687
101.153
100.778
100.518
100.34
100.221
100.141
100.089
100.056
100.034
100.021
100.012
100.007
100.004
100.002
100.001
100.001
100
100
100
100
100
100
100
100
100
100
100
100
100
100
100
100
100
100
100
100
100
100
100
100
100
100
100
100
100
100
100
100
100
100
100
100
385.204
355.839
327.142
299.524
273.35
248.921
226.467
206.142
188.021
172.109
158.349
146.627
136.793
128.664
122.047
116.739
112.545
109.279
106.774
104.881
103.471
102.436
101.687
101.153
100.778
100.518
100.34
100.221
100.141
100.089
100.056
100.034
100.021
100.012
100.007
100.004
100.002
100.001
100.001
100
100
100
100
100
100
100
100
100
100
100
100
100
100
100
100
100
100
100
100
100
100
100
100
100
100
100
100
100
100
100
100
100
100
100
100
385.204
355.839
327.142
299.524
273.35
248.921
226.467
206.142
188.021
172.109
158.349
146.627
136.793
128.664
122.047
116.739
112.545
109.279
106.774
104.881
103.471
102.436
101.687
101.153
100.778
100.518
100.34
100.221
100.141
100.089
100.056
100.034
100.021
100.012
100.007
100.004
100.002
100.001
100.001
100
100
100
100
100
100
100
100
100
100
100
100
100
100
100
100
100
100
100
100
100
100
100
100
100
100
100
100
100
100
100
100
100
100
100
100
385.204
355.839
327.142
299.524
273.35
248.921
226.467
206.142
188.021
172.109
158.349
146.627
136.793
128.664
122.047
116.739
112.545
109.279
106.774
104.881
103.471
102.436
101.687
101.153
100.778
100.518
100.34
100.221
100.141
100.089
100.056
100.034
100.021
100.012
100.007
100.004
100.002
100.001
100.001
100
100
100
100
100
100
100
100
100
100
100
100
100
100
100
100
100
100
100
100
100
100
100
100
100
100
100
100
100
100
100
100
100
100
100
100
385.204
355.839
327.142
299.524
273.35
248.921
226.467
206.142
188.021
172.109
158.349
146.627
136.793
128.664
122.047
116.739
112.545
109.279
106.774
104.881
103.471
102.436
101.687
101.153
100.778
100.518
100.34
100.221
100.141
100.089
100.056
100.034
100.021
100.012
100.007
100.004
100.002
100.001
100.001
100
100
100
100
100
100
100
100
100
100
100
100
100
100
100
100
100
100
100
100
100
100
100
100
100
100
100
100
100
100
100
100
100
100
100
100
385.204
355.839
327.142
299.524
273.35
248.921
226.467
206.142
188.021
172.109
158.349
146.627
136.793
128.664
122.047
116.739
112.545
109.279
106.774
104.881
103.471
102.436
101.687
101.153
100.778
100.518
100.34
100.221
100.141
100.089
100.056
100.034
100.021
100.012
100.007
100.004
100.002
100.001
100.001
100
100
100
100
100
100
100
100
100
100
100
100
100
100
100
100
100
100
100
100
100
100
100
100
100
100
100
100
100
100
100
100
100
100
100
100
385.204
355.839
327.142
299.524
273.35
248.921
226.467
206.142
188.021
172.109
158.349
146.627
136.793
128.664
122.047
116.739
112.545
109.279
106.774
104.881
103.471
102.436
101.687
101.153
100.778
100.518
100.34
100.221
100.141
100.089
100.056
100.034
100.021
100.012
100.007
100.004
100.002
100.001
100.001
100
100
100
100
100
100
100
100
100
100
100
100
100
100
100
100
100
100
100
100
100
100
100
100
100
100
100
100
100
100
100
100
100
100
100
100
385.204
355.839
327.142
299.524
273.35
248.921
226.467
206.142
188.021
172.109
158.349
146.627
136.793
128.664
122.047
116.739
112.545
109.279
106.774
104.881
103.471
102.436
101.687
101.153
100.778
100.518
100.34
100.221
100.141
100.089
100.056
100.034
100.021
100.012
100.007
100.004
100.002
100.001
100.001
100
100
100
100
100
100
100
100
100
100
100
100
100
100
100
100
100
100
100
100
100
100
100
100
100
100
100
100
100
100
100
100
100
100
100
100
385.204
355.839
327.142
299.524
273.35
248.921
226.467
206.142
188.021
172.109
158.349
146.627
136.793
128.664
122.047
116.739
112.545
109.279
106.774
104.881
103.471
102.436
101.687
101.153
100.778
100.518
100.34
100.221
100.141
100.089
100.056
100.034
100.021
100.012
100.007
100.004
100.002
100.001
100.001
100
100
100
100
100
100
100
100
100
100
100
100
100
100
100
100
100
100
100
100
100
100
100
100
100
100
100
100
100
100
100
100
100
100
100
100
385.204
355.839
327.142
299.524
273.35
248.921
226.467
206.142
188.021
172.109
158.349
146.627
136.793
128.664
122.047
116.739
112.545
109.279
106.774
104.881
103.471
102.436
101.687
101.153
100.778
100.518
100.34
100.221
100.141
100.089
100.056
100.034
100.021
100.012
100.007
100.004
100.002
100.001
100.001
100
100
100
100
100
100
100
100
100
100
100
100
100
100
100
100
100
100
100
100
100
100
100
100
100
100
100
100
100
100
100
100
100
100
100
100
385.204
355.839
327.142
299.524
273.35
248.921
226.467
206.142
188.021
172.109
158.349
146.627
136.793
128.664
122.047
116.739
112.545
109.279
106.774
104.881
103.471
102.436
101.687
101.153
100.778
100.518
100.34
100.221
100.141
100.089
100.056
100.034
100.021
100.012
100.007
100.004
100.002
100.001
100.001
100
100
100
100
100
100
100
100
100
100
100
100
100
100
100
100
100
100
100
100
100
100
100
100
100
100
100
100
100
100
100
100
100
100
100
100
385.204
355.839
327.142
299.524
273.35
248.921
226.467
206.142
188.021
172.109
158.349
146.627
136.793
128.664
122.047
116.739
112.545
109.279
106.774
104.881
103.471
102.436
101.687
101.153
100.778
100.518
100.34
100.221
100.141
100.089
100.056
100.034
100.021
100.012
100.007
100.004
100.002
100.001
100.001
100
100
100
100
100
100
100
100
100
100
100
100
100
100
100
100
100
100
100
100
100
100
100
100
100
100
100
100
100
100
100
100
100
100
100
100
385.204
355.839
327.142
299.524
273.35
248.921
226.467
206.142
188.021
172.109
158.349
146.627
136.793
128.664
122.047
116.739
112.545
109.279
106.774
104.881
103.471
102.436
101.687
101.153
100.778
100.518
100.34
100.221
100.141
100.089
100.056
100.034
100.021
100.012
100.007
100.004
100.002
100.001
100.001
100
100
100
100
100
100
100
100
100
100
100
100
100
100
100
100
100
100
100
100
100
100
100
100
100
100
100
100
100
100
100
100
100
100
100
100
385.204
355.839
327.142
299.524
273.35
248.921
226.467
206.142
188.021
172.109
158.349
146.627
136.793
128.664
122.047
116.739
112.545
109.279
106.774
104.881
103.471
102.436
101.687
101.153
100.778
100.518
100.34
100.221
100.141
100.089
100.056
100.034
100.021
100.012
100.007
100.004
100.002
100.001
100.001
100
100
100
100
100
100
100
100
100
100
100
100
100
100
100
100
100
100
100
100
100
100
100
100
100
100
100
100
100
100
100
100
100
100
100
100
385.204
355.839
327.142
299.524
273.35
248.921
226.467
206.142
188.021
172.109
158.349
146.627
136.793
128.664
122.047
116.739
112.545
109.279
106.774
104.881
103.471
102.436
101.687
101.153
100.778
100.518
100.34
100.221
100.141
100.089
100.056
100.034
100.021
100.012
100.007
100.004
100.002
100.001
100.001
100
100
100
100
100
100
100
100
100
100
100
100
100
100
100
100
100
100
100
100
100
100
100
100
100
100
100
100
100
100
100
100
100
100
100
100
385.204
355.839
327.142
299.524
273.35
248.921
226.467
206.142
188.021
172.109
158.349
146.627
136.793
128.664
122.047
116.739
112.545
109.279
106.774
104.881
103.471
102.436
101.687
101.153
100.778
100.518
100.34
100.221
100.141
100.089
100.056
100.034
100.021
100.012
100.007
100.004
100.002
100.001
100.001
100
100
100
100
100
100
100
100
100
100
100
100
100
100
100
100
100
100
100
100
100
100
100
100
100
100
100
100
100
100
100
100
100
100
100
100
385.204
355.839
327.142
299.524
273.35
248.921
226.467
206.142
188.021
172.109
158.349
146.627
136.793
128.664
122.047
116.739
112.545
109.279
106.774
104.881
103.471
102.436
101.687
101.153
100.778
100.518
100.34
100.221
100.141
100.089
100.056
100.034
100.021
100.012
100.007
100.004
100.002
100.001
100.001
100
100
100
100
100
100
100
100
100
100
100
100
100
100
100
100
100
100
100
100
100
100
100
100
100
100
100
100
100
100
100
100
100
100
100
100
385.204
355.839
327.142
299.524
273.35
248.921
226.467
206.142
188.021
172.109
158.349
146.627
136.793
128.664
122.047
116.739
112.545
109.279
106.774
104.881
103.471
102.436
101.687
101.153
100.778
100.518
100.34
100.221
100.141
100.089
100.056
100.034
100.021
100.012
100.007
100.004
100.002
100.001
100.001
100
100
100
100
100
100
100
100
100
100
100
100
100
100
100
100
100
100
100
100
100
100
100
100
100
100
100
100
100
100
100
100
100
100
100
100
385.204
355.839
327.142
299.524
273.35
248.921
226.467
206.142
188.021
172.109
158.349
146.627
136.793
128.664
122.047
116.739
112.545
109.279
106.774
104.881
103.471
102.436
101.687
101.153
100.778
100.518
100.34
100.221
100.141
100.089
100.056
100.034
100.021
100.012
100.007
100.004
100.002
100.001
100.001
100
100
100
100
100
100
100
100
100
100
100
100
100
100
100
100
100
100
100
100
100
100
100
100
100
100
100
100
100
100
100
100
100
100
100
100
385.204
355.839
327.142
299.524
273.35
248.921
226.467
206.142
188.021
172.109
158.349
146.627
136.793
128.664
122.047
116.739
112.545
109.279
106.774
104.881
103.471
102.436
101.687
101.153
100.778
100.518
100.34
100.221
100.141
100.089
100.056
100.034
100.021
100.012
100.007
100.004
100.002
100.001
100.001
100
100
100
100
100
100
100
100
100
100
100
100
100
100
100
100
100
100
100
100
100
100
100
100
100
100
100
100
100
100
100
100
100
100
100
100
385.204
355.839
327.142
299.524
273.35
248.921
226.467
206.142
188.021
172.109
158.349
146.627
136.793
128.664
122.047
116.739
112.545
109.279
106.774
104.881
103.471
102.436
101.687
101.153
100.778
100.518
100.34
100.221
100.141
100.089
100.056
100.034
100.021
100.012
100.007
100.004
100.002
100.001
100.001
100
100
100
100
100
100
100
100
100
100
100
100
100
100
100
100
100
100
100
100
100
100
100
100
100
100
100
100
100
100
100
100
100
100
100
100
385.204
355.839
327.142
299.524
273.35
248.921
226.467
206.142
188.021
172.109
158.349
146.627
136.793
128.664
122.047
116.739
112.545
109.279
106.774
104.881
103.471
102.436
101.687
101.153
100.778
100.518
100.34
100.221
100.141
100.089
100.056
100.034
100.021
100.012
100.007
100.004
100.002
100.001
100.001
100
100
100
100
100
100
100
100
100
100
100
100
100
100
100
100
100
100
100
100
100
100
100
100
100
100
100
100
100
100
100
100
100
100
100
100
385.204
355.839
327.142
299.524
273.35
248.921
226.467
206.142
188.021
172.109
158.349
146.627
136.793
128.664
122.047
116.739
112.545
109.279
106.774
104.881
103.471
102.436
101.687
101.153
100.778
100.518
100.34
100.221
100.141
100.089
100.056
100.034
100.021
100.012
100.007
100.004
100.002
100.001
100.001
100
100
100
100
100
100
100
100
100
100
100
100
100
100
100
100
100
100
100
100
100
100
100
100
100
100
100
100
100
100
100
100
100
100
100
100
385.204
355.839
327.142
299.524
273.35
248.921
226.467
206.142
188.021
172.109
158.349
146.627
136.793
128.664
122.047
116.739
112.545
109.279
106.774
104.881
103.471
102.436
101.687
101.153
100.778
100.518
100.34
100.221
100.141
100.089
100.056
100.034
100.021
100.012
100.007
100.004
100.002
100.001
100.001
100
100
100
100
100
100
100
100
100
100
100
100
100
100
100
100
100
100
100
100
100
100
100
100
100
100
100
100
100
100
100
100
100
100
100
100
385.204
355.839
327.142
299.524
273.35
248.921
226.467
206.142
188.021
172.109
158.349
146.627
136.793
128.664
122.047
116.739
112.545
109.279
106.774
104.881
103.471
102.436
101.687
101.153
100.778
100.518
100.34
100.221
100.141
100.089
100.056
100.034
100.021
100.012
100.007
100.004
100.002
100.001
100.001
100
100
100
100
100
100
100
100
100
100
100
100
100
100
100
100
100
100
100
100
100
100
100
100
100
100
100
100
100
100
100
100
100
100
100
100
385.204
355.839
327.142
299.524
273.35
248.921
226.467
206.142
188.021
172.109
158.349
146.627
136.793
128.664
122.047
116.739
112.545
109.279
106.774
104.881
103.471
102.436
101.687
101.153
100.778
100.518
100.34
100.221
100.141
100.089
100.056
100.034
100.021
100.012
100.007
100.004
100.002
100.001
100.001
100
100
100
100
100
100
100
100
100
100
100
100
100
100
100
100
100
100
100
100
100
100
100
100
100
100
100
100
100
100
100
100
100
100
100
100
385.204
355.839
327.142
299.524
273.35
248.921
226.467
206.142
188.021
172.109
158.349
146.627
136.793
128.664
122.047
116.739
112.545
109.279
106.774
104.881
103.471
102.436
101.687
101.153
100.778
100.518
100.34
100.221
100.141
100.089
100.056
100.034
100.021
100.012
100.007
100.004
100.002
100.001
100.001
100
100
100
100
100
100
100
100
100
100
100
100
100
100
100
100
100
100
100
100
100
100
100
100
100
100
100
100
100
100
100
100
100
100
100
100
385.204
355.839
327.142
299.524
273.35
248.921
226.467
206.142
188.021
172.109
158.349
146.627
136.793
128.664
122.047
116.739
112.545
109.279
106.774
104.881
103.471
102.436
101.687
101.153
100.778
100.518
100.34
100.221
100.141
100.089
100.056
100.034
100.021
100.012
100.007
100.004
100.002
100.001
100.001
100
100
100
100
100
100
100
100
100
100
100
100
100
100
100
100
100
100
100
100
100
100
100
100
100
100
100
100
100
100
100
100
100
100
100
100
385.204
355.839
327.142
299.524
273.35
248.921
226.467
206.142
188.021
172.109
158.349
146.627
136.793
128.664
122.047
116.739
112.545
109.279
106.774
104.881
103.471
102.436
101.687
101.153
100.778
100.518
100.34
100.221
100.141
100.089
100.056
100.034
100.021
100.012
100.007
100.004
100.002
100.001
100.001
100
100
100
100
100
100
100
100
100
100
100
100
100
100
100
100
100
100
100
100
100
100
100
100
100
100
100
100
100
100
100
100
100
100
100
100
385.204
355.839
327.142
299.524
273.35
248.921
226.467
206.142
188.021
172.109
158.349
146.627
136.793
128.664
122.047
116.739
112.545
109.279
106.774
104.881
103.471
102.436
101.687
101.153
100.778
100.518
100.34
100.221
100.141
100.089
100.056
100.034
100.021
100.012
100.007
100.004
100.002
100.001
100.001
100
100
100
100
100
100
100
100
100
100
100
100
100
100
100
100
100
100
100
100
100
100
100
100
100
100
100
100
100
100
100
100
100
100
100
100
385.204
355.839
327.142
299.524
273.35
248.921
226.467
206.142
188.021
172.109
158.349
146.627
136.793
128.664
122.047
116.739
112.545
109.279
106.774
104.881
103.471
102.436
101.687
101.153
100.778
100.518
100.34
100.221
100.141
100.089
100.056
100.034
100.021
100.012
100.007
100.004
100.002
100.001
100.001
100
100
100
100
100
100
100
100
100
100
100
100
100
100
100
100
100
100
100
100
100
100
100
100
100
100
100
100
100
100
100
100
100
100
100
100
385.204
355.839
327.142
299.524
273.35
248.921
226.467
206.142
188.021
172.109
158.349
146.627
136.793
128.664
122.047
116.739
112.545
109.279
106.774
104.881
103.471
102.436
101.687
101.153
100.778
100.518
100.34
100.221
100.141
100.089
100.056
100.034
100.021
100.012
100.007
100.004
100.002
100.001
100.001
100
100
100
100
100
100
100
100
100
100
100
100
100
100
100
100
100
100
100
100
100
100
100
100
100
100
100
100
100
100
100
100
100
100
100
100
385.204
355.839
327.142
299.524
273.35
248.921
226.467
206.142
188.021
172.109
158.349
146.627
136.793
128.664
122.047
116.739
112.545
109.279
106.774
104.881
103.471
102.436
101.687
101.153
100.778
100.518
100.34
100.221
100.141
100.089
100.056
100.034
100.021
100.012
100.007
100.004
100.002
100.001
100.001
100
100
100
100
100
100
100
100
100
100
100
100
100
100
100
100
100
100
100
100
100
100
100
100
100
100
100
100
100
100
100
100
100
100
100
100
385.204
355.839
327.142
299.524
273.35
248.921
226.467
206.142
188.021
172.109
158.349
146.627
136.793
128.664
122.047
116.739
112.545
109.279
106.774
104.881
103.471
102.436
101.687
101.153
100.778
100.518
100.34
100.221
100.141
100.089
100.056
100.034
100.021
100.012
100.007
100.004
100.002
100.001
100.001
100
100
100
100
100
100
100
100
100
100
100
100
100
100
100
100
100
100
100
100
100
100
100
100
100
100
100
100
100
100
100
100
100
100
100
100
385.204
355.839
327.142
299.524
273.35
248.921
226.467
206.142
188.021
172.109
158.349
146.627
136.793
128.664
122.047
116.739
112.545
109.279
106.774
104.881
103.471
102.436
101.687
101.153
100.778
100.518
100.34
100.221
100.141
100.089
100.056
100.034
100.021
100.012
100.007
100.004
100.002
100.001
100.001
100
100
100
100
100
100
100
100
100
100
100
100
100
100
100
100
100
100
100
100
100
100
100
100
100
100
100
100
100
100
100
100
100
100
100
100
385.204
355.839
327.142
299.524
273.35
248.921
226.467
206.142
188.021
172.109
158.349
146.627
136.793
128.664
122.047
116.739
112.545
109.279
106.774
104.881
103.471
102.436
101.687
101.153
100.778
100.518
100.34
100.221
100.141
100.089
100.056
100.034
100.021
100.012
100.007
100.004
100.002
100.001
100.001
100
100
100
100
100
100
100
100
100
100
100
100
100
100
100
100
100
100
100
100
100
100
100
100
100
100
100
100
100
100
100
100
100
100
100
100
385.204
355.839
327.142
299.524
273.35
248.921
226.467
206.142
188.021
172.109
158.349
146.627
136.793
128.664
122.047
116.739
112.545
109.279
106.774
104.881
103.471
102.436
101.687
101.153
100.778
100.518
100.34
100.221
100.141
100.089
100.056
100.034
100.021
100.012
100.007
100.004
100.002
100.001
100.001
100
100
100
100
100
100
100
100
100
100
100
100
100
100
100
100
100
100
100
100
100
100
100
100
100
100
100
100
100
100
100
100
100
100
100
100
385.204
355.839
327.142
299.524
273.35
248.921
226.467
206.142
188.021
172.109
158.349
146.627
136.793
128.664
122.047
116.739
112.545
109.279
106.774
104.881
103.471
102.436
101.687
101.153
100.778
100.518
100.34
100.221
100.141
100.089
100.056
100.034
100.021
100.012
100.007
100.004
100.002
100.001
100.001
100
100
100
100
100
100
100
100
100
100
100
100
100
100
100
100
100
100
100
100
100
100
100
100
100
100
100
100
100
100
100
100
100
100
100
100
385.204
355.839
327.142
299.524
273.35
248.921
226.467
206.142
188.021
172.109
158.349
146.627
136.793
128.664
122.047
116.739
112.545
109.279
106.774
104.881
103.471
102.436
101.687
101.153
100.778
100.518
100.34
100.221
100.141
100.089
100.056
100.034
100.021
100.012
100.007
100.004
100.002
100.001
100.001
100
100
100
100
100
100
100
100
100
100
100
100
100
100
100
100
100
100
100
100
100
100
100
100
100
100
100
100
100
100
100
100
100
100
100
100
385.204
355.839
327.142
299.524
273.35
248.921
226.467
206.142
188.021
172.109
158.349
146.627
136.793
128.664
122.047
116.739
112.545
109.279
106.774
104.881
103.471
102.436
101.687
101.153
100.778
100.518
100.34
100.221
100.141
100.089
100.056
100.034
100.021
100.012
100.007
100.004
100.002
100.001
100.001
100
100
100
100
100
100
100
100
100
100
100
100
100
100
100
100
100
100
100
100
100
100
100
100
100
100
100
100
100
100
100
100
100
100
100
100
385.204
355.839
327.142
299.524
273.35
248.921
226.467
206.142
188.021
172.109
158.349
146.627
136.793
128.664
122.047
116.739
112.545
109.279
106.774
104.881
103.471
102.436
101.687
101.153
100.778
100.518
100.34
100.221
100.141
100.089
100.056
100.034
100.021
100.012
100.007
100.004
100.002
100.001
100.001
100
100
100
100
100
100
100
100
100
100
100
100
100
100
100
100
100
100
100
100
100
100
100
100
100
100
100
100
100
100
100
100
100
100
100
100
385.204
355.839
327.142
299.524
273.35
248.921
226.467
206.142
188.021
172.109
158.349
146.627
136.793
128.664
122.047
116.739
112.545
109.279
106.774
104.881
103.471
102.436
101.687
101.153
100.778
100.518
100.34
100.221
100.141
100.089
100.056
100.034
100.021
100.012
100.007
100.004
100.002
100.001
100.001
100
100
100
100
100
100
100
100
100
100
100
100
100
100
100
100
100
100
100
100
100
100
100
100
100
100
100
100
100
100
100
100
100
100
100
100
385.204
355.839
327.142
299.524
273.35
248.921
226.467
206.142
188.021
172.109
158.349
146.627
136.793
128.664
122.047
116.739
112.545
109.279
106.774
104.881
103.471
102.436
101.687
101.153
100.778
100.518
100.34
100.221
100.141
100.089
100.056
100.034
100.021
100.012
100.007
100.004
100.002
100.001
100.001
100
100
100
100
100
100
100
100
100
100
100
100
100
100
100
100
100
100
100
100
100
100
100
100
100
100
100
100
100
100
100
100
100
100
100
100
385.204
355.839
327.142
299.524
273.35
248.921
226.467
206.142
188.021
172.109
158.349
146.627
136.793
128.664
122.047
116.739
112.545
109.279
106.774
104.881
103.471
102.436
101.687
101.153
100.778
100.518
100.34
100.221
100.141
100.089
100.056
100.034
100.021
100.012
100.007
100.004
100.002
100.001
100.001
100
100
100
100
100
100
100
100
100
100
100
100
100
100
100
100
100
100
100
100
100
100
100
100
100
100
100
100
100
100
100
100
100
100
100
100
385.204
355.839
327.142
299.524
273.35
248.921
226.467
206.142
188.021
172.109
158.349
146.627
136.793
128.664
122.047
116.739
112.545
109.279
106.774
104.881
103.471
102.436
101.687
101.153
100.778
100.518
100.34
100.221
100.141
100.089
100.056
100.034
100.021
100.012
100.007
100.004
100.002
100.001
100.001
100
100
100
100
100
100
100
100
100
100
100
100
100
100
100
100
100
100
100
100
100
100
100
100
100
100
100
100
100
100
100
100
100
100
100
100
385.204
355.839
327.142
299.524
273.35
248.921
226.467
206.142
188.021
172.109
158.349
146.627
136.793
128.664
122.047
116.739
112.545
109.279
106.774
104.881
103.471
102.436
101.687
101.153
100.778
100.518
100.34
100.221
100.141
100.089
100.056
100.034
100.021
100.012
100.007
100.004
100.002
100.001
100.001
100
100
100
100
100
100
100
100
100
100
100
100
100
100
100
100
100
100
100
100
100
100
100
100
100
100
100
100
100
100
100
100
100
100
100
100
385.204
355.839
327.142
299.524
273.35
248.921
226.467
206.142
188.021
172.109
158.349
146.627
136.793
128.664
122.047
116.739
112.545
109.279
106.774
104.881
103.471
102.436
101.687
101.153
100.778
100.518
100.34
100.221
100.141
100.089
100.056
100.034
100.021
100.012
100.007
100.004
100.002
100.001
100.001
100
100
100
100
100
100
100
100
100
100
100
100
100
100
100
100
100
100
100
100
100
100
100
100
100
100
100
100
100
100
100
100
100
100
100
100
385.204
355.839
327.142
299.524
273.35
248.921
226.467
206.142
188.021
172.109
158.349
146.627
136.793
128.664
122.047
116.739
112.545
109.279
106.774
104.881
103.471
102.436
101.687
101.153
100.778
100.518
100.34
100.221
100.141
100.089
100.056
100.034
100.021
100.012
100.007
100.004
100.002
100.001
100.001
100
100
100
100
100
100
100
100
100
100
100
100
100
100
100
100
100
100
100
100
100
100
100
100
100
100
100
100
100
100
100
100
100
100
100
100
385.204
355.839
327.142
299.524
273.35
248.921
226.467
206.142
188.021
172.109
158.349
146.627
136.793
128.664
122.047
116.739
112.545
109.279
106.774
104.881
103.471
102.436
101.687
101.153
100.778
100.518
100.34
100.221
100.141
100.089
100.056
100.034
100.021
100.012
100.007
100.004
100.002
100.001
100.001
100
100
100
100
100
100
100
100
100
100
100
100
100
100
100
100
100
100
100
100
100
100
100
100
100
100
100
100
100
100
100
100
100
100
100
100
385.204
355.839
327.142
299.524
273.35
248.921
226.467
206.142
188.021
172.109
158.349
146.627
136.793
128.664
122.047
116.739
112.545
109.279
106.774
104.881
103.471
102.436
101.687
101.153
100.778
100.518
100.34
100.221
100.141
100.089
100.056
100.034
100.021
100.012
100.007
100.004
100.002
100.001
100.001
100
100
100
100
100
100
100
100
100
100
100
100
100
100
100
100
100
100
100
100
100
100
100
100
100
100
100
100
100
100
100
100
100
100
100
100
385.204
355.839
327.142
299.524
273.35
248.921
226.467
206.142
188.021
172.109
158.349
146.627
136.793
128.664
122.047
116.739
112.545
109.279
106.774
104.881
103.471
102.436
101.687
101.153
100.778
100.518
100.34
100.221
100.141
100.089
100.056
100.034
100.021
100.012
100.007
100.004
100.002
100.001
100.001
100
100
100
100
100
100
100
100
100
100
100
100
100
100
100
100
100
100
100
100
100
100
100
100
100
100
100
100
100
100
100
100
100
100
100
100
385.204
355.839
327.142
299.524
273.35
248.921
226.467
206.142
188.021
172.109
158.349
146.627
136.793
128.664
122.047
116.739
112.545
109.279
106.774
104.881
103.471
102.436
101.687
101.153
100.778
100.518
100.34
100.221
100.141
100.089
100.056
100.034
100.021
100.012
100.007
100.004
100.002
100.001
100.001
100
100
100
100
100
100
100
100
100
100
100
100
100
100
100
100
100
100
100
100
100
100
100
100
100
100
100
100
100
100
100
100
100
100
100
100
385.204
355.839
327.142
299.524
273.35
248.921
226.467
206.142
188.021
172.109
158.349
146.627
136.793
128.664
122.047
116.739
112.545
109.279
106.774
104.881
103.471
102.436
101.687
101.153
100.778
100.518
100.34
100.221
100.141
100.089
100.056
100.034
100.021
100.012
100.007
100.004
100.002
100.001
100.001
100
100
100
100
100
100
100
100
100
100
100
100
100
100
100
100
100
100
100
100
100
100
100
100
100
100
100
100
100
100
100
100
100
100
100
100
385.204
355.839
327.142
299.524
273.35
248.921
226.467
206.142
188.021
172.109
158.349
146.627
136.793
128.664
122.047
116.739
112.545
109.279
106.774
104.881
103.471
102.436
101.687
101.153
100.778
100.518
100.34
100.221
100.141
100.089
100.056
100.034
100.021
100.012
100.007
100.004
100.002
100.001
100.001
100
100
100
100
100
100
100
100
100
100
100
100
100
100
100
100
100
100
100
100
100
100
100
100
100
100
100
100
100
100
100
100
100
100
100
100
385.204
355.839
327.142
299.524
273.35
248.921
226.467
206.142
188.021
172.109
158.349
146.627
136.793
128.664
122.047
116.739
112.545
109.279
106.774
104.881
103.471
102.436
101.687
101.153
100.778
100.518
100.34
100.221
100.141
100.089
100.056
100.034
100.021
100.012
100.007
100.004
100.002
100.001
100.001
100
100
100
100
100
100
100
100
100
100
100
100
100
100
100
100
100
100
100
100
100
100
100
100
100
100
100
100
100
100
100
100
100
100
100
100
385.204
355.839
327.142
299.524
273.35
248.921
226.467
206.142
188.021
172.109
158.349
146.627
136.793
128.664
122.047
116.739
112.545
109.279
106.774
104.881
103.471
102.436
101.687
101.153
100.778
100.518
100.34
100.221
100.141
100.089
100.056
100.034
100.021
100.012
100.007
100.004
100.002
100.001
100.001
100
100
100
100
100
100
100
100
100
100
100
100
100
100
100
100
100
100
100
100
100
100
100
100
100
100
100
100
100
100
100
100
100
100
100
100
385.204
355.839
327.142
299.524
273.35
248.921
226.467
206.142
188.021
172.109
158.349
146.627
136.793
128.664
122.047
116.739
112.545
109.279
106.774
104.881
103.471
102.436
101.687
101.153
100.778
100.518
100.34
100.221
100.141
100.089
100.056
100.034
100.021
100.012
100.007
100.004
100.002
100.001
100.001
100
100
100
100
100
100
100
100
100
100
100
100
100
100
100
100
100
100
100
100
100
100
100
100
100
100
100
100
100
100
100
100
100
100
100
100
385.204
355.839
327.142
299.524
273.35
248.921
226.467
206.142
188.021
172.109
158.349
146.627
136.793
128.664
122.047
116.739
112.545
109.279
106.774
104.881
103.471
102.436
101.687
101.153
100.778
100.518
100.34
100.221
100.141
100.089
100.056
100.034
100.021
100.012
100.007
100.004
100.002
100.001
100.001
100
100
100
100
100
100
100
100
100
100
100
100
100
100
100
100
100
100
100
100
100
100
100
100
100
100
100
100
100
100
100
100
100
100
100
100
385.204
355.839
327.142
299.524
273.35
248.921
226.467
206.142
188.021
172.109
158.349
146.627
136.793
128.664
122.047
116.739
112.545
109.279
106.774
104.881
103.471
102.436
101.687
101.153
100.778
100.518
100.34
100.221
100.141
100.089
100.056
100.034
100.021
100.012
100.007
100.004
100.002
100.001
100.001
100
100
100
100
100
100
100
100
100
100
100
100
100
100
100
100
100
100
100
100
100
100
100
100
100
100
100
100
100
100
100
100
100
100
100
100
385.204
355.839
327.142
299.524
273.35
248.921
226.467
206.142
188.021
172.109
158.349
146.627
136.793
128.664
122.047
116.739
112.545
109.279
106.774
104.881
103.471
102.436
101.687
101.153
100.778
100.518
100.34
100.221
100.141
100.089
100.056
100.034
100.021
100.012
100.007
100.004
100.002
100.001
100.001
100
100
100
100
100
100
100
100
100
100
100
100
100
100
100
100
100
100
100
100
100
100
100
100
100
100
100
100
100
100
100
100
100
100
100
100
385.204
355.839
327.142
299.524
273.35
248.921
226.467
206.142
188.021
172.109
158.349
146.627
136.793
128.664
122.047
116.739
112.545
109.279
106.774
104.881
103.471
102.436
101.687
101.153
100.778
100.518
100.34
100.221
100.141
100.089
100.056
100.034
100.021
100.012
100.007
100.004
100.002
100.001
100.001
100
100
100
100
100
100
100
100
100
100
100
100
100
100
100
100
100
100
100
100
100
100
100
100
100
100
100
100
100
100
100
100
100
100
100
100
385.204
355.839
327.142
299.524
273.35
248.921
226.467
206.142
188.021
172.109
158.349
146.627
136.793
128.664
122.047
116.739
112.545
109.279
106.774
104.881
103.471
102.436
101.687
101.153
100.778
100.518
100.34
100.221
100.141
100.089
100.056
100.034
100.021
100.012
100.007
100.004
100.002
100.001
100.001
100
100
100
100
100
100
100
100
100
100
100
100
100
100
100
100
100
100
100
100
100
100
100
100
100
100
100
100
100
100
100
100
100
100
100
100
385.204
355.839
327.142
299.524
273.35
248.921
226.467
206.142
188.02
172.109
158.349
146.627
136.793
128.664
122.047
116.739
112.545
109.279
106.774
104.881
103.471
102.436
101.687
101.153
100.778
100.518
100.34
100.221
100.141
100.089
100.056
100.034
100.021
100.012
100.007
100.004
100.002
100.001
100.001
100
100
100
100
100
100
100
100
100
100
100
100
100
100
100
100
100
100
100
100
100
100
100
100
100
100
100
100
100
100
100
100
100
100
100
100
385.204
355.839
327.141
299.524
273.35
248.921
226.467
206.142
188.02
172.109
158.349
146.627
136.793
128.664
122.047
116.739
112.545
109.279
106.774
104.881
103.471
102.436
101.687
101.153
100.778
100.518
100.34
100.221
100.141
100.089
100.056
100.034
100.021
100.012
100.007
100.004
100.002
100.001
100.001
100
100
100
100
100
100
100
100
100
100
100
100
100
100
100
100
100
100
100
100
100
100
100
100
100
100
100
100
100
100
100
100
100
100
100
100
385.204
355.839
327.141
299.524
273.35
248.921
226.467
206.141
188.02
172.109
158.349
146.627
136.793
128.664
122.047
116.739
112.545
109.279
106.774
104.881
103.471
102.436
101.687
101.153
100.778
100.518
100.34
100.221
100.141
100.089
100.056
100.034
100.021
100.012
100.007
100.004
100.002
100.001
100.001
100
100
100
100
100
100
100
100
100
100
100
100
100
100
100
100
100
100
100
100
100
100
100
100
100
100
100
100
100
100
100
100
100
100
100
100
385.204
355.839
327.141
299.524
273.35
248.921
226.467
206.141
188.02
172.109
158.349
146.627
136.793
128.664
122.047
116.739
112.544
109.279
106.774
104.881
103.471
102.436
101.687
101.153
100.778
100.518
100.34
100.221
100.141
100.089
100.056
100.034
100.021
100.012
100.007
100.004
100.002
100.001
100.001
100
100
100
100
100
100
100
100
100
100
100
100
100
100
100
100
100
100
100
100
100
100
100
100
100
100
100
100
100
100
100
100
100
100
100
100
385.204
355.839
327.141
299.524
273.35
248.921
226.467
206.141
188.02
172.109
158.348
146.627
136.792
128.664
122.046
116.739
112.544
109.279
106.774
104.881
103.471
102.436
101.687
101.153
100.778
100.518
100.34
100.221
100.141
100.089
100.056
100.034
100.021
100.012
100.007
100.004
100.002
100.001
100.001
100
100
100
100
100
100
100
100
100
100
100
100
100
100
100
100
100
100
100
100
100
100
100
100
100
100
100
100
100
100
100
100
100
100
100
100
385.204
355.839
327.141
299.524
273.35
248.921
226.467
206.141
188.02
172.109
158.348
146.627
136.792
128.664
122.046
116.739
112.544
109.279
106.774
104.881
103.471
102.436
101.687
101.153
100.778
100.518
100.34
100.221
100.141
100.089
100.056
100.034
100.021
100.012
100.007
100.004
100.002
100.001
100.001
100
100
100
100
100
100
100
100
100
100
100
100
100
100
100
100
100
100
100
100
100
100
100
100
100
100
100
100
100
100
100
100
100
100
100
100
385.204
355.838
327.141
299.523
273.349
248.921
226.467
206.141
188.02
172.108
158.348
146.627
136.792
128.664
122.046
116.738
112.544
109.279
106.774
104.881
103.471
102.436
101.687
101.153
100.778
100.518
100.34
100.221
100.141
100.089
100.056
100.034
100.021
100.012
100.007
100.004
100.002
100.001
100.001
100
100
100
100
100
100
100
100
100
100
100
100
100
100
100
100
100
100
100
100
100
100
100
100
100
100
100
100
100
100
100
100
100
100
100
100
385.204
355.838
327.141
299.523
273.349
248.92
226.466
206.14
188.019
172.108
158.347
146.626
136.792
128.663
122.046
116.738
112.544
109.279
106.774
104.881
103.471
102.436
101.687
101.153
100.778
100.518
100.34
100.221
100.141
100.089
100.056
100.034
100.021
100.012
100.007
100.004
100.002
100.001
100.001
100
100
100
100
100
100
100
100
100
100
100
100
100
100
100
100
100
100
100
100
100
100
100
100
100
100
100
100
100
100
100
100
100
100
100
100
385.204
355.838
327.14
299.522
273.348
248.919
226.465
206.139
188.018
172.107
158.346
146.625
136.791
128.663
122.045
116.738
112.544
109.279
106.774
104.881
103.471
102.436
101.687
101.153
100.778
100.518
100.34
100.221
100.141
100.089
100.056
100.034
100.021
100.012
100.007
100.004
100.002
100.001
100.001
100
100
100
100
100
100
100
100
100
100
100
100
100
100
100
100
100
100
100
100
100
100
100
100
100
100
100
100
100
100
100
100
100
100
100
100
385.204
355.837
327.139
299.521
273.346
248.917
226.463
206.137
188.016
172.105
158.345
146.624
136.789
128.662
122.044
116.737
112.543
109.278
106.774
104.881
103.471
102.436
101.687
101.153
100.778
100.518
100.34
100.221
100.141
100.089
100.056
100.034
100.021
100.012
100.007
100.004
100.002
100.001
100.001
100
100
100
100
100
100
100
100
100
100
100
100
100
100
100
100
100
100
100
100
100
100
100
100
100
100
100
100
100
100
100
100
100
100
100
100
385.203
355.836
327.137
299.519
273.344
248.914
226.46
206.134
188.013
172.102
158.342
146.621
136.787
128.66
122.043
116.736
112.542
109.277
106.773
104.88
103.47
102.435
101.687
101.153
100.778
100.518
100.34
100.221
100.141
100.089
100.056
100.034
100.021
100.012
100.007
100.004
100.002
100.001
100.001
100
100
100
100
100
100
100
100
100
100
100
100
100
100
100
100
100
100
100
100
100
100
100
100
100
100
100
100
100
100
100
100
100
100
100
100
385.203
355.835
327.135
299.515
273.34
248.909
226.455
206.129
188.008
172.097
158.338
146.617
136.784
128.657
122.04
116.734
112.54
109.276
106.772
104.879
103.47
102.435
101.686
101.153
100.777
100.518
100.34
100.22
100.141
100.089
100.056
100.034
100.021
100.012
100.007
100.004
100.002
100.001
100.001
100
100
100
100
100
100
100
100
100
100
100
100
100
100
100
100
100
100
100
100
100
100
100
100
100
100
100
100
100
100
100
100
100
100
100
100
385.202
355.832
327.131
299.51
273.333
248.902
226.447
206.121
188
172.09
158.331
146.611
136.778
128.652
122.036
116.73
112.538
109.274
106.77
104.878
103.469
102.434
101.686
101.152
100.777
100.517
100.34
100.22
100.141
100.089
100.055
100.034
100.021
100.012
100.007
100.004
100.002
100.001
100.001
100
100
100
100
100
100
100
100
100
100
100
100
100
100
100
100
100
100
100
100
100
100
100
100
100
100
100
100
100
100
100
100
100
100
100
100
385.2
355.828
327.124
299.501
273.322
248.89
226.435
206.108
187.988
172.078
158.32
146.602
136.77
128.645
122.03
116.725
112.534
109.271
106.768
104.876
103.467
102.433
101.685
101.152
100.777
100.517
100.34
100.22
100.141
100.089
100.055
100.034
100.021
100.012
100.007
100.004
100.002
100.001
100.001
100
100
100
100
100
100
100
100
100
100
100
100
100
100
100
100
100
100
100
100
100
100
100
100
100
100
100
100
100
100
100
100
100
100
100
100
385.198
355.821
327.114
299.487
273.306
248.872
226.415
206.089
187.969
172.06
158.304
146.587
136.757
128.634
122.021
116.718
112.528
109.266
106.764
104.873
103.465
102.432
101.684
101.151
100.776
100.517
100.339
100.22
100.141
100.089
100.055
100.034
100.021
100.012
100.007
100.004
100.002
100.001
100.001
100
100
100
100
100
100
100
100
100
100
100
100
100
100
100
100
100
100
100
100
100
100
100
100
100
100
100
100
100
100
100
100
100
100
100
100
385.195
355.811
327.098
299.466
273.281
248.844
226.386
206.059
187.94
172.033
158.279
146.564
136.738
128.617
122.007
116.707
112.519
109.259
106.759
104.869
103.462
102.429
101.682
101.15
100.776
100.516
100.339
100.22
100.141
100.089
100.055
100.034
100.021
100.012
100.007
100.004
100.002
100.001
100.001
100
100
100
100
100
100
100
100
100
100
100
100
100
100
100
100
100
100
100
100
100
100
100
100
100
100
100
100
100
100
100
100
100
100
100
100
385.19
355.796
327.073
299.434
273.243
248.802
226.341
206.014
187.896
171.992
158.241
146.531
136.708
128.593
121.987
116.69
112.505
109.248
106.751
104.863
103.458
102.426
101.68
101.148
100.774
100.515
100.339
100.22
100.14
100.089
100.055
100.034
100.021
100.012
100.007
100.004
100.002
100.001
100.001
100
100
100
100
100
100
100
100
100
100
100
100
100
100
100
100
100
100
100
100
100
100
100
100
100
100
100
100
100
100
100
100
100
100
100
100
385.182
355.773
327.036
299.385
273.185
248.738
226.274
205.947
187.831
171.93
158.185
146.481
136.665
128.556
121.956
116.665
112.486
109.233
106.739
104.854
103.451
102.421
101.677
101.146
100.773
100.514
100.338
100.219
100.14
100.088
100.055
100.034
100.021
100.012
100.007
100.004
100.002
100.001
100.001
100
100
100
100
100
100
100
100
100
100
100
100
100
100
100
100
100
100
100
100
100
100
100
100
100
100
100
100
100
100
100
100
100
100
100
100
385.17
355.738
326.981
299.312
273.099
248.643
226.175
205.847
187.734
171.84
158.103
146.408
136.602
128.503
121.912
116.629
112.457
109.211
106.722
104.841
103.442
102.414
101.672
101.142
100.77
100.513
100.337
100.218
100.14
100.088
100.055
100.034
100.021
100.012
100.007
100.004
100.002
100.001
100.001
100
100
100
100
100
100
100
100
100
100
100
100
100
100
100
100
100
100
100
100
100
100
100
100
100
100
100
100
100
100
100
100
100
100
100
100
385.153
355.687
326.899
299.205
272.972
248.503
226.029
205.701
187.593
171.709
157.983
146.303
136.511
128.426
121.849
116.578
112.417
109.179
106.698
104.823
103.428
102.405
101.665
101.137
100.767
100.51
100.335
100.217
100.139
100.088
100.055
100.034
100.02
100.012
100.007
100.004
100.002
100.001
100.001
100
100
100
100
100
100
100
100
100
100
100
100
100
100
100
100
100
100
100
100
100
100
100
100
100
100
100
100
100
100
100
100
100
100
100
100
385.127
355.612
326.779
299.047
272.786
248.299
225.816
205.489
187.39
171.519
157.813
146.153
136.382
128.318
121.76
116.507
112.36
109.136
106.664
104.798
103.41
102.391
101.655
101.131
100.762
100.507
100.333
100.216
100.138
100.087
100.054
100.033
100.02
100.012
100.007
100.004
100.002
100.001
100.001
100
100
100
100
100
100
100
100
100
100
100
100
100
100
100
100
100
100
100
100
100
100
100
100
100
100
100
100
100
100
100
100
100
100
100
100
385.089
355.502
326.604
298.818
272.516
248.004
225.511
205.186
187.1
171.251
157.571
145.941
136.201
128.166
121.636
116.407
112.282
109.075
106.619
104.764
103.385
102.373
101.642
101.122
100.756
100.503
100.33
100.214
100.137
100.086
100.054
100.033
100.02
100.012
100.007
100.004
100.002
100.001
100.001
100
100
100
100
100
100
100
100
100
100
100
100
100
100
100
100
100
100
100
100
100
100
100
100
100
100
100
100
100
100
100
100
100
100
100
100
385.035
355.343
326.351
298.488
272.129
247.582
225.076
204.756
186.691
170.874
157.234
145.647
135.951
127.958
121.466
116.271
112.175
108.993
106.556
104.718
103.351
102.349
101.625
101.11
100.748
100.497
100.327
100.212
100.135
100.085
100.053
100.033
100.02
100.012
100.007
100.004
100.002
100.001
100.001
100
100
100
100
100
100
100
100
100
100
100
100
100
100
100
100
100
100
100
100
100
100
100
100
100
100
100
100
100
100
100
100
100
100
100
100
384.957
355.114
325.988
298.016
271.579
246.986
224.463
204.154
186.121
170.351
156.768
145.243
135.608
127.674
121.236
116.088
112.032
108.883
106.473
104.656
103.306
102.317
101.602
101.094
100.737
100.49
100.322
100.208
100.133
100.084
100.052
100.032
100.02
100.012
100.007
100.004
100.002
100.001
100.001
100
100
100
100
100
100
100
100
100
100
100
100
100
100
100
100
100
100
100
100
100
100
100
100
100
100
100
100
100
100
100
100
100
100
100
100
384.845
354.788
325.472
297.348
270.803
246.148
223.607
203.319
185.335
169.635
156.134
144.696
135.147
127.294
120.928
115.844
111.842
108.738
106.365
104.576
103.247
102.275
101.573
101.073
100.723
100.481
100.315
100.204
100.131
100.082
100.051
100.032
100.019
100.011
100.007
100.004
100.002
100.001
100.001
100
100
100
100
100
100
100
100
100
100
100
100
100
100
100
100
100
100
100
100
100
100
100
100
100
100
100
100
100
100
100
100
100
100
100
100
384.686
354.324
324.741
296.406
269.715
244.982
222.425
202.172
184.264
168.666
155.282
143.965
134.535
126.791
120.525
115.526
111.596
108.55
106.224
104.472
103.172
102.221
101.535
101.047
100.705
100.469
100.307
100.199
100.127
100.08
100.05
100.031
100.019
100.011
100.007
100.004
100.002
100.001
100.001
100
100
100
100
100
100
100
100
100
100
100
100
100
100
100
100
100
100
100
100
100
100
100
100
100
100
100
100
100
100
100
100
100
100
100
100
384.461
353.667
323.711
295.085
268.201
243.372
220.806
200.615
182.822
167.371
154.151
143.002
133.733
126.138
120.002
115.115
111.279
108.31
106.045
104.341
103.077
102.153
101.487
101.014
100.683
100.453
100.297
100.192
100.123
100.078
100.048
100.03
100.018
100.011
100.006
100.004
100.002
100.001
100.001
100
100
100
100
100
100
100
100
100
100
100
100
100
100
100
100
100
100
100
100
100
100
100
100
100
100
100
100
100
100
100
100
100
100
100
100
384.141
352.739
322.261
293.242
266.107
241.166
218.61
198.524
180.902
165.663
152.672
141.752
132.699
125.3
119.336
114.596
110.88
108.009
105.821
104.177
102.959
102.069
101.429
100.974
100.655
100.435
100.285
100.185
100.118
100.074
100.046
100.028
100.017
100.01
100.006
100.004
100.002
100.001
100.001
100
100
100
100
100
100
100
100
100
100
100
100
100
100
100
100
100
100
100
100
100
100
100
100
100
100
100
100
100
100
100
100
100
100
100
100
383.685
351.424
320.225
290.676
263.225
238.166
215.659
195.746
178.378
163.44
150.765
140.153
131.388
124.245
118.502
113.948
110.385
107.637
105.545
103.976
102.815
101.967
101.357
100.925
100.622
100.413
100.27
100.175
100.112
100.07
100.044
100.027
100.016
100.01
100.006
100.003
100.002
100.001
100.001
100
100
100
100
100
100
100
100
100
100
100
100
100
100
100
100
100
100
100
100
100
100
100
100
100
100
100
100
100
100
100
100
100
100
100
100
383.035
349.554
317.357
287.111
259.276
234.115
211.73
192.096
175.105
160.589
148.342
138.141
129.75
122.936
117.474
113.154
109.782
107.185
105.212
103.734
102.641
101.845
101.272
100.866
100.582
100.386
100.253
100.164
100.104
100.066
100.041
100.025
100.015
100.009
100.005
100.003
100.002
100.001
100.001
100
100
100
100
100
100
100
100
100
100
100
100
100
100
100
100
100
100
100
100
100
100
100
100
100
100
100
100
100
100
100
100
100
100
100
100
382.094
346.873
313.302
282.154
253.886
228.686
206.553
187.362
170.918
156.987
145.317
135.651
127.74
121.342
116.231
112.199
109.06
106.647
104.817
103.448
102.437
101.701
101.172
100.798
100.536
100.355
100.233
100.15
100.096
100.06
100.038
100.023
100.014
100.008
100.005
100.003
100.002
100.001
100.001
100
100
100
100
100
100
100
100
100
100
100
100
100
100
100
100
100
100
100
100
100
100
100
100
100
100
100
100
100
100
100
100
100
100
100
100
380.709
342.974
307.521
275.251
246.555
221.466
199.808
181.306
165.647
152.514
141.603
132.628
125.321
119.437
114.754
111.072
108.211
106.017
104.356
103.115
102.2
101.534
101.057
100.719
100.483
100.32
100.209
100.135
100.086
100.054
100.034
100.021
100.013
100.007
100.004
100.003
100.001
100.001
100
100
100
100
100
100
100
100
100
100
100
100
100
100
100
100
100
100
100
100
100
100
100
100
100
100
100
100
100
100
100
100
100
100
100
100
100
378.605
337.18
299.183
265.609
236.626
211.956
191.139
173.683
159.127
147.064
137.135
129.026
122.464
117.205
113.035
109.766
107.233
105.294
103.829
102.736
101.931
101.346
100.926
100.63
100.423
100.28
100.183
100.118
100.075
100.048
100.03
100.018
100.011
100.007
100.004
100.002
100.001
100.001
100
100
100
100
100
100
100
100
100
100
100
100
100
100
100
100
100
100
100
100
100
100
100
100
100
100
100
100
100
100
100
100
100
100
100
100
100
375.252
328.294
286.968
252.101
223.265
199.589
180.181
164.269
151.229
140.563
131.872
124.83
119.164
114.645
111.076
108.285
106.128
104.481
103.237
102.311
101.63
101.135
100.781
100.531
100.356
100.236
100.154
100.1
100.063
100.04
100.025
100.015
100.009
100.006
100.003
100.002
100.001
100.001
100
100
100
100
100
100
100
100
100
100
100
100
100
100
100
100
100
100
100
100
100
100
100
100
100
100
100
100
100
100
100
100
100
100
100
100
100
369.457
314.059
268.747
233.173
205.478
183.789
166.626
152.915
141.889
132.995
125.821
120.052
115.438
111.774
108.889
106.641
104.906
103.584
102.587
101.846
101.301
100.906
100.623
100.423
100.284
100.188
100.123
100.079
100.051
100.032
100.02
100.012
100.007
100.004
100.003
100.001
100.001
100
100
100
100
100
100
100
100
100
100
100
100
100
100
100
100
100
100
100
100
100
100
100
100
100
100
100
100
100
100
100
100
100
100
100
100
100
100
358.049
289.962
241.152
206.849
182.272
164.123
150.331
139.614
131.158
124.427
119.048
114.752
111.334
108.629
106.506
104.855
103.583
102.615
101.887
101.345
100.948
100.66
100.453
100.308
100.206
100.137
100.089
100.058
100.037
100.023
100.014
100.009
100.005
100.003
100.002
100.001
100.001
100
100
100
100
100
100
100
100
100
100
100
100
100
100
100
100
100
100
100
100
100
100
100
100
100
100
100
100
100
100
100
100
100
100
100
100
100
100
330.88
246.749
199.312
171.149
153.061
140.579
131.479
124.588
119.24
115.028
111.688
109.033
106.929
105.269
103.969
102.959
102.183
101.592
101.148
100.818
100.576
100.401
100.276
100.187
100.125
100.083
100.054
100.035
100.022
100.014
100.009
100.005
100.003
100.002
100.001
100.001
100
100
100
100
100
100
100
100
100
100
100
100
100
100
100
100
100
100
100
100
100
100
100
100
100
100
100
100
100
100
100
100
100
100
100
100
100
100
100
249.635
166.942
138.358
125.587
118.501
113.943
110.732
108.344
106.51
105.075
103.941
103.043
102.332
101.772
101.334
100.994
100.733
100.535
100.386
100.275
100.193
100.135
100.092
100.063
100.042
100.028
100.018
100.012
100.007
100.005
100.003
100.002
100.001
100.001
100
100
100
100
100
100
100
100
100
100
100
100
100
100
100
100
100
100
100
100
100
100
100
100
100
100
100
100
100
100
100
100
100
100
100
100
100
100
100
100
100
)
;

boundaryField
{
    upperwall
    {
        type            fixedValue;
        value           uniform 400;
    }
    rightwall
    {
        type            fixedValue;
        value           uniform 100;
    }
    leftwall
    {
        type            fixedValue;
        value           uniform 100;
    }
    bottomwall
    {
        type            fixedValue;
        value           uniform 100;
    }
    frontandback
    {
        type            empty;
    }
}


// ************************************************************************* //
