/*--------------------------------*- C++ -*----------------------------------*\
  =========                 |
  \\      /  F ield         | OpenFOAM: The Open Source CFD Toolbox
   \\    /   O peration     | Website:  https://openfoam.org
    \\  /    A nd           | Version:  10
     \\/     M anipulation  |
\*---------------------------------------------------------------------------*/
FoamFile
{
    format      ascii;
    class       volScalarField;
    location    "154";
    object      T;
}
// * * * * * * * * * * * * * * * * * * * * * * * * * * * * * * * * * * * * * //

dimensions      [0 0 0 1 0 0 0];

internalField   nonuniform List<scalar> 
11250
(
249.654
166.998
138.449
125.709
118.648
114.11
110.913
108.532
106.699
105.259
104.116
103.206
102.48
101.904
101.449
101.093
100.816
100.603
100.441
100.319
100.228
100.161
100.112
100.078
100.053
100.036
100.024
100.016
100.01
100.007
100.004
100.003
100.002
100.001
100.001
100
100
100
100
100
100
100
100
100
100
100
100
100
100
100
100
100
100
100
100
100
100
100
100
100
100
100
100
100
100
100
100
100
100
100
100
100
100
100
100
330.937
246.917
199.584
171.513
153.501
141.078
132.018
125.148
119.803
115.578
112.211
109.52
107.372
105.663
104.312
103.253
102.429
101.795
101.313
100.949
100.679
100.48
100.335
100.232
100.158
100.107
100.071
100.047
100.03
100.02
100.012
100.008
100.005
100.003
100.002
100.001
100.001
100
100
100
100
100
100
100
100
100
100
100
100
100
100
100
100
100
100
100
100
100
100
100
100
100
100
100
100
100
100
100
100
100
100
100
100
100
100
358.142
290.239
241.6
207.449
182.998
164.946
151.221
140.539
132.088
125.334
119.912
115.555
112.063
109.278
107.072
105.339
103.99
102.951
102.158
101.561
101.117
100.79
100.552
100.381
100.26
100.175
100.117
100.077
100.05
100.032
100.02
100.013
100.008
100.005
100.003
100.002
100.001
100.001
100
100
100
100
100
100
100
100
100
100
100
100
100
100
100
100
100
100
100
100
100
100
100
100
100
100
100
100
100
100
100
100
100
100
100
100
100
369.586
314.441
269.366
234
206.48
184.925
167.853
154.19
143.171
134.247
127.013
121.16
116.445
112.67
109.671
107.309
105.467
104.046
102.962
102.144
101.534
101.085
100.759
100.524
100.358
100.241
100.161
100.106
100.069
100.044
100.028
100.018
100.011
100.007
100.004
100.002
100.001
100.001
100
100
100
100
100
100
100
100
100
100
100
100
100
100
100
100
100
100
100
100
100
100
100
100
100
100
100
100
100
100
100
100
100
100
100
100
100
375.415
328.776
287.747
253.145
224.528
201.022
181.729
165.877
152.846
142.142
133.375
126.227
120.434
115.775
112.061
109.128
106.836
105.064
103.71
102.687
101.924
101.362
100.953
100.658
100.45
100.303
100.202
100.133
100.087
100.056
100.035
100.022
100.014
100.008
100.005
100.003
100.002
100.001
100.001
100
100
100
100
100
100
100
100
100
100
100
100
100
100
100
100
100
100
100
100
100
100
100
100
100
100
100
100
100
100
100
100
100
100
100
100
378.8
337.756
300.114
266.854
238.134
213.667
192.986
175.602
161.057
148.949
138.929
130.694
123.98
118.554
114.211
110.772
108.077
105.99
104.393
103.184
102.282
101.616
101.131
100.782
100.534
100.361
100.241
100.159
100.103
100.066
100.042
100.026
100.016
100.01
100.006
100.004
100.002
100.001
100.001
100
100
100
100
100
100
100
100
100
100
100
100
100
100
100
100
100
100
100
100
100
100
100
100
100
100
100
100
100
100
100
100
100
100
100
100
380.932
343.636
308.591
276.683
248.288
223.431
201.931
183.512
167.865
154.681
143.666
134.545
127.063
120.987
116.106
112.228
109.182
106.817
105.004
103.631
102.604
101.845
101.292
100.894
100.611
100.413
100.275
100.181
100.118
100.076
100.048
100.03
100.019
100.011
100.007
100.004
100.002
100.001
100.001
100
100
100
100
100
100
100
100
100
100
100
100
100
100
100
100
100
100
100
100
100
100
100
100
100
100
100
100
100
100
100
100
100
100
100
100
382.344
347.612
314.498
283.755
255.824
230.883
208.926
189.828
173.398
159.409
147.623
137.795
129.688
123.075
117.742
113.492
110.145
107.541
105.541
104.024
102.888
102.048
101.435
100.993
100.679
100.459
100.306
100.202
100.132
100.085
100.054
100.034
100.021
100.013
100.008
100.005
100.003
100.002
100.001
100.001
100
100
100
100
100
100
100
100
100
100
100
100
100
100
100
100
100
100
100
100
100
100
100
100
100
100
100
100
100
100
100
100
100
100
100
383.309
350.363
318.666
288.862
261.397
236.52
214.328
194.795
177.819
163.24
150.866
140.486
131.881
124.832
119.128
114.569
110.97
108.164
106.005
104.365
103.135
102.225
101.56
101.081
100.739
100.5
100.334
100.22
100.143
100.092
100.059
100.037
100.023
100.014
100.008
100.005
100.003
100.002
100.001
100.001
100
100
100
100
100
100
100
100
100
100
100
100
100
100
100
100
100
100
100
100
100
100
100
100
100
100
100
100
100
100
100
100
100
100
100
383.98
352.294
321.633
292.561
265.507
240.754
218.454
198.65
181.299
166.293
153.48
142.676
133.681
126.285
120.282
115.47
111.663
108.69
106.399
104.655
103.346
102.376
101.667
101.155
100.791
100.535
100.357
100.236
100.154
100.099
100.063
100.04
100.025
100.015
100.009
100.005
100.003
100.002
100.001
100.001
100
100
100
100
100
100
100
100
100
100
100
100
100
100
100
100
100
100
100
100
100
100
100
100
100
100
100
100
100
100
100
100
100
100
100
384.453
353.663
323.756
295.242
268.529
243.912
221.577
201.607
184.001
168.691
155.554
144.43
135.134
127.466
121.225
116.211
112.237
109.127
106.726
104.898
103.523
102.504
101.757
101.219
100.835
100.565
100.377
100.249
100.162
100.105
100.067
100.042
100.026
100.016
100.01
100.006
100.003
100.002
100.001
100.001
100
100
100
100
100
100
100
100
100
100
100
100
100
100
100
100
100
100
100
100
100
100
100
100
100
100
100
100
100
100
100
100
100
100
100
384.789
354.637
325.279
297.184
270.743
246.254
223.919
203.85
186.074
170.549
157.175
145.812
136.288
128.411
121.984
116.811
112.703
109.484
106.995
105.097
103.669
102.609
101.832
101.271
100.871
100.59
100.394
100.26
100.17
100.109
100.07
100.044
100.027
100.017
100.01
100.006
100.004
100.002
100.001
100.001
100
100
100
100
100
100
100
100
100
100
100
100
100
100
100
100
100
100
100
100
100
100
100
100
100
100
100
100
100
100
100
100
100
100
100
385.027
355.332
326.372
298.588
272.357
247.978
225.662
205.535
187.645
171.97
158.426
146.887
137.191
129.155
122.586
117.289
113.076
109.77
107.212
105.259
103.788
102.695
101.894
101.314
100.901
100.61
100.408
100.269
100.176
100.113
100.072
100.045
100.028
100.017
100.01
100.006
100.004
100.002
100.001
100.001
100
100
100
100
100
100
100
100
100
100
100
100
100
100
100
100
100
100
100
100
100
100
100
100
100
100
100
100
100
100
100
100
100
100
100
385.197
355.828
327.154
299.599
273.529
249.239
226.946
206.788
188.824
173.043
159.378
147.711
137.887
129.732
123.055
117.663
113.369
109.997
107.384
105.387
103.882
102.763
101.943
101.349
100.925
100.627
100.419
100.277
100.181
100.116
100.074
100.047
100.029
100.018
100.011
100.006
100.004
100.002
100.001
100.001
100
100
100
100
100
100
100
100
100
100
100
100
100
100
100
100
100
100
100
100
100
100
100
100
100
100
100
100
100
100
100
100
100
100
100
385.318
356.18
327.713
300.324
274.374
250.155
227.886
207.711
189.697
173.845
160.094
148.333
138.417
130.174
123.416
117.952
113.597
110.173
107.518
105.488
103.957
102.818
101.982
101.376
100.944
100.64
100.428
100.283
100.185
100.119
100.076
100.048
100.03
100.018
100.011
100.007
100.004
100.002
100.001
100.001
100
100
100
100
100
100
100
100
100
100
100
100
100
100
100
100
100
100
100
100
100
100
100
100
100
100
100
100
100
100
100
100
100
100
100
385.403
356.43
328.109
300.841
274.979
250.814
228.566
208.383
190.338
174.437
160.625
148.799
138.815
130.507
123.689
118.173
113.772
110.309
107.622
105.566
104.015
102.86
102.012
101.398
100.959
100.65
100.435
100.288
100.188
100.121
100.077
100.048
100.03
100.018
100.011
100.007
100.004
100.002
100.001
100.001
100
100
100
100
100
100
100
100
100
100
100
100
100
100
100
100
100
100
100
100
100
100
100
100
100
100
100
100
100
100
100
100
100
100
100
385.463
356.606
328.389
301.208
275.41
251.285
229.055
208.869
190.804
174.869
161.015
149.142
139.11
130.755
123.894
118.338
113.903
110.411
107.701
105.626
104.059
102.892
102.035
101.415
100.971
100.658
100.441
100.291
100.19
100.123
100.078
100.049
100.03
100.019
100.011
100.007
100.004
100.002
100.001
100.001
100
100
100
100
100
100
100
100
100
100
100
100
100
100
100
100
100
100
100
100
100
100
100
100
100
100
100
100
100
100
100
100
100
100
100
385.505
356.729
328.586
301.465
275.714
251.619
229.403
209.216
191.138
175.18
161.297
149.391
139.326
130.937
124.044
118.461
114
110.488
107.76
105.67
104.092
102.917
102.053
101.427
100.98
100.664
100.445
100.294
100.192
100.124
100.079
100.05
100.031
100.019
100.011
100.007
100.004
100.002
100.001
100.001
100
100
100
100
100
100
100
100
100
100
100
100
100
100
100
100
100
100
100
100
100
100
100
100
100
100
100
100
100
100
100
100
100
100
100
385.534
356.814
328.722
301.645
275.926
251.854
229.648
209.462
191.375
175.403
161.5
149.571
139.482
131.069
124.154
118.55
114.072
110.544
107.803
105.703
104.117
102.935
102.066
101.436
100.986
100.669
100.448
100.296
100.193
100.125
100.079
100.05
100.031
100.019
100.012
100.007
100.004
100.002
100.001
100.001
100
100
100
100
100
100
100
100
100
100
100
100
100
100
100
100
100
100
100
100
100
100
100
100
100
100
100
100
100
100
100
100
100
100
100
385.554
356.873
328.817
301.769
276.074
252.017
229.819
209.634
191.542
175.56
161.643
149.699
139.593
131.164
124.233
118.615
114.124
110.585
107.835
105.727
104.135
102.948
102.076
101.443
100.991
100.672
100.45
100.298
100.194
100.125
100.08
100.05
100.031
100.019
100.012
100.007
100.004
100.002
100.001
100.001
100
100
100
100
100
100
100
100
100
100
100
100
100
100
100
100
100
100
100
100
100
100
100
100
100
100
100
100
100
100
100
100
100
100
100
385.568
356.914
328.881
301.855
276.175
252.129
229.937
209.753
191.658
175.669
161.744
149.789
139.671
131.231
124.289
118.66
114.161
110.614
107.857
105.745
104.148
102.958
102.083
101.448
100.995
100.675
100.452
100.299
100.195
100.126
100.08
100.05
100.031
100.019
100.012
100.007
100.004
100.002
100.001
100.001
100
100
100
100
100
100
100
100
100
100
100
100
100
100
100
100
100
100
100
100
100
100
100
100
100
100
100
100
100
100
100
100
100
100
100
385.577
356.941
328.925
301.913
276.244
252.206
230.018
209.834
191.738
175.744
161.813
149.851
139.726
131.278
124.328
118.693
114.187
110.635
107.873
105.757
104.157
102.964
102.088
101.452
100.997
100.676
100.453
100.3
100.196
100.126
100.08
100.051
100.031
100.019
100.012
100.007
100.004
100.002
100.001
100.001
100
100
100
100
100
100
100
100
100
100
100
100
100
100
100
100
100
100
100
100
100
100
100
100
100
100
100
100
100
100
100
100
100
100
100
385.583
356.96
328.955
301.952
276.291
252.257
230.073
209.89
191.792
175.796
161.861
149.894
139.763
131.31
124.355
118.715
114.205
110.649
107.884
105.765
104.163
102.969
102.091
101.454
100.999
100.678
100.454
100.3
100.196
100.126
100.081
100.051
100.031
100.019
100.012
100.007
100.004
100.002
100.001
100.001
100
100
100
100
100
100
100
100
100
100
100
100
100
100
100
100
100
100
100
100
100
100
100
100
100
100
100
100
100
100
100
100
100
100
100
385.588
356.972
328.974
301.978
276.322
252.292
230.11
209.927
191.828
175.831
161.893
149.922
139.789
131.332
124.374
118.73
114.217
110.659
107.892
105.771
104.168
102.973
102.094
101.456
101
100.678
100.454
100.301
100.196
100.127
100.081
100.051
100.032
100.019
100.012
100.007
100.004
100.002
100.001
100.001
100
100
100
100
100
100
100
100
100
100
100
100
100
100
100
100
100
100
100
100
100
100
100
100
100
100
100
100
100
100
100
100
100
100
100
385.59
356.98
328.987
301.995
276.342
252.315
230.134
209.952
191.853
175.854
161.914
149.942
139.806
131.347
124.386
118.741
114.226
110.665
107.897
105.775
104.171
102.975
102.095
101.457
101.001
100.679
100.455
100.301
100.197
100.127
100.081
100.051
100.032
100.019
100.012
100.007
100.004
100.002
100.001
100.001
100
100
100
100
100
100
100
100
100
100
100
100
100
100
100
100
100
100
100
100
100
100
100
100
100
100
100
100
100
100
100
100
100
100
100
385.592
356.985
328.996
302.006
276.356
252.33
230.15
209.968
191.869
175.869
161.928
149.955
139.817
131.356
124.395
118.748
114.231
110.67
107.901
105.778
104.173
102.976
102.096
101.458
101.002
100.679
100.455
100.301
100.197
100.127
100.081
100.051
100.032
100.019
100.012
100.007
100.004
100.002
100.001
100.001
100
100
100
100
100
100
100
100
100
100
100
100
100
100
100
100
100
100
100
100
100
100
100
100
100
100
100
100
100
100
100
100
100
100
100
385.593
356.988
329.001
302.013
276.364
252.34
230.16
209.979
191.879
175.879
161.937
149.963
139.825
131.363
124.4
118.752
114.235
110.673
107.903
105.78
104.174
102.977
102.097
101.459
101.002
100.68
100.455
100.301
100.197
100.127
100.081
100.051
100.032
100.019
100.012
100.007
100.004
100.002
100.001
100.001
100
100
100
100
100
100
100
100
100
100
100
100
100
100
100
100
100
100
100
100
100
100
100
100
100
100
100
100
100
100
100
100
100
100
100
385.594
356.991
329.005
302.018
276.37
252.346
230.167
209.985
191.886
175.885
161.943
149.968
139.829
131.367
124.404
118.755
114.237
110.675
107.905
105.781
104.175
102.978
102.098
101.459
101.002
100.68
100.455
100.301
100.197
100.127
100.081
100.051
100.032
100.019
100.012
100.007
100.004
100.002
100.001
100.001
100
100
100
100
100
100
100
100
100
100
100
100
100
100
100
100
100
100
100
100
100
100
100
100
100
100
100
100
100
100
100
100
100
100
100
385.594
356.992
329.007
302.021
276.373
252.35
230.171
209.99
191.89
175.889
161.947
149.972
139.833
131.37
124.406
118.757
114.239
110.676
107.906
105.782
104.176
102.979
102.098
101.459
101.002
100.68
100.456
100.301
100.197
100.127
100.081
100.051
100.032
100.019
100.012
100.007
100.004
100.002
100.001
100.001
100
100
100
100
100
100
100
100
100
100
100
100
100
100
100
100
100
100
100
100
100
100
100
100
100
100
100
100
100
100
100
100
100
100
100
385.595
356.993
329.008
302.023
276.376
252.352
230.174
209.992
191.893
175.892
161.95
149.974
139.834
131.371
124.407
118.758
114.24
110.677
107.906
105.782
104.176
102.979
102.098
101.459
101.003
100.68
100.456
100.301
100.197
100.127
100.081
100.051
100.032
100.019
100.012
100.007
100.004
100.002
100.001
100.001
100
100
100
100
100
100
100
100
100
100
100
100
100
100
100
100
100
100
100
100
100
100
100
100
100
100
100
100
100
100
100
100
100
100
100
385.595
356.993
329.009
302.024
276.377
252.354
230.175
209.994
191.894
175.894
161.951
149.975
139.836
131.372
124.408
118.759
114.24
110.677
107.907
105.783
104.177
102.979
102.098
101.46
101.003
100.68
100.456
100.301
100.197
100.127
100.081
100.051
100.032
100.019
100.012
100.007
100.004
100.002
100.001
100.001
100
100
100
100
100
100
100
100
100
100
100
100
100
100
100
100
100
100
100
100
100
100
100
100
100
100
100
100
100
100
100
100
100
100
100
385.595
356.994
329.01
302.024
276.378
252.355
230.176
209.995
191.895
175.895
161.952
149.976
139.836
131.373
124.409
118.759
114.241
110.678
107.907
105.783
104.177
102.979
102.098
101.46
101.003
100.68
100.456
100.301
100.197
100.127
100.081
100.051
100.032
100.019
100.012
100.007
100.004
100.002
100.001
100.001
100
100
100
100
100
100
100
100
100
100
100
100
100
100
100
100
100
100
100
100
100
100
100
100
100
100
100
100
100
100
100
100
100
100
100
385.595
356.994
329.01
302.025
276.378
252.355
230.177
209.996
191.896
175.895
161.953
149.977
139.837
131.373
124.409
118.76
114.241
110.678
107.907
105.783
104.177
102.979
102.098
101.46
101.003
100.68
100.456
100.301
100.197
100.127
100.081
100.051
100.032
100.019
100.012
100.007
100.004
100.002
100.001
100.001
100
100
100
100
100
100
100
100
100
100
100
100
100
100
100
100
100
100
100
100
100
100
100
100
100
100
100
100
100
100
100
100
100
100
100
385.595
356.994
329.01
302.025
276.379
252.356
230.177
209.996
191.896
175.895
161.953
149.977
139.837
131.374
124.409
118.76
114.241
110.678
107.907
105.783
104.177
102.979
102.098
101.46
101.003
100.68
100.456
100.301
100.197
100.127
100.081
100.051
100.032
100.019
100.012
100.007
100.004
100.002
100.001
100.001
100
100
100
100
100
100
100
100
100
100
100
100
100
100
100
100
100
100
100
100
100
100
100
100
100
100
100
100
100
100
100
100
100
100
100
385.595
356.994
329.01
302.025
276.379
252.356
230.177
209.996
191.896
175.896
161.953
149.977
139.837
131.374
124.409
118.76
114.241
110.678
107.907
105.783
104.177
102.979
102.098
101.46
101.003
100.68
100.456
100.301
100.197
100.127
100.081
100.051
100.032
100.019
100.012
100.007
100.004
100.002
100.001
100.001
100
100
100
100
100
100
100
100
100
100
100
100
100
100
100
100
100
100
100
100
100
100
100
100
100
100
100
100
100
100
100
100
100
100
100
385.595
356.994
329.01
302.025
276.379
252.356
230.177
209.996
191.897
175.896
161.953
149.977
139.837
131.374
124.41
118.76
114.241
110.678
107.907
105.783
104.177
102.979
102.098
101.46
101.003
100.68
100.456
100.301
100.197
100.127
100.081
100.051
100.032
100.019
100.012
100.007
100.004
100.002
100.001
100.001
100
100
100
100
100
100
100
100
100
100
100
100
100
100
100
100
100
100
100
100
100
100
100
100
100
100
100
100
100
100
100
100
100
100
100
385.595
356.994
329.01
302.025
276.379
252.356
230.178
209.996
191.897
175.896
161.953
149.977
139.837
131.374
124.41
118.76
114.241
110.678
107.907
105.783
104.177
102.979
102.098
101.46
101.003
100.68
100.456
100.301
100.197
100.127
100.081
100.051
100.032
100.019
100.012
100.007
100.004
100.002
100.001
100.001
100
100
100
100
100
100
100
100
100
100
100
100
100
100
100
100
100
100
100
100
100
100
100
100
100
100
100
100
100
100
100
100
100
100
100
385.595
356.994
329.01
302.025
276.379
252.356
230.178
209.997
191.897
175.896
161.953
149.977
139.837
131.374
124.41
118.76
114.241
110.678
107.907
105.783
104.177
102.979
102.098
101.46
101.003
100.68
100.456
100.301
100.197
100.127
100.081
100.051
100.032
100.019
100.012
100.007
100.004
100.002
100.001
100.001
100
100
100
100
100
100
100
100
100
100
100
100
100
100
100
100
100
100
100
100
100
100
100
100
100
100
100
100
100
100
100
100
100
100
100
385.595
356.994
329.01
302.025
276.379
252.356
230.178
209.997
191.897
175.896
161.953
149.977
139.838
131.374
124.41
118.76
114.241
110.678
107.907
105.783
104.177
102.979
102.098
101.46
101.003
100.68
100.456
100.301
100.197
100.127
100.081
100.051
100.032
100.019
100.012
100.007
100.004
100.002
100.001
100.001
100
100
100
100
100
100
100
100
100
100
100
100
100
100
100
100
100
100
100
100
100
100
100
100
100
100
100
100
100
100
100
100
100
100
100
385.595
356.994
329.01
302.025
276.379
252.356
230.178
209.997
191.897
175.896
161.953
149.978
139.838
131.374
124.41
118.76
114.241
110.678
107.907
105.783
104.177
102.979
102.098
101.46
101.003
100.68
100.456
100.301
100.197
100.127
100.081
100.051
100.032
100.019
100.012
100.007
100.004
100.002
100.001
100.001
100
100
100
100
100
100
100
100
100
100
100
100
100
100
100
100
100
100
100
100
100
100
100
100
100
100
100
100
100
100
100
100
100
100
100
385.595
356.994
329.01
302.025
276.379
252.356
230.178
209.997
191.897
175.896
161.953
149.978
139.838
131.374
124.41
118.76
114.241
110.678
107.907
105.783
104.177
102.979
102.098
101.46
101.003
100.68
100.456
100.301
100.197
100.127
100.081
100.051
100.032
100.019
100.012
100.007
100.004
100.002
100.001
100.001
100
100
100
100
100
100
100
100
100
100
100
100
100
100
100
100
100
100
100
100
100
100
100
100
100
100
100
100
100
100
100
100
100
100
100
385.595
356.994
329.01
302.025
276.379
252.356
230.178
209.997
191.897
175.896
161.953
149.978
139.838
131.374
124.41
118.76
114.241
110.678
107.907
105.783
104.177
102.979
102.098
101.46
101.003
100.68
100.456
100.301
100.197
100.127
100.081
100.051
100.032
100.019
100.012
100.007
100.004
100.002
100.001
100.001
100
100
100
100
100
100
100
100
100
100
100
100
100
100
100
100
100
100
100
100
100
100
100
100
100
100
100
100
100
100
100
100
100
100
100
385.595
356.994
329.01
302.025
276.379
252.356
230.178
209.997
191.897
175.896
161.953
149.978
139.838
131.374
124.41
118.76
114.241
110.678
107.907
105.783
104.177
102.979
102.098
101.46
101.003
100.68
100.456
100.301
100.197
100.127
100.081
100.051
100.032
100.019
100.012
100.007
100.004
100.002
100.001
100.001
100
100
100
100
100
100
100
100
100
100
100
100
100
100
100
100
100
100
100
100
100
100
100
100
100
100
100
100
100
100
100
100
100
100
100
385.595
356.994
329.01
302.025
276.379
252.356
230.178
209.997
191.897
175.896
161.953
149.978
139.838
131.374
124.41
118.76
114.241
110.678
107.907
105.783
104.177
102.979
102.098
101.46
101.003
100.68
100.456
100.301
100.197
100.127
100.081
100.051
100.032
100.019
100.012
100.007
100.004
100.002
100.001
100.001
100
100
100
100
100
100
100
100
100
100
100
100
100
100
100
100
100
100
100
100
100
100
100
100
100
100
100
100
100
100
100
100
100
100
100
385.595
356.994
329.01
302.025
276.379
252.356
230.178
209.997
191.897
175.896
161.953
149.978
139.838
131.374
124.41
118.76
114.241
110.678
107.907
105.783
104.177
102.979
102.098
101.46
101.003
100.68
100.456
100.301
100.197
100.127
100.081
100.051
100.032
100.019
100.012
100.007
100.004
100.002
100.001
100.001
100
100
100
100
100
100
100
100
100
100
100
100
100
100
100
100
100
100
100
100
100
100
100
100
100
100
100
100
100
100
100
100
100
100
100
385.595
356.994
329.01
302.025
276.379
252.356
230.178
209.997
191.897
175.896
161.953
149.978
139.838
131.374
124.41
118.76
114.241
110.678
107.907
105.783
104.177
102.979
102.098
101.46
101.003
100.68
100.456
100.301
100.197
100.127
100.081
100.051
100.032
100.019
100.012
100.007
100.004
100.002
100.001
100.001
100
100
100
100
100
100
100
100
100
100
100
100
100
100
100
100
100
100
100
100
100
100
100
100
100
100
100
100
100
100
100
100
100
100
100
385.595
356.994
329.01
302.025
276.379
252.356
230.178
209.997
191.897
175.896
161.953
149.978
139.838
131.374
124.41
118.76
114.241
110.678
107.907
105.783
104.177
102.979
102.098
101.46
101.003
100.68
100.456
100.301
100.197
100.127
100.081
100.051
100.032
100.019
100.012
100.007
100.004
100.002
100.001
100.001
100
100
100
100
100
100
100
100
100
100
100
100
100
100
100
100
100
100
100
100
100
100
100
100
100
100
100
100
100
100
100
100
100
100
100
385.595
356.994
329.01
302.025
276.379
252.356
230.178
209.997
191.897
175.896
161.953
149.978
139.838
131.374
124.41
118.76
114.241
110.678
107.907
105.783
104.177
102.979
102.098
101.46
101.003
100.68
100.456
100.301
100.197
100.127
100.081
100.051
100.032
100.019
100.012
100.007
100.004
100.002
100.001
100.001
100
100
100
100
100
100
100
100
100
100
100
100
100
100
100
100
100
100
100
100
100
100
100
100
100
100
100
100
100
100
100
100
100
100
100
385.595
356.994
329.01
302.025
276.379
252.356
230.178
209.997
191.897
175.896
161.953
149.978
139.838
131.374
124.41
118.76
114.241
110.678
107.907
105.783
104.177
102.979
102.098
101.46
101.003
100.68
100.456
100.301
100.197
100.127
100.081
100.051
100.032
100.019
100.012
100.007
100.004
100.002
100.001
100.001
100
100
100
100
100
100
100
100
100
100
100
100
100
100
100
100
100
100
100
100
100
100
100
100
100
100
100
100
100
100
100
100
100
100
100
385.595
356.994
329.01
302.025
276.379
252.356
230.178
209.997
191.897
175.896
161.953
149.978
139.838
131.374
124.41
118.76
114.241
110.678
107.907
105.783
104.177
102.979
102.098
101.46
101.003
100.68
100.456
100.301
100.197
100.127
100.081
100.051
100.032
100.019
100.012
100.007
100.004
100.002
100.001
100.001
100
100
100
100
100
100
100
100
100
100
100
100
100
100
100
100
100
100
100
100
100
100
100
100
100
100
100
100
100
100
100
100
100
100
100
385.595
356.994
329.01
302.025
276.379
252.356
230.178
209.997
191.897
175.896
161.953
149.978
139.838
131.374
124.41
118.76
114.241
110.678
107.907
105.783
104.177
102.979
102.098
101.46
101.003
100.68
100.456
100.301
100.197
100.127
100.081
100.051
100.032
100.019
100.012
100.007
100.004
100.002
100.001
100.001
100
100
100
100
100
100
100
100
100
100
100
100
100
100
100
100
100
100
100
100
100
100
100
100
100
100
100
100
100
100
100
100
100
100
100
385.595
356.994
329.01
302.025
276.379
252.356
230.178
209.997
191.897
175.896
161.953
149.978
139.838
131.374
124.41
118.76
114.241
110.678
107.907
105.783
104.177
102.979
102.098
101.46
101.003
100.68
100.456
100.301
100.197
100.127
100.081
100.051
100.032
100.019
100.012
100.007
100.004
100.002
100.001
100.001
100
100
100
100
100
100
100
100
100
100
100
100
100
100
100
100
100
100
100
100
100
100
100
100
100
100
100
100
100
100
100
100
100
100
100
385.595
356.994
329.01
302.025
276.379
252.356
230.178
209.997
191.897
175.896
161.953
149.978
139.838
131.374
124.41
118.76
114.241
110.678
107.907
105.783
104.177
102.979
102.098
101.46
101.003
100.68
100.456
100.301
100.197
100.127
100.081
100.051
100.032
100.019
100.012
100.007
100.004
100.002
100.001
100.001
100
100
100
100
100
100
100
100
100
100
100
100
100
100
100
100
100
100
100
100
100
100
100
100
100
100
100
100
100
100
100
100
100
100
100
385.595
356.994
329.01
302.025
276.379
252.356
230.178
209.997
191.897
175.896
161.953
149.978
139.838
131.374
124.41
118.76
114.241
110.678
107.907
105.783
104.177
102.979
102.098
101.46
101.003
100.68
100.456
100.301
100.197
100.127
100.081
100.051
100.032
100.019
100.012
100.007
100.004
100.002
100.001
100.001
100
100
100
100
100
100
100
100
100
100
100
100
100
100
100
100
100
100
100
100
100
100
100
100
100
100
100
100
100
100
100
100
100
100
100
385.595
356.994
329.01
302.025
276.379
252.356
230.178
209.997
191.897
175.896
161.953
149.978
139.838
131.374
124.41
118.76
114.241
110.678
107.907
105.783
104.177
102.979
102.098
101.46
101.003
100.68
100.456
100.301
100.197
100.127
100.081
100.051
100.032
100.019
100.012
100.007
100.004
100.002
100.001
100.001
100
100
100
100
100
100
100
100
100
100
100
100
100
100
100
100
100
100
100
100
100
100
100
100
100
100
100
100
100
100
100
100
100
100
100
385.595
356.994
329.01
302.025
276.379
252.356
230.178
209.997
191.897
175.896
161.953
149.978
139.838
131.374
124.41
118.76
114.241
110.678
107.907
105.783
104.177
102.979
102.098
101.46
101.003
100.68
100.456
100.301
100.197
100.127
100.081
100.051
100.032
100.019
100.012
100.007
100.004
100.002
100.001
100.001
100
100
100
100
100
100
100
100
100
100
100
100
100
100
100
100
100
100
100
100
100
100
100
100
100
100
100
100
100
100
100
100
100
100
100
385.595
356.994
329.01
302.025
276.379
252.356
230.178
209.997
191.897
175.896
161.953
149.978
139.838
131.374
124.41
118.76
114.241
110.678
107.907
105.783
104.177
102.979
102.098
101.46
101.003
100.68
100.456
100.301
100.197
100.127
100.081
100.051
100.032
100.019
100.012
100.007
100.004
100.002
100.001
100.001
100
100
100
100
100
100
100
100
100
100
100
100
100
100
100
100
100
100
100
100
100
100
100
100
100
100
100
100
100
100
100
100
100
100
100
385.595
356.994
329.01
302.025
276.379
252.356
230.178
209.997
191.897
175.896
161.953
149.978
139.838
131.374
124.41
118.76
114.241
110.678
107.907
105.783
104.177
102.979
102.098
101.46
101.003
100.68
100.456
100.301
100.197
100.127
100.081
100.051
100.032
100.019
100.012
100.007
100.004
100.002
100.001
100.001
100
100
100
100
100
100
100
100
100
100
100
100
100
100
100
100
100
100
100
100
100
100
100
100
100
100
100
100
100
100
100
100
100
100
100
385.595
356.994
329.01
302.025
276.379
252.356
230.178
209.997
191.897
175.896
161.953
149.978
139.838
131.374
124.41
118.76
114.241
110.678
107.907
105.783
104.177
102.979
102.098
101.46
101.003
100.68
100.456
100.301
100.197
100.127
100.081
100.051
100.032
100.019
100.012
100.007
100.004
100.002
100.001
100.001
100
100
100
100
100
100
100
100
100
100
100
100
100
100
100
100
100
100
100
100
100
100
100
100
100
100
100
100
100
100
100
100
100
100
100
385.595
356.994
329.01
302.025
276.379
252.356
230.178
209.997
191.897
175.896
161.953
149.978
139.838
131.374
124.41
118.76
114.241
110.678
107.907
105.783
104.177
102.979
102.098
101.46
101.003
100.68
100.456
100.301
100.197
100.127
100.081
100.051
100.032
100.019
100.012
100.007
100.004
100.002
100.001
100.001
100
100
100
100
100
100
100
100
100
100
100
100
100
100
100
100
100
100
100
100
100
100
100
100
100
100
100
100
100
100
100
100
100
100
100
385.595
356.994
329.01
302.025
276.379
252.356
230.178
209.997
191.897
175.896
161.953
149.978
139.838
131.374
124.41
118.76
114.241
110.678
107.907
105.783
104.177
102.979
102.098
101.46
101.003
100.68
100.456
100.301
100.197
100.127
100.081
100.051
100.032
100.019
100.012
100.007
100.004
100.002
100.001
100.001
100
100
100
100
100
100
100
100
100
100
100
100
100
100
100
100
100
100
100
100
100
100
100
100
100
100
100
100
100
100
100
100
100
100
100
385.595
356.994
329.01
302.025
276.379
252.356
230.178
209.997
191.897
175.896
161.953
149.978
139.838
131.374
124.41
118.76
114.241
110.678
107.907
105.783
104.177
102.979
102.098
101.46
101.003
100.68
100.456
100.301
100.197
100.127
100.081
100.051
100.032
100.019
100.012
100.007
100.004
100.002
100.001
100.001
100
100
100
100
100
100
100
100
100
100
100
100
100
100
100
100
100
100
100
100
100
100
100
100
100
100
100
100
100
100
100
100
100
100
100
385.595
356.994
329.01
302.025
276.379
252.356
230.178
209.997
191.897
175.896
161.953
149.978
139.838
131.374
124.41
118.76
114.241
110.678
107.907
105.783
104.177
102.979
102.098
101.46
101.003
100.68
100.456
100.301
100.197
100.127
100.081
100.051
100.032
100.019
100.012
100.007
100.004
100.002
100.001
100.001
100
100
100
100
100
100
100
100
100
100
100
100
100
100
100
100
100
100
100
100
100
100
100
100
100
100
100
100
100
100
100
100
100
100
100
385.595
356.994
329.01
302.025
276.379
252.356
230.178
209.997
191.897
175.896
161.953
149.978
139.838
131.374
124.41
118.76
114.241
110.678
107.907
105.783
104.177
102.979
102.098
101.46
101.003
100.68
100.456
100.301
100.197
100.127
100.081
100.051
100.032
100.019
100.012
100.007
100.004
100.002
100.001
100.001
100
100
100
100
100
100
100
100
100
100
100
100
100
100
100
100
100
100
100
100
100
100
100
100
100
100
100
100
100
100
100
100
100
100
100
385.595
356.994
329.01
302.025
276.379
252.356
230.178
209.997
191.897
175.896
161.953
149.978
139.838
131.374
124.41
118.76
114.241
110.678
107.907
105.783
104.177
102.979
102.098
101.46
101.003
100.68
100.456
100.301
100.197
100.127
100.081
100.051
100.032
100.019
100.012
100.007
100.004
100.002
100.001
100.001
100
100
100
100
100
100
100
100
100
100
100
100
100
100
100
100
100
100
100
100
100
100
100
100
100
100
100
100
100
100
100
100
100
100
100
385.595
356.994
329.01
302.025
276.379
252.356
230.178
209.997
191.897
175.896
161.953
149.978
139.838
131.374
124.41
118.76
114.241
110.678
107.907
105.783
104.177
102.979
102.098
101.46
101.003
100.68
100.456
100.301
100.197
100.127
100.081
100.051
100.032
100.019
100.012
100.007
100.004
100.002
100.001
100.001
100
100
100
100
100
100
100
100
100
100
100
100
100
100
100
100
100
100
100
100
100
100
100
100
100
100
100
100
100
100
100
100
100
100
100
385.595
356.994
329.01
302.025
276.379
252.356
230.178
209.997
191.897
175.896
161.953
149.978
139.838
131.374
124.41
118.76
114.241
110.678
107.907
105.783
104.177
102.979
102.098
101.46
101.003
100.68
100.456
100.301
100.197
100.127
100.081
100.051
100.032
100.019
100.012
100.007
100.004
100.002
100.001
100.001
100
100
100
100
100
100
100
100
100
100
100
100
100
100
100
100
100
100
100
100
100
100
100
100
100
100
100
100
100
100
100
100
100
100
100
385.595
356.994
329.01
302.025
276.379
252.356
230.178
209.997
191.897
175.896
161.953
149.978
139.838
131.374
124.41
118.76
114.241
110.678
107.907
105.783
104.177
102.979
102.098
101.46
101.003
100.68
100.456
100.301
100.197
100.127
100.081
100.051
100.032
100.019
100.012
100.007
100.004
100.002
100.001
100.001
100
100
100
100
100
100
100
100
100
100
100
100
100
100
100
100
100
100
100
100
100
100
100
100
100
100
100
100
100
100
100
100
100
100
100
385.595
356.994
329.01
302.025
276.379
252.356
230.178
209.997
191.897
175.896
161.953
149.978
139.838
131.374
124.41
118.76
114.241
110.678
107.907
105.783
104.177
102.979
102.098
101.46
101.003
100.68
100.456
100.301
100.197
100.127
100.081
100.051
100.032
100.019
100.012
100.007
100.004
100.002
100.001
100.001
100
100
100
100
100
100
100
100
100
100
100
100
100
100
100
100
100
100
100
100
100
100
100
100
100
100
100
100
100
100
100
100
100
100
100
385.595
356.994
329.01
302.025
276.379
252.356
230.178
209.997
191.897
175.896
161.953
149.978
139.838
131.374
124.41
118.76
114.241
110.678
107.907
105.783
104.177
102.979
102.098
101.46
101.003
100.68
100.456
100.301
100.197
100.127
100.081
100.051
100.032
100.019
100.012
100.007
100.004
100.002
100.001
100.001
100
100
100
100
100
100
100
100
100
100
100
100
100
100
100
100
100
100
100
100
100
100
100
100
100
100
100
100
100
100
100
100
100
100
100
385.595
356.994
329.01
302.025
276.379
252.356
230.178
209.997
191.897
175.896
161.953
149.978
139.838
131.374
124.41
118.76
114.241
110.678
107.907
105.783
104.177
102.979
102.098
101.46
101.003
100.68
100.456
100.301
100.197
100.127
100.081
100.051
100.032
100.019
100.012
100.007
100.004
100.002
100.001
100.001
100
100
100
100
100
100
100
100
100
100
100
100
100
100
100
100
100
100
100
100
100
100
100
100
100
100
100
100
100
100
100
100
100
100
100
385.595
356.994
329.01
302.025
276.379
252.356
230.178
209.997
191.897
175.896
161.953
149.978
139.838
131.374
124.41
118.76
114.241
110.678
107.907
105.783
104.177
102.979
102.098
101.46
101.003
100.68
100.456
100.301
100.197
100.127
100.081
100.051
100.032
100.019
100.012
100.007
100.004
100.002
100.001
100.001
100
100
100
100
100
100
100
100
100
100
100
100
100
100
100
100
100
100
100
100
100
100
100
100
100
100
100
100
100
100
100
100
100
100
100
385.595
356.994
329.01
302.025
276.379
252.356
230.178
209.997
191.897
175.896
161.953
149.978
139.838
131.374
124.41
118.76
114.241
110.678
107.907
105.783
104.177
102.979
102.098
101.46
101.003
100.68
100.456
100.301
100.197
100.127
100.081
100.051
100.032
100.019
100.012
100.007
100.004
100.002
100.001
100.001
100
100
100
100
100
100
100
100
100
100
100
100
100
100
100
100
100
100
100
100
100
100
100
100
100
100
100
100
100
100
100
100
100
100
100
385.595
356.994
329.01
302.025
276.379
252.356
230.178
209.997
191.897
175.896
161.953
149.978
139.838
131.374
124.41
118.76
114.241
110.678
107.907
105.783
104.177
102.979
102.098
101.46
101.003
100.68
100.456
100.301
100.197
100.127
100.081
100.051
100.032
100.019
100.012
100.007
100.004
100.002
100.001
100.001
100
100
100
100
100
100
100
100
100
100
100
100
100
100
100
100
100
100
100
100
100
100
100
100
100
100
100
100
100
100
100
100
100
100
100
385.595
356.994
329.01
302.025
276.379
252.356
230.178
209.997
191.897
175.896
161.953
149.978
139.838
131.374
124.41
118.76
114.241
110.678
107.907
105.783
104.177
102.979
102.098
101.46
101.003
100.68
100.456
100.301
100.197
100.127
100.081
100.051
100.032
100.019
100.012
100.007
100.004
100.002
100.001
100.001
100
100
100
100
100
100
100
100
100
100
100
100
100
100
100
100
100
100
100
100
100
100
100
100
100
100
100
100
100
100
100
100
100
100
100
385.595
356.994
329.01
302.025
276.379
252.356
230.178
209.997
191.897
175.896
161.953
149.978
139.838
131.374
124.41
118.76
114.241
110.678
107.907
105.783
104.177
102.979
102.098
101.46
101.003
100.68
100.456
100.301
100.197
100.127
100.081
100.051
100.032
100.019
100.012
100.007
100.004
100.002
100.001
100.001
100
100
100
100
100
100
100
100
100
100
100
100
100
100
100
100
100
100
100
100
100
100
100
100
100
100
100
100
100
100
100
100
100
100
100
385.595
356.994
329.01
302.025
276.379
252.356
230.178
209.997
191.897
175.896
161.953
149.978
139.838
131.374
124.41
118.76
114.241
110.678
107.907
105.783
104.177
102.979
102.098
101.46
101.003
100.68
100.456
100.301
100.197
100.127
100.081
100.051
100.032
100.019
100.012
100.007
100.004
100.002
100.001
100.001
100
100
100
100
100
100
100
100
100
100
100
100
100
100
100
100
100
100
100
100
100
100
100
100
100
100
100
100
100
100
100
100
100
100
100
385.595
356.994
329.01
302.025
276.379
252.356
230.178
209.997
191.897
175.896
161.953
149.978
139.838
131.374
124.41
118.76
114.241
110.678
107.907
105.783
104.177
102.979
102.098
101.46
101.003
100.68
100.456
100.301
100.197
100.127
100.081
100.051
100.032
100.019
100.012
100.007
100.004
100.002
100.001
100.001
100
100
100
100
100
100
100
100
100
100
100
100
100
100
100
100
100
100
100
100
100
100
100
100
100
100
100
100
100
100
100
100
100
100
100
385.595
356.994
329.01
302.025
276.379
252.356
230.178
209.997
191.897
175.896
161.953
149.978
139.838
131.374
124.41
118.76
114.241
110.678
107.907
105.783
104.177
102.979
102.098
101.46
101.003
100.68
100.456
100.301
100.197
100.127
100.081
100.051
100.032
100.019
100.012
100.007
100.004
100.002
100.001
100.001
100
100
100
100
100
100
100
100
100
100
100
100
100
100
100
100
100
100
100
100
100
100
100
100
100
100
100
100
100
100
100
100
100
100
100
385.595
356.994
329.01
302.025
276.379
252.356
230.178
209.997
191.897
175.896
161.953
149.978
139.838
131.374
124.41
118.76
114.241
110.678
107.907
105.783
104.177
102.979
102.098
101.46
101.003
100.68
100.456
100.301
100.197
100.127
100.081
100.051
100.032
100.019
100.012
100.007
100.004
100.002
100.001
100.001
100
100
100
100
100
100
100
100
100
100
100
100
100
100
100
100
100
100
100
100
100
100
100
100
100
100
100
100
100
100
100
100
100
100
100
385.595
356.994
329.01
302.025
276.379
252.356
230.178
209.997
191.897
175.896
161.953
149.978
139.838
131.374
124.41
118.76
114.241
110.678
107.907
105.783
104.177
102.979
102.098
101.46
101.003
100.68
100.456
100.301
100.197
100.127
100.081
100.051
100.032
100.019
100.012
100.007
100.004
100.002
100.001
100.001
100
100
100
100
100
100
100
100
100
100
100
100
100
100
100
100
100
100
100
100
100
100
100
100
100
100
100
100
100
100
100
100
100
100
100
385.595
356.994
329.01
302.025
276.379
252.356
230.178
209.997
191.897
175.896
161.953
149.978
139.838
131.374
124.41
118.76
114.241
110.678
107.907
105.783
104.177
102.979
102.098
101.46
101.003
100.68
100.456
100.301
100.197
100.127
100.081
100.051
100.032
100.019
100.012
100.007
100.004
100.002
100.001
100.001
100
100
100
100
100
100
100
100
100
100
100
100
100
100
100
100
100
100
100
100
100
100
100
100
100
100
100
100
100
100
100
100
100
100
100
385.595
356.994
329.01
302.025
276.379
252.356
230.178
209.997
191.897
175.896
161.953
149.978
139.838
131.374
124.41
118.76
114.241
110.678
107.907
105.783
104.177
102.979
102.098
101.46
101.003
100.68
100.456
100.301
100.197
100.127
100.081
100.051
100.032
100.019
100.012
100.007
100.004
100.002
100.001
100.001
100
100
100
100
100
100
100
100
100
100
100
100
100
100
100
100
100
100
100
100
100
100
100
100
100
100
100
100
100
100
100
100
100
100
100
385.595
356.994
329.01
302.025
276.379
252.356
230.178
209.997
191.897
175.896
161.953
149.978
139.838
131.374
124.41
118.76
114.241
110.678
107.907
105.783
104.177
102.979
102.098
101.46
101.003
100.68
100.456
100.301
100.197
100.127
100.081
100.051
100.032
100.019
100.012
100.007
100.004
100.002
100.001
100.001
100
100
100
100
100
100
100
100
100
100
100
100
100
100
100
100
100
100
100
100
100
100
100
100
100
100
100
100
100
100
100
100
100
100
100
385.595
356.994
329.01
302.025
276.379
252.356
230.178
209.997
191.897
175.896
161.953
149.978
139.838
131.374
124.41
118.76
114.241
110.678
107.907
105.783
104.177
102.979
102.098
101.46
101.003
100.68
100.456
100.301
100.197
100.127
100.081
100.051
100.032
100.019
100.012
100.007
100.004
100.002
100.001
100.001
100
100
100
100
100
100
100
100
100
100
100
100
100
100
100
100
100
100
100
100
100
100
100
100
100
100
100
100
100
100
100
100
100
100
100
385.595
356.994
329.01
302.025
276.379
252.356
230.178
209.997
191.897
175.896
161.953
149.978
139.838
131.374
124.41
118.76
114.241
110.678
107.907
105.783
104.177
102.979
102.098
101.46
101.003
100.68
100.456
100.301
100.197
100.127
100.081
100.051
100.032
100.019
100.012
100.007
100.004
100.002
100.001
100.001
100
100
100
100
100
100
100
100
100
100
100
100
100
100
100
100
100
100
100
100
100
100
100
100
100
100
100
100
100
100
100
100
100
100
100
385.595
356.994
329.01
302.025
276.379
252.356
230.178
209.997
191.897
175.896
161.953
149.978
139.838
131.374
124.41
118.76
114.241
110.678
107.907
105.783
104.177
102.979
102.098
101.46
101.003
100.68
100.456
100.301
100.197
100.127
100.081
100.051
100.032
100.019
100.012
100.007
100.004
100.002
100.001
100.001
100
100
100
100
100
100
100
100
100
100
100
100
100
100
100
100
100
100
100
100
100
100
100
100
100
100
100
100
100
100
100
100
100
100
100
385.595
356.994
329.01
302.025
276.379
252.356
230.178
209.997
191.897
175.896
161.953
149.978
139.838
131.374
124.41
118.76
114.241
110.678
107.907
105.783
104.177
102.979
102.098
101.46
101.003
100.68
100.456
100.301
100.197
100.127
100.081
100.051
100.032
100.019
100.012
100.007
100.004
100.002
100.001
100.001
100
100
100
100
100
100
100
100
100
100
100
100
100
100
100
100
100
100
100
100
100
100
100
100
100
100
100
100
100
100
100
100
100
100
100
385.595
356.994
329.01
302.025
276.379
252.356
230.178
209.997
191.897
175.896
161.953
149.978
139.838
131.374
124.41
118.76
114.241
110.678
107.907
105.783
104.177
102.979
102.098
101.46
101.003
100.68
100.456
100.301
100.197
100.127
100.081
100.051
100.032
100.019
100.012
100.007
100.004
100.002
100.001
100.001
100
100
100
100
100
100
100
100
100
100
100
100
100
100
100
100
100
100
100
100
100
100
100
100
100
100
100
100
100
100
100
100
100
100
100
385.595
356.994
329.01
302.025
276.379
252.356
230.178
209.997
191.897
175.896
161.953
149.978
139.838
131.374
124.41
118.76
114.241
110.678
107.907
105.783
104.177
102.979
102.098
101.46
101.003
100.68
100.456
100.301
100.197
100.127
100.081
100.051
100.032
100.019
100.012
100.007
100.004
100.002
100.001
100.001
100
100
100
100
100
100
100
100
100
100
100
100
100
100
100
100
100
100
100
100
100
100
100
100
100
100
100
100
100
100
100
100
100
100
100
385.595
356.994
329.01
302.025
276.379
252.356
230.178
209.997
191.897
175.896
161.953
149.978
139.838
131.374
124.41
118.76
114.241
110.678
107.907
105.783
104.177
102.979
102.098
101.46
101.003
100.68
100.456
100.301
100.197
100.127
100.081
100.051
100.032
100.019
100.012
100.007
100.004
100.002
100.001
100.001
100
100
100
100
100
100
100
100
100
100
100
100
100
100
100
100
100
100
100
100
100
100
100
100
100
100
100
100
100
100
100
100
100
100
100
385.595
356.994
329.01
302.025
276.379
252.356
230.178
209.997
191.897
175.896
161.953
149.978
139.838
131.374
124.41
118.76
114.241
110.678
107.907
105.783
104.177
102.979
102.098
101.46
101.003
100.68
100.456
100.301
100.197
100.127
100.081
100.051
100.032
100.019
100.012
100.007
100.004
100.002
100.001
100.001
100
100
100
100
100
100
100
100
100
100
100
100
100
100
100
100
100
100
100
100
100
100
100
100
100
100
100
100
100
100
100
100
100
100
100
385.595
356.994
329.01
302.025
276.379
252.356
230.178
209.997
191.897
175.896
161.953
149.978
139.838
131.374
124.41
118.76
114.241
110.678
107.907
105.783
104.177
102.979
102.098
101.46
101.003
100.68
100.456
100.301
100.197
100.127
100.081
100.051
100.032
100.019
100.012
100.007
100.004
100.002
100.001
100.001
100
100
100
100
100
100
100
100
100
100
100
100
100
100
100
100
100
100
100
100
100
100
100
100
100
100
100
100
100
100
100
100
100
100
100
385.595
356.994
329.01
302.025
276.379
252.356
230.178
209.997
191.897
175.896
161.953
149.978
139.838
131.374
124.41
118.76
114.241
110.678
107.907
105.783
104.177
102.979
102.098
101.46
101.003
100.68
100.456
100.301
100.197
100.127
100.081
100.051
100.032
100.019
100.012
100.007
100.004
100.002
100.001
100.001
100
100
100
100
100
100
100
100
100
100
100
100
100
100
100
100
100
100
100
100
100
100
100
100
100
100
100
100
100
100
100
100
100
100
100
385.595
356.994
329.01
302.025
276.379
252.356
230.178
209.997
191.897
175.896
161.953
149.978
139.838
131.374
124.41
118.76
114.241
110.678
107.907
105.783
104.177
102.979
102.098
101.46
101.003
100.68
100.456
100.301
100.197
100.127
100.081
100.051
100.032
100.019
100.012
100.007
100.004
100.002
100.001
100.001
100
100
100
100
100
100
100
100
100
100
100
100
100
100
100
100
100
100
100
100
100
100
100
100
100
100
100
100
100
100
100
100
100
100
100
385.595
356.994
329.01
302.025
276.379
252.356
230.178
209.997
191.897
175.896
161.953
149.978
139.838
131.374
124.41
118.76
114.241
110.678
107.907
105.783
104.177
102.979
102.098
101.46
101.003
100.68
100.456
100.301
100.197
100.127
100.081
100.051
100.032
100.019
100.012
100.007
100.004
100.002
100.001
100.001
100
100
100
100
100
100
100
100
100
100
100
100
100
100
100
100
100
100
100
100
100
100
100
100
100
100
100
100
100
100
100
100
100
100
100
385.595
356.994
329.01
302.025
276.379
252.356
230.178
209.997
191.897
175.896
161.953
149.978
139.838
131.374
124.41
118.76
114.241
110.678
107.907
105.783
104.177
102.979
102.098
101.46
101.003
100.68
100.456
100.301
100.197
100.127
100.081
100.051
100.032
100.019
100.012
100.007
100.004
100.002
100.001
100.001
100
100
100
100
100
100
100
100
100
100
100
100
100
100
100
100
100
100
100
100
100
100
100
100
100
100
100
100
100
100
100
100
100
100
100
385.595
356.994
329.01
302.025
276.379
252.356
230.178
209.997
191.897
175.896
161.953
149.978
139.838
131.374
124.41
118.76
114.241
110.678
107.907
105.783
104.177
102.979
102.098
101.46
101.003
100.68
100.456
100.301
100.197
100.127
100.081
100.051
100.032
100.019
100.012
100.007
100.004
100.002
100.001
100.001
100
100
100
100
100
100
100
100
100
100
100
100
100
100
100
100
100
100
100
100
100
100
100
100
100
100
100
100
100
100
100
100
100
100
100
385.595
356.994
329.01
302.025
276.379
252.356
230.178
209.997
191.897
175.896
161.953
149.978
139.838
131.374
124.41
118.76
114.241
110.678
107.907
105.783
104.177
102.979
102.098
101.46
101.003
100.68
100.456
100.301
100.197
100.127
100.081
100.051
100.032
100.019
100.012
100.007
100.004
100.002
100.001
100.001
100
100
100
100
100
100
100
100
100
100
100
100
100
100
100
100
100
100
100
100
100
100
100
100
100
100
100
100
100
100
100
100
100
100
100
385.595
356.994
329.01
302.025
276.379
252.356
230.178
209.997
191.897
175.896
161.953
149.978
139.838
131.374
124.41
118.76
114.241
110.678
107.907
105.783
104.177
102.979
102.098
101.46
101.003
100.68
100.456
100.301
100.197
100.127
100.081
100.051
100.032
100.019
100.012
100.007
100.004
100.002
100.001
100.001
100
100
100
100
100
100
100
100
100
100
100
100
100
100
100
100
100
100
100
100
100
100
100
100
100
100
100
100
100
100
100
100
100
100
100
385.595
356.994
329.01
302.025
276.379
252.356
230.178
209.997
191.897
175.896
161.953
149.978
139.838
131.374
124.41
118.76
114.241
110.678
107.907
105.783
104.177
102.979
102.098
101.46
101.003
100.68
100.456
100.301
100.197
100.127
100.081
100.051
100.032
100.019
100.012
100.007
100.004
100.002
100.001
100.001
100
100
100
100
100
100
100
100
100
100
100
100
100
100
100
100
100
100
100
100
100
100
100
100
100
100
100
100
100
100
100
100
100
100
100
385.595
356.994
329.01
302.025
276.379
252.356
230.178
209.997
191.897
175.896
161.953
149.978
139.838
131.374
124.41
118.76
114.241
110.678
107.907
105.783
104.177
102.979
102.098
101.46
101.003
100.68
100.456
100.301
100.197
100.127
100.081
100.051
100.032
100.019
100.012
100.007
100.004
100.002
100.001
100.001
100
100
100
100
100
100
100
100
100
100
100
100
100
100
100
100
100
100
100
100
100
100
100
100
100
100
100
100
100
100
100
100
100
100
100
385.595
356.994
329.01
302.025
276.379
252.356
230.178
209.997
191.897
175.896
161.953
149.978
139.838
131.374
124.41
118.76
114.241
110.678
107.907
105.783
104.177
102.979
102.098
101.46
101.003
100.68
100.456
100.301
100.197
100.127
100.081
100.051
100.032
100.019
100.012
100.007
100.004
100.002
100.001
100.001
100
100
100
100
100
100
100
100
100
100
100
100
100
100
100
100
100
100
100
100
100
100
100
100
100
100
100
100
100
100
100
100
100
100
100
385.595
356.994
329.01
302.025
276.379
252.356
230.178
209.997
191.897
175.896
161.953
149.978
139.838
131.374
124.41
118.76
114.241
110.678
107.907
105.783
104.177
102.979
102.098
101.46
101.003
100.68
100.456
100.301
100.197
100.127
100.081
100.051
100.032
100.019
100.012
100.007
100.004
100.002
100.001
100.001
100
100
100
100
100
100
100
100
100
100
100
100
100
100
100
100
100
100
100
100
100
100
100
100
100
100
100
100
100
100
100
100
100
100
100
385.595
356.994
329.01
302.025
276.379
252.356
230.178
209.997
191.897
175.896
161.953
149.978
139.838
131.374
124.41
118.76
114.241
110.678
107.907
105.783
104.177
102.979
102.098
101.46
101.003
100.68
100.456
100.301
100.197
100.127
100.081
100.051
100.032
100.019
100.012
100.007
100.004
100.002
100.001
100.001
100
100
100
100
100
100
100
100
100
100
100
100
100
100
100
100
100
100
100
100
100
100
100
100
100
100
100
100
100
100
100
100
100
100
100
385.595
356.994
329.01
302.025
276.379
252.356
230.178
209.997
191.897
175.896
161.953
149.978
139.838
131.374
124.41
118.76
114.241
110.678
107.907
105.783
104.177
102.979
102.098
101.46
101.003
100.68
100.456
100.301
100.197
100.127
100.081
100.051
100.032
100.019
100.012
100.007
100.004
100.002
100.001
100.001
100
100
100
100
100
100
100
100
100
100
100
100
100
100
100
100
100
100
100
100
100
100
100
100
100
100
100
100
100
100
100
100
100
100
100
385.595
356.994
329.01
302.025
276.379
252.356
230.178
209.997
191.897
175.896
161.953
149.978
139.838
131.374
124.41
118.76
114.241
110.678
107.907
105.783
104.177
102.979
102.098
101.46
101.003
100.68
100.456
100.301
100.197
100.127
100.081
100.051
100.032
100.019
100.012
100.007
100.004
100.002
100.001
100.001
100
100
100
100
100
100
100
100
100
100
100
100
100
100
100
100
100
100
100
100
100
100
100
100
100
100
100
100
100
100
100
100
100
100
100
385.595
356.994
329.01
302.025
276.379
252.356
230.178
209.997
191.897
175.896
161.953
149.978
139.838
131.374
124.41
118.76
114.241
110.678
107.907
105.783
104.177
102.979
102.098
101.46
101.003
100.68
100.456
100.301
100.197
100.127
100.081
100.051
100.032
100.019
100.012
100.007
100.004
100.002
100.001
100.001
100
100
100
100
100
100
100
100
100
100
100
100
100
100
100
100
100
100
100
100
100
100
100
100
100
100
100
100
100
100
100
100
100
100
100
385.595
356.994
329.01
302.025
276.379
252.356
230.178
209.997
191.897
175.896
161.953
149.978
139.838
131.374
124.41
118.76
114.241
110.678
107.907
105.783
104.177
102.979
102.098
101.46
101.003
100.68
100.456
100.301
100.197
100.127
100.081
100.051
100.032
100.019
100.012
100.007
100.004
100.002
100.001
100.001
100
100
100
100
100
100
100
100
100
100
100
100
100
100
100
100
100
100
100
100
100
100
100
100
100
100
100
100
100
100
100
100
100
100
100
385.595
356.994
329.01
302.025
276.379
252.356
230.178
209.997
191.897
175.896
161.953
149.978
139.838
131.374
124.41
118.76
114.241
110.678
107.907
105.783
104.177
102.979
102.098
101.46
101.003
100.68
100.456
100.301
100.197
100.127
100.081
100.051
100.032
100.019
100.012
100.007
100.004
100.002
100.001
100.001
100
100
100
100
100
100
100
100
100
100
100
100
100
100
100
100
100
100
100
100
100
100
100
100
100
100
100
100
100
100
100
100
100
100
100
385.595
356.994
329.01
302.025
276.379
252.356
230.178
209.997
191.897
175.896
161.953
149.978
139.838
131.374
124.41
118.76
114.241
110.678
107.907
105.783
104.177
102.979
102.098
101.46
101.003
100.68
100.456
100.301
100.197
100.127
100.081
100.051
100.032
100.019
100.012
100.007
100.004
100.002
100.001
100.001
100
100
100
100
100
100
100
100
100
100
100
100
100
100
100
100
100
100
100
100
100
100
100
100
100
100
100
100
100
100
100
100
100
100
100
385.595
356.994
329.01
302.025
276.379
252.356
230.178
209.997
191.897
175.896
161.953
149.977
139.838
131.374
124.41
118.76
114.241
110.678
107.907
105.783
104.177
102.979
102.098
101.46
101.003
100.68
100.456
100.301
100.197
100.127
100.081
100.051
100.032
100.019
100.012
100.007
100.004
100.002
100.001
100.001
100
100
100
100
100
100
100
100
100
100
100
100
100
100
100
100
100
100
100
100
100
100
100
100
100
100
100
100
100
100
100
100
100
100
100
385.595
356.994
329.01
302.025
276.379
252.356
230.178
209.997
191.897
175.896
161.953
149.977
139.837
131.374
124.41
118.76
114.241
110.678
107.907
105.783
104.177
102.979
102.098
101.46
101.003
100.68
100.456
100.301
100.197
100.127
100.081
100.051
100.032
100.019
100.012
100.007
100.004
100.002
100.001
100.001
100
100
100
100
100
100
100
100
100
100
100
100
100
100
100
100
100
100
100
100
100
100
100
100
100
100
100
100
100
100
100
100
100
100
100
385.595
356.994
329.01
302.025
276.379
252.356
230.178
209.996
191.897
175.896
161.953
149.977
139.837
131.374
124.41
118.76
114.241
110.678
107.907
105.783
104.177
102.979
102.098
101.46
101.003
100.68
100.456
100.301
100.197
100.127
100.081
100.051
100.032
100.019
100.012
100.007
100.004
100.002
100.001
100.001
100
100
100
100
100
100
100
100
100
100
100
100
100
100
100
100
100
100
100
100
100
100
100
100
100
100
100
100
100
100
100
100
100
100
100
385.595
356.994
329.01
302.025
276.379
252.356
230.177
209.996
191.897
175.896
161.953
149.977
139.837
131.374
124.41
118.76
114.241
110.678
107.907
105.783
104.177
102.979
102.098
101.46
101.003
100.68
100.456
100.301
100.197
100.127
100.081
100.051
100.032
100.019
100.012
100.007
100.004
100.002
100.001
100.001
100
100
100
100
100
100
100
100
100
100
100
100
100
100
100
100
100
100
100
100
100
100
100
100
100
100
100
100
100
100
100
100
100
100
100
385.595
356.994
329.01
302.025
276.379
252.356
230.177
209.996
191.896
175.896
161.953
149.977
139.837
131.374
124.409
118.76
114.241
110.678
107.907
105.783
104.177
102.979
102.098
101.46
101.003
100.68
100.456
100.301
100.197
100.127
100.081
100.051
100.032
100.019
100.012
100.007
100.004
100.002
100.001
100.001
100
100
100
100
100
100
100
100
100
100
100
100
100
100
100
100
100
100
100
100
100
100
100
100
100
100
100
100
100
100
100
100
100
100
100
385.595
356.994
329.01
302.025
276.379
252.356
230.177
209.996
191.896
175.895
161.953
149.977
139.837
131.374
124.409
118.76
114.241
110.678
107.907
105.783
104.177
102.979
102.098
101.46
101.003
100.68
100.456
100.301
100.197
100.127
100.081
100.051
100.032
100.019
100.012
100.007
100.004
100.002
100.001
100.001
100
100
100
100
100
100
100
100
100
100
100
100
100
100
100
100
100
100
100
100
100
100
100
100
100
100
100
100
100
100
100
100
100
100
100
385.595
356.994
329.01
302.025
276.378
252.355
230.177
209.996
191.896
175.895
161.953
149.977
139.837
131.373
124.409
118.76
114.241
110.678
107.907
105.783
104.177
102.979
102.098
101.46
101.003
100.68
100.456
100.301
100.197
100.127
100.081
100.051
100.032
100.019
100.012
100.007
100.004
100.002
100.001
100.001
100
100
100
100
100
100
100
100
100
100
100
100
100
100
100
100
100
100
100
100
100
100
100
100
100
100
100
100
100
100
100
100
100
100
100
385.595
356.994
329.01
302.024
276.378
252.355
230.176
209.995
191.895
175.895
161.952
149.976
139.836
131.373
124.409
118.759
114.241
110.678
107.907
105.783
104.177
102.979
102.098
101.46
101.003
100.68
100.456
100.301
100.197
100.127
100.081
100.051
100.032
100.019
100.012
100.007
100.004
100.002
100.001
100.001
100
100
100
100
100
100
100
100
100
100
100
100
100
100
100
100
100
100
100
100
100
100
100
100
100
100
100
100
100
100
100
100
100
100
100
385.595
356.993
329.009
302.024
276.377
252.354
230.175
209.994
191.894
175.894
161.951
149.975
139.836
131.372
124.408
118.759
114.24
110.677
107.907
105.783
104.177
102.979
102.098
101.46
101.003
100.68
100.456
100.301
100.197
100.127
100.081
100.051
100.032
100.019
100.012
100.007
100.004
100.002
100.001
100.001
100
100
100
100
100
100
100
100
100
100
100
100
100
100
100
100
100
100
100
100
100
100
100
100
100
100
100
100
100
100
100
100
100
100
100
385.595
356.993
329.008
302.023
276.376
252.352
230.174
209.992
191.893
175.892
161.95
149.974
139.834
131.371
124.407
118.758
114.24
110.677
107.906
105.782
104.176
102.979
102.098
101.459
101.003
100.68
100.456
100.301
100.197
100.127
100.081
100.051
100.032
100.019
100.012
100.007
100.004
100.002
100.001
100.001
100
100
100
100
100
100
100
100
100
100
100
100
100
100
100
100
100
100
100
100
100
100
100
100
100
100
100
100
100
100
100
100
100
100
100
385.594
356.992
329.007
302.021
276.373
252.35
230.171
209.99
191.89
175.889
161.947
149.972
139.833
131.37
124.406
118.757
114.239
110.676
107.906
105.782
104.176
102.979
102.098
101.459
101.002
100.68
100.456
100.301
100.197
100.127
100.081
100.051
100.032
100.019
100.012
100.007
100.004
100.002
100.001
100.001
100
100
100
100
100
100
100
100
100
100
100
100
100
100
100
100
100
100
100
100
100
100
100
100
100
100
100
100
100
100
100
100
100
100
100
385.594
356.991
329.005
302.018
276.37
252.346
230.167
209.985
191.886
175.885
161.943
149.968
139.829
131.367
124.404
118.755
114.237
110.675
107.905
105.781
104.175
102.978
102.098
101.459
101.002
100.68
100.455
100.301
100.197
100.127
100.081
100.051
100.032
100.019
100.012
100.007
100.004
100.002
100.001
100.001
100
100
100
100
100
100
100
100
100
100
100
100
100
100
100
100
100
100
100
100
100
100
100
100
100
100
100
100
100
100
100
100
100
100
100
385.593
356.988
329.001
302.013
276.364
252.34
230.16
209.979
191.879
175.879
161.937
149.963
139.825
131.363
124.4
118.752
114.235
110.673
107.903
105.78
104.174
102.977
102.097
101.459
101.002
100.68
100.455
100.301
100.197
100.127
100.081
100.051
100.032
100.019
100.012
100.007
100.004
100.002
100.001
100.001
100
100
100
100
100
100
100
100
100
100
100
100
100
100
100
100
100
100
100
100
100
100
100
100
100
100
100
100
100
100
100
100
100
100
100
385.592
356.985
328.996
302.006
276.356
252.33
230.15
209.968
191.869
175.869
161.928
149.955
139.817
131.356
124.395
118.748
114.231
110.67
107.901
105.778
104.173
102.976
102.096
101.458
101.002
100.679
100.455
100.301
100.197
100.127
100.081
100.051
100.032
100.019
100.012
100.007
100.004
100.002
100.001
100.001
100
100
100
100
100
100
100
100
100
100
100
100
100
100
100
100
100
100
100
100
100
100
100
100
100
100
100
100
100
100
100
100
100
100
100
385.59
356.98
328.987
301.995
276.342
252.315
230.134
209.952
191.853
175.854
161.914
149.942
139.806
131.347
124.386
118.741
114.226
110.665
107.897
105.775
104.171
102.975
102.095
101.457
101.001
100.679
100.455
100.301
100.197
100.127
100.081
100.051
100.032
100.019
100.012
100.007
100.004
100.002
100.001
100.001
100
100
100
100
100
100
100
100
100
100
100
100
100
100
100
100
100
100
100
100
100
100
100
100
100
100
100
100
100
100
100
100
100
100
100
385.588
356.972
328.974
301.978
276.322
252.292
230.11
209.927
191.828
175.831
161.893
149.922
139.789
131.332
124.374
118.73
114.217
110.659
107.892
105.771
104.168
102.973
102.094
101.456
101
100.678
100.454
100.301
100.196
100.127
100.081
100.051
100.032
100.019
100.012
100.007
100.004
100.002
100.001
100.001
100
100
100
100
100
100
100
100
100
100
100
100
100
100
100
100
100
100
100
100
100
100
100
100
100
100
100
100
100
100
100
100
100
100
100
385.583
356.96
328.955
301.952
276.291
252.257
230.073
209.89
191.792
175.796
161.861
149.894
139.763
131.31
124.355
118.715
114.205
110.649
107.884
105.765
104.163
102.969
102.091
101.454
100.999
100.678
100.454
100.3
100.196
100.126
100.081
100.051
100.031
100.019
100.012
100.007
100.004
100.002
100.001
100.001
100
100
100
100
100
100
100
100
100
100
100
100
100
100
100
100
100
100
100
100
100
100
100
100
100
100
100
100
100
100
100
100
100
100
100
385.577
356.941
328.925
301.913
276.244
252.206
230.018
209.834
191.738
175.744
161.813
149.851
139.726
131.278
124.328
118.693
114.187
110.635
107.873
105.757
104.157
102.964
102.088
101.452
100.997
100.676
100.453
100.3
100.196
100.126
100.08
100.051
100.031
100.019
100.012
100.007
100.004
100.002
100.001
100.001
100
100
100
100
100
100
100
100
100
100
100
100
100
100
100
100
100
100
100
100
100
100
100
100
100
100
100
100
100
100
100
100
100
100
100
385.568
356.914
328.881
301.855
276.175
252.129
229.937
209.753
191.658
175.669
161.744
149.789
139.671
131.231
124.289
118.66
114.161
110.614
107.857
105.745
104.148
102.958
102.083
101.448
100.995
100.675
100.452
100.299
100.195
100.126
100.08
100.05
100.031
100.019
100.012
100.007
100.004
100.002
100.001
100.001
100
100
100
100
100
100
100
100
100
100
100
100
100
100
100
100
100
100
100
100
100
100
100
100
100
100
100
100
100
100
100
100
100
100
100
385.554
356.873
328.817
301.769
276.074
252.017
229.819
209.634
191.542
175.56
161.643
149.699
139.593
131.164
124.233
118.615
114.124
110.585
107.835
105.727
104.135
102.948
102.076
101.443
100.991
100.672
100.45
100.298
100.194
100.125
100.08
100.05
100.031
100.019
100.012
100.007
100.004
100.002
100.001
100.001
100
100
100
100
100
100
100
100
100
100
100
100
100
100
100
100
100
100
100
100
100
100
100
100
100
100
100
100
100
100
100
100
100
100
100
385.534
356.814
328.722
301.645
275.926
251.854
229.648
209.462
191.375
175.403
161.5
149.571
139.482
131.069
124.154
118.55
114.072
110.544
107.803
105.703
104.117
102.935
102.066
101.436
100.986
100.669
100.448
100.296
100.193
100.125
100.079
100.05
100.031
100.019
100.012
100.007
100.004
100.002
100.001
100.001
100
100
100
100
100
100
100
100
100
100
100
100
100
100
100
100
100
100
100
100
100
100
100
100
100
100
100
100
100
100
100
100
100
100
100
385.505
356.729
328.586
301.465
275.714
251.619
229.403
209.216
191.138
175.18
161.298
149.391
139.326
130.937
124.044
118.461
114.001
110.488
107.76
105.67
104.092
102.917
102.053
101.427
100.98
100.664
100.445
100.294
100.192
100.124
100.079
100.05
100.031
100.019
100.011
100.007
100.004
100.002
100.001
100.001
100
100
100
100
100
100
100
100
100
100
100
100
100
100
100
100
100
100
100
100
100
100
100
100
100
100
100
100
100
100
100
100
100
100
100
385.463
356.606
328.389
301.208
275.41
251.285
229.055
208.869
190.804
174.869
161.015
149.142
139.11
130.755
123.894
118.338
113.903
110.411
107.701
105.626
104.059
102.892
102.035
101.415
100.971
100.658
100.441
100.291
100.19
100.123
100.078
100.049
100.03
100.019
100.011
100.007
100.004
100.002
100.001
100.001
100
100
100
100
100
100
100
100
100
100
100
100
100
100
100
100
100
100
100
100
100
100
100
100
100
100
100
100
100
100
100
100
100
100
100
385.403
356.43
328.109
300.841
274.979
250.814
228.566
208.383
190.338
174.437
160.625
148.799
138.815
130.507
123.689
118.173
113.772
110.309
107.622
105.566
104.015
102.86
102.012
101.398
100.959
100.65
100.435
100.288
100.188
100.121
100.077
100.048
100.03
100.018
100.011
100.007
100.004
100.002
100.001
100.001
100
100
100
100
100
100
100
100
100
100
100
100
100
100
100
100
100
100
100
100
100
100
100
100
100
100
100
100
100
100
100
100
100
100
100
385.318
356.18
327.713
300.324
274.374
250.155
227.886
207.711
189.697
173.845
160.094
148.334
138.418
130.174
123.416
117.952
113.597
110.173
107.518
105.488
103.957
102.818
101.982
101.377
100.944
100.64
100.428
100.283
100.185
100.119
100.076
100.048
100.03
100.018
100.011
100.007
100.004
100.002
100.001
100.001
100
100
100
100
100
100
100
100
100
100
100
100
100
100
100
100
100
100
100
100
100
100
100
100
100
100
100
100
100
100
100
100
100
100
100
385.197
355.828
327.154
299.599
273.529
249.239
226.946
206.788
188.824
173.043
159.378
147.711
137.887
129.732
123.055
117.663
113.369
109.997
107.384
105.387
103.882
102.764
101.943
101.349
100.925
100.627
100.419
100.277
100.181
100.116
100.074
100.047
100.029
100.018
100.011
100.006
100.004
100.002
100.001
100.001
100
100
100
100
100
100
100
100
100
100
100
100
100
100
100
100
100
100
100
100
100
100
100
100
100
100
100
100
100
100
100
100
100
100
100
385.027
355.332
326.372
298.588
272.357
247.978
225.662
205.535
187.645
171.97
158.426
146.887
137.191
129.155
122.586
117.289
113.076
109.77
107.212
105.259
103.788
102.695
101.894
101.314
100.901
100.61
100.408
100.269
100.176
100.113
100.072
100.045
100.028
100.017
100.01
100.006
100.004
100.002
100.001
100.001
100
100
100
100
100
100
100
100
100
100
100
100
100
100
100
100
100
100
100
100
100
100
100
100
100
100
100
100
100
100
100
100
100
100
100
384.789
354.637
325.279
297.184
270.743
246.254
223.919
203.85
186.074
170.549
157.176
145.813
136.288
128.411
121.984
116.811
112.703
109.484
106.995
105.097
103.669
102.609
101.832
101.271
100.871
100.59
100.394
100.26
100.17
100.109
100.07
100.044
100.027
100.017
100.01
100.006
100.004
100.002
100.001
100.001
100
100
100
100
100
100
100
100
100
100
100
100
100
100
100
100
100
100
100
100
100
100
100
100
100
100
100
100
100
100
100
100
100
100
100
384.453
353.663
323.756
295.242
268.529
243.912
221.577
201.607
184.001
168.691
155.554
144.43
135.134
127.466
121.225
116.211
112.237
109.127
106.726
104.898
103.523
102.504
101.757
101.219
100.835
100.565
100.377
100.249
100.162
100.105
100.067
100.042
100.026
100.016
100.01
100.006
100.003
100.002
100.001
100.001
100
100
100
100
100
100
100
100
100
100
100
100
100
100
100
100
100
100
100
100
100
100
100
100
100
100
100
100
100
100
100
100
100
100
100
383.98
352.294
321.633
292.561
265.507
240.754
218.454
198.65
181.299
166.293
153.48
142.677
133.681
126.285
120.282
115.47
111.663
108.69
106.399
104.655
103.346
102.376
101.667
101.155
100.791
100.535
100.357
100.236
100.154
100.099
100.063
100.04
100.025
100.015
100.009
100.005
100.003
100.002
100.001
100.001
100
100
100
100
100
100
100
100
100
100
100
100
100
100
100
100
100
100
100
100
100
100
100
100
100
100
100
100
100
100
100
100
100
100
100
383.309
350.363
318.666
288.862
261.397
236.52
214.328
194.795
177.819
163.24
150.866
140.486
131.881
124.833
119.128
114.569
110.97
108.164
106.005
104.365
103.135
102.225
101.56
101.081
100.739
100.5
100.334
100.22
100.143
100.092
100.059
100.037
100.023
100.014
100.008
100.005
100.003
100.002
100.001
100.001
100
100
100
100
100
100
100
100
100
100
100
100
100
100
100
100
100
100
100
100
100
100
100
100
100
100
100
100
100
100
100
100
100
100
100
382.344
347.612
314.498
283.755
255.824
230.883
208.926
189.828
173.398
159.41
147.623
137.795
129.688
123.075
117.742
113.492
110.145
107.541
105.541
104.024
102.888
102.048
101.435
100.994
100.679
100.459
100.306
100.202
100.132
100.085
100.054
100.034
100.021
100.013
100.008
100.005
100.003
100.002
100.001
100.001
100
100
100
100
100
100
100
100
100
100
100
100
100
100
100
100
100
100
100
100
100
100
100
100
100
100
100
100
100
100
100
100
100
100
100
380.932
343.635
308.591
276.683
248.288
223.431
201.931
183.512
167.865
154.681
143.666
134.545
127.063
120.987
116.106
112.228
109.182
106.817
105.004
103.631
102.604
101.845
101.292
100.894
100.611
100.413
100.275
100.181
100.118
100.076
100.048
100.03
100.019
100.011
100.007
100.004
100.002
100.001
100.001
100
100
100
100
100
100
100
100
100
100
100
100
100
100
100
100
100
100
100
100
100
100
100
100
100
100
100
100
100
100
100
100
100
100
100
100
378.8
337.756
300.114
266.854
238.134
213.667
192.986
175.602
161.057
148.949
138.929
130.694
123.98
118.554
114.212
110.772
108.077
105.99
104.393
103.184
102.282
101.616
101.131
100.782
100.534
100.361
100.241
100.159
100.103
100.066
100.042
100.026
100.016
100.01
100.006
100.004
100.002
100.001
100.001
100
100
100
100
100
100
100
100
100
100
100
100
100
100
100
100
100
100
100
100
100
100
100
100
100
100
100
100
100
100
100
100
100
100
100
100
375.415
328.776
287.747
253.145
224.528
201.022
181.729
165.877
152.846
142.142
133.375
126.227
120.434
115.775
112.061
109.128
106.836
105.064
103.71
102.687
101.924
101.362
100.953
100.658
100.45
100.303
100.202
100.133
100.087
100.056
100.035
100.022
100.014
100.008
100.005
100.003
100.002
100.001
100.001
100
100
100
100
100
100
100
100
100
100
100
100
100
100
100
100
100
100
100
100
100
100
100
100
100
100
100
100
100
100
100
100
100
100
100
100
369.586
314.441
269.366
234
206.48
184.925
167.853
154.19
143.171
134.247
127.013
121.16
116.445
112.67
109.671
107.309
105.467
104.046
102.962
102.144
101.534
101.085
100.759
100.524
100.358
100.241
100.161
100.106
100.069
100.044
100.028
100.018
100.011
100.007
100.004
100.002
100.001
100.001
100
100
100
100
100
100
100
100
100
100
100
100
100
100
100
100
100
100
100
100
100
100
100
100
100
100
100
100
100
100
100
100
100
100
100
100
100
358.142
290.239
241.6
207.449
182.998
164.946
151.221
140.539
132.088
125.335
119.912
115.555
112.063
109.278
107.072
105.339
103.99
102.951
102.158
101.562
101.117
100.79
100.552
100.381
100.26
100.175
100.117
100.077
100.05
100.032
100.02
100.013
100.008
100.005
100.003
100.002
100.001
100.001
100
100
100
100
100
100
100
100
100
100
100
100
100
100
100
100
100
100
100
100
100
100
100
100
100
100
100
100
100
100
100
100
100
100
100
100
100
330.937
246.917
199.584
171.513
153.501
141.078
132.018
125.148
119.803
115.578
112.211
109.52
107.372
105.663
104.312
103.253
102.429
101.795
101.313
100.949
100.679
100.48
100.335
100.232
100.158
100.107
100.071
100.047
100.03
100.02
100.012
100.008
100.005
100.003
100.002
100.001
100.001
100
100
100
100
100
100
100
100
100
100
100
100
100
100
100
100
100
100
100
100
100
100
100
100
100
100
100
100
100
100
100
100
100
100
100
100
100
100
249.654
166.998
138.449
125.709
118.648
114.11
110.913
108.532
106.699
105.259
104.116
103.206
102.48
101.904
101.449
101.093
100.816
100.603
100.441
100.319
100.228
100.161
100.112
100.078
100.053
100.036
100.024
100.016
100.01
100.007
100.004
100.003
100.002
100.001
100.001
100
100
100
100
100
100
100
100
100
100
100
100
100
100
100
100
100
100
100
100
100
100
100
100
100
100
100
100
100
100
100
100
100
100
100
100
100
100
100
100
)
;

boundaryField
{
    upperwall
    {
        type            fixedValue;
        value           uniform 400;
    }
    rightwall
    {
        type            fixedValue;
        value           uniform 100;
    }
    leftwall
    {
        type            fixedValue;
        value           uniform 100;
    }
    bottomwall
    {
        type            fixedValue;
        value           uniform 100;
    }
    frontandback
    {
        type            empty;
    }
}


// ************************************************************************* //
