/*--------------------------------*- C++ -*----------------------------------*\
  =========                 |
  \\      /  F ield         | OpenFOAM: The Open Source CFD Toolbox
   \\    /   O peration     | Website:  https://openfoam.org
    \\  /    A nd           | Version:  10
     \\/     M anipulation  |
\*---------------------------------------------------------------------------*/
FoamFile
{
    format      ascii;
    class       volScalarField;
    location    "127";
    object      T;
}
// * * * * * * * * * * * * * * * * * * * * * * * * * * * * * * * * * * * * * //

dimensions      [0 0 0 1 0 0 0];

internalField   nonuniform List<scalar> 
11250
(
249.58
166.78
138.097
125.24
118.083
113.472
110.229
107.827
105.996
104.579
103.477
102.618
101.953
101.442
101.052
100.758
100.54
100.379
100.263
100.18
100.121
100.08
100.053
100.034
100.022
100.014
100.008
100.005
100.003
100.002
100.001
100.001
100
100
100
100
100
100
100
100
100
100
100
100
100
100
100
100
100
100
100
100
100
100
100
100
100
100
100
100
100
100
100
100
100
100
100
100
100
100
100
100
100
100
100
330.716
246.266
198.534
170.112
151.813
139.175
129.977
123.044
117.706
113.55
110.302
107.768
105.799
104.283
103.127
102.255
101.605
101.128
100.782
100.535
100.361
100.24
100.157
100.102
100.065
100.041
100.025
100.015
100.009
100.005
100.003
100.002
100.001
100.001
100
100
100
100
100
100
100
100
100
100
100
100
100
100
100
100
100
100
100
100
100
100
100
100
100
100
100
100
100
100
100
100
100
100
100
100
100
100
100
100
100
357.779
289.166
239.868
205.139
180.214
161.808
147.854
137.068
128.63
121.99
116.764
112.665
109.471
107.004
105.118
103.694
102.631
101.85
101.283
100.878
100.592
100.394
100.258
100.167
100.106
100.067
100.041
100.025
100.015
100.009
100.005
100.003
100.002
100.001
100.001
100
100
100
100
100
100
100
100
100
100
100
100
100
100
100
100
100
100
100
100
100
100
100
100
100
100
100
100
100
100
100
100
100
100
100
100
100
100
100
100
369.085
312.962
266.979
230.818
202.644
180.6
163.213
149.408
138.406
129.639
122.675
117.177
112.872
109.535
106.977
105.041
103.595
102.529
101.755
101.201
100.811
100.539
100.354
100.229
100.146
100.092
100.057
100.035
100.021
100.012
100.007
100.004
100.002
100.001
100.001
100
100
100
100
100
100
100
100
100
100
100
100
100
100
100
100
100
100
100
100
100
100
100
100
100
100
100
100
100
100
100
100
100
100
100
100
100
100
100
100
374.784
326.914
284.742
249.136
219.697
195.575
175.886
159.854
146.845
136.339
127.912
121.211
115.934
111.827
108.669
106.272
104.477
103.153
102.19
101.5
101.013
100.674
100.442
100.286
100.182
100.115
100.071
100.043
100.026
100.015
100.009
100.005
100.003
100.002
100.001
100
100
100
100
100
100
100
100
100
100
100
100
100
100
100
100
100
100
100
100
100
100
100
100
100
100
100
100
100
100
100
100
100
100
100
100
100
100
100
100
378.048
335.536
296.533
262.078
232.378
207.177
186.024
168.425
153.906
142.034
132.419
124.717
118.618
113.849
110.169
107.368
105.267
103.713
102.581
101.769
101.196
100.796
100.523
100.338
100.216
100.136
100.084
100.051
100.031
100.018
100.011
100.006
100.003
100.002
100.001
100.001
100
100
100
100
100
100
100
100
100
100
100
100
100
100
100
100
100
100
100
100
100
100
100
100
100
100
100
100
100
100
100
100
100
100
100
100
100
100
100
380.07
341.09
304.483
271.204
241.685
215.986
193.944
175.279
159.661
146.747
136.197
127.687
120.911
115.589
111.468
108.323
105.957
104.204
102.926
102.007
101.357
100.905
100.594
100.385
100.245
100.154
100.096
100.058
100.035
100.021
100.012
100.007
100.004
100.002
100.001
100.001
100
100
100
100
100
100
100
100
100
100
100
100
100
100
100
100
100
100
100
100
100
100
100
100
100
100
100
100
100
100
100
100
100
100
100
100
100
100
100
381.382
344.773
309.915
277.643
248.457
222.578
200.016
180.643
164.246
150.558
139.29
130.144
122.824
117.052
112.567
109.134
106.547
104.626
103.222
102.212
101.497
100.999
100.656
100.425
100.271
100.171
100.106
100.065
100.039
100.023
100.014
100.008
100.004
100.002
100.001
100.001
100
100
100
100
100
100
100
100
100
100
100
100
100
100
100
100
100
100
100
100
100
100
100
100
100
100
100
100
100
100
100
100
100
100
100
100
100
100
100
382.258
347.263
313.662
282.189
253.353
227.452
204.598
184.766
167.825
153.575
141.768
132.132
124.386
118.256
113.477
109.81
107.04
104.98
103.472
102.386
101.616
101.079
100.709
100.46
100.294
100.185
100.115
100.07
100.042
100.025
100.015
100.008
100.005
100.003
100.001
100.001
100
100
100
100
100
100
100
100
100
100
100
100
100
100
100
100
100
100
100
100
100
100
100
100
100
100
100
100
100
100
100
100
100
100
100
100
100
100
100
382.853
348.966
316.262
285.398
256.873
231.019
208.01
187.884
170.571
155.918
143.713
133.707
125.635
119.224
114.214
110.361
107.444
105.271
103.679
102.53
101.715
101.145
100.754
100.489
100.312
100.197
100.122
100.075
100.045
100.027
100.016
100.009
100.005
100.003
100.002
100.001
100
100
100
100
100
100
100
100
100
100
100
100
100
100
100
100
100
100
100
100
100
100
100
100
100
100
100
100
100
100
100
100
100
100
100
100
100
100
100
383.259
350.139
318.07
287.658
259.388
233.606
210.519
190.208
172.642
157.705
145.212
134.933
126.614
119.989
114.8
110.801
107.769
105.506
103.846
102.647
101.795
101.2
100.79
100.512
100.328
100.206
100.128
100.078
100.047
100.028
100.016
100.009
100.005
100.003
100.002
100.001
100
100
100
100
100
100
100
100
100
100
100
100
100
100
100
100
100
100
100
100
100
100
100
100
100
100
100
100
100
100
100
100
100
100
100
100
100
100
100
383.539
350.948
319.326
289.244
261.172
235.463
212.342
191.916
174.182
159.047
146.347
135.869
127.367
120.582
115.257
111.146
108.024
105.692
103.979
102.74
101.86
101.243
100.819
100.532
100.34
100.214
100.133
100.081
100.049
100.029
100.017
100.01
100.006
100.003
100.002
100.001
100
100
100
100
100
100
100
100
100
100
100
100
100
100
100
100
100
100
100
100
100
100
100
100
100
100
100
100
100
100
100
100
100
100
100
100
100
100
100
383.731
351.506
320.197
290.352
262.43
236.785
213.652
193.155
175.309
160.038
147.193
136.571
127.936
121.032
115.606
111.411
108.221
105.836
104.082
102.813
101.91
101.278
100.842
100.547
100.35
100.22
100.137
100.084
100.051
100.03
100.018
100.01
100.006
100.003
100.002
100.001
100
100
100
100
100
100
100
100
100
100
100
100
100
100
100
100
100
100
100
100
100
100
100
100
100
100
100
100
100
100
100
100
100
100
100
100
100
100
100
383.863
351.888
320.797
291.12
263.309
237.716
214.583
194.043
176.123
160.759
147.813
137.09
128.358
121.369
115.868
111.611
108.371
105.946
104.161
102.869
101.949
101.304
100.86
100.558
100.357
100.225
100.14
100.086
100.052
100.031
100.018
100.01
100.006
100.003
100.002
100.001
100.001
100
100
100
100
100
100
100
100
100
100
100
100
100
100
100
100
100
100
100
100
100
100
100
100
100
100
100
100
100
100
100
100
100
100
100
100
100
100
383.952
352.15
321.209
291.649
263.918
238.365
215.236
194.671
176.702
161.276
148.26
137.466
128.667
121.616
116.062
111.759
108.482
106.028
104.22
102.911
101.978
101.324
100.873
100.567
100.363
100.229
100.142
100.087
100.053
100.031
100.018
100.011
100.006
100.003
100.002
100.001
100.001
100
100
100
100
100
100
100
100
100
100
100
100
100
100
100
100
100
100
100
100
100
100
100
100
100
100
100
100
100
100
100
100
100
100
100
100
100
100
384.013
352.327
321.489
292.011
264.336
238.813
215.69
195.109
177.11
161.642
148.578
137.735
128.889
121.795
116.202
111.867
108.564
106.088
104.264
102.942
102
101.339
100.883
100.574
100.367
100.232
100.144
100.088
100.053
100.032
100.018
100.011
100.006
100.003
100.002
100.001
100.001
100
100
100
100
100
100
100
100
100
100
100
100
100
100
100
100
100
100
100
100
100
100
100
100
100
100
100
100
100
100
100
100
100
100
100
100
100
100
384.054
352.447
321.677
292.255
264.619
239.118
216.001
195.411
177.392
161.897
148.801
137.925
129.046
121.922
116.303
111.945
108.622
106.132
104.296
102.965
102.016
101.35
100.891
100.579
100.371
100.234
100.145
100.089
100.054
100.032
100.019
100.011
100.006
100.003
100.002
100.001
100.001
100
100
100
100
100
100
100
100
100
100
100
100
100
100
100
100
100
100
100
100
100
100
100
100
100
100
100
100
100
100
100
100
100
100
100
100
100
100
384.081
352.526
321.804
292.419
264.81
239.325
216.212
195.617
177.585
162.072
148.955
138.057
129.156
122.011
116.373
112
108.664
106.163
104.318
102.981
102.027
101.358
100.896
100.582
100.373
100.235
100.146
100.09
100.054
100.032
100.019
100.011
100.006
100.003
100.002
100.001
100.001
100
100
100
100
100
100
100
100
100
100
100
100
100
100
100
100
100
100
100
100
100
100
100
100
100
100
100
100
100
100
100
100
100
100
100
100
100
100
384.099
352.579
321.887
292.528
264.937
239.462
216.353
195.755
177.716
162.19
149.06
138.146
129.231
122.072
116.422
112.038
108.693
106.184
104.334
102.992
102.035
101.363
100.9
100.585
100.375
100.236
100.147
100.09
100.054
100.032
100.019
100.011
100.006
100.003
100.002
100.001
100.001
100
100
100
100
100
100
100
100
100
100
100
100
100
100
100
100
100
100
100
100
100
100
100
100
100
100
100
100
100
100
100
100
100
100
100
100
100
100
384.111
352.613
321.941
292.599
265.02
239.553
216.446
195.847
177.802
162.27
149.13
138.207
129.282
122.114
116.455
112.063
108.713
106.199
104.345
103
102.04
101.367
100.902
100.587
100.376
100.237
100.147
100.09
100.054
100.032
100.019
100.011
100.006
100.003
100.002
100.001
100.001
100
100
100
100
100
100
100
100
100
100
100
100
100
100
100
100
100
100
100
100
100
100
100
100
100
100
100
100
100
100
100
100
100
100
100
100
100
100
384.118
352.635
321.977
292.645
265.074
239.612
216.507
195.907
177.859
162.322
149.177
138.247
129.316
122.141
116.477
112.081
108.726
106.209
104.352
103.005
102.044
101.37
100.904
100.588
100.377
100.238
100.148
100.09
100.055
100.032
100.019
100.011
100.006
100.003
100.002
100.001
100.001
100
100
100
100
100
100
100
100
100
100
100
100
100
100
100
100
100
100
100
100
100
100
100
100
100
100
100
100
100
100
100
100
100
100
100
100
100
100
384.123
352.649
321.999
292.674
265.109
239.65
216.546
195.946
177.896
162.356
149.207
138.273
129.338
122.16
116.492
112.092
108.735
106.216
104.357
103.009
102.047
101.371
100.905
100.589
100.377
100.238
100.148
100.091
100.055
100.032
100.019
100.011
100.006
100.003
100.002
100.001
100.001
100
100
100
100
100
100
100
100
100
100
100
100
100
100
100
100
100
100
100
100
100
100
100
100
100
100
100
100
100
100
100
100
100
100
100
100
100
100
384.126
352.658
322.013
292.693
265.131
239.674
216.571
195.97
177.92
162.378
149.226
138.29
129.352
122.171
116.501
112.1
108.741
106.22
104.36
103.011
102.048
101.373
100.906
100.589
100.377
100.238
100.148
100.091
100.055
100.032
100.019
100.011
100.006
100.003
100.002
100.001
100.001
100
100
100
100
100
100
100
100
100
100
100
100
100
100
100
100
100
100
100
100
100
100
100
100
100
100
100
100
100
100
100
100
100
100
100
100
100
100
384.128
352.664
322.022
292.705
265.144
239.689
216.587
195.986
177.935
162.391
149.239
138.301
129.361
122.179
116.507
112.105
108.744
106.223
104.363
103.013
102.049
101.373
100.907
100.59
100.378
100.238
100.148
100.091
100.055
100.033
100.019
100.011
100.006
100.003
100.002
100.001
100.001
100
100
100
100
100
100
100
100
100
100
100
100
100
100
100
100
100
100
100
100
100
100
100
100
100
100
100
100
100
100
100
100
100
100
100
100
100
100
384.129
352.667
322.028
292.712
265.153
239.698
216.596
195.996
177.944
162.4
149.247
138.308
129.367
122.184
116.511
112.108
108.747
106.225
104.364
103.014
102.05
101.374
100.907
100.59
100.378
100.238
100.148
100.091
100.055
100.033
100.019
100.011
100.006
100.003
100.002
100.001
100.001
100
100
100
100
100
100
100
100
100
100
100
100
100
100
100
100
100
100
100
100
100
100
100
100
100
100
100
100
100
100
100
100
100
100
100
100
100
100
384.13
352.669
322.031
292.716
265.158
239.704
216.602
196.002
177.95
162.405
149.251
138.312
129.37
122.187
116.514
112.11
108.748
106.226
104.365
103.014
102.051
101.374
100.907
100.59
100.378
100.238
100.148
100.091
100.055
100.033
100.019
100.011
100.006
100.003
100.002
100.001
100.001
100
100
100
100
100
100
100
100
100
100
100
100
100
100
100
100
100
100
100
100
100
100
100
100
100
100
100
100
100
100
100
100
100
100
100
100
100
100
384.13
352.671
322.033
292.719
265.161
239.707
216.606
196.005
177.953
162.408
149.254
138.314
129.372
122.188
116.515
112.111
108.749
106.227
104.365
103.015
102.051
101.374
100.907
100.59
100.378
100.239
100.148
100.091
100.055
100.033
100.019
100.011
100.006
100.003
100.002
100.001
100.001
100
100
100
100
100
100
100
100
100
100
100
100
100
100
100
100
100
100
100
100
100
100
100
100
100
100
100
100
100
100
100
100
100
100
100
100
100
100
384.131
352.671
322.034
292.721
265.163
239.709
216.608
196.007
177.955
162.41
149.256
138.316
129.374
122.19
116.516
112.111
108.75
106.227
104.365
103.015
102.051
101.374
100.907
100.59
100.378
100.239
100.148
100.091
100.055
100.033
100.019
100.011
100.006
100.003
100.002
100.001
100.001
100
100
100
100
100
100
100
100
100
100
100
100
100
100
100
100
100
100
100
100
100
100
100
100
100
100
100
100
100
100
100
100
100
100
100
100
100
100
384.131
352.672
322.035
292.722
265.164
239.71
216.609
196.008
177.956
162.411
149.257
138.317
129.375
122.19
116.516
112.112
108.75
106.227
104.366
103.015
102.051
101.374
100.907
100.59
100.378
100.239
100.148
100.091
100.055
100.033
100.019
100.011
100.006
100.003
100.002
100.001
100.001
100
100
100
100
100
100
100
100
100
100
100
100
100
100
100
100
100
100
100
100
100
100
100
100
100
100
100
100
100
100
100
100
100
100
100
100
100
100
384.131
352.672
322.035
292.722
265.165
239.711
216.61
196.009
177.957
162.412
149.257
138.317
129.375
122.191
116.517
112.112
108.75
106.227
104.366
103.015
102.051
101.375
100.907
100.59
100.378
100.239
100.148
100.091
100.055
100.033
100.019
100.011
100.006
100.003
100.002
100.001
100.001
100
100
100
100
100
100
100
100
100
100
100
100
100
100
100
100
100
100
100
100
100
100
100
100
100
100
100
100
100
100
100
100
100
100
100
100
100
100
384.131
352.672
322.036
292.722
265.165
239.711
216.61
196.01
177.957
162.412
149.258
138.318
129.375
122.191
116.517
112.112
108.75
106.227
104.366
103.015
102.051
101.375
100.907
100.59
100.378
100.239
100.148
100.091
100.055
100.033
100.019
100.011
100.006
100.003
100.002
100.001
100.001
100
100
100
100
100
100
100
100
100
100
100
100
100
100
100
100
100
100
100
100
100
100
100
100
100
100
100
100
100
100
100
100
100
100
100
100
100
100
384.131
352.672
322.036
292.723
265.165
239.712
216.611
196.01
177.958
162.413
149.258
138.318
129.375
122.191
116.517
112.112
108.75
106.227
104.366
103.015
102.051
101.375
100.907
100.59
100.378
100.239
100.148
100.091
100.055
100.033
100.019
100.011
100.006
100.003
100.002
100.001
100.001
100
100
100
100
100
100
100
100
100
100
100
100
100
100
100
100
100
100
100
100
100
100
100
100
100
100
100
100
100
100
100
100
100
100
100
100
100
100
384.131
352.672
322.036
292.723
265.166
239.712
216.611
196.01
177.958
162.413
149.258
138.318
129.375
122.191
116.517
112.112
108.75
106.227
104.366
103.015
102.051
101.375
100.907
100.59
100.378
100.239
100.148
100.091
100.055
100.033
100.019
100.011
100.006
100.003
100.002
100.001
100.001
100
100
100
100
100
100
100
100
100
100
100
100
100
100
100
100
100
100
100
100
100
100
100
100
100
100
100
100
100
100
100
100
100
100
100
100
100
100
384.131
352.672
322.036
292.723
265.166
239.712
216.611
196.01
177.958
162.413
149.258
138.318
129.375
122.191
116.517
112.112
108.75
106.227
104.366
103.015
102.051
101.375
100.907
100.59
100.378
100.239
100.148
100.091
100.055
100.033
100.019
100.011
100.006
100.003
100.002
100.001
100.001
100
100
100
100
100
100
100
100
100
100
100
100
100
100
100
100
100
100
100
100
100
100
100
100
100
100
100
100
100
100
100
100
100
100
100
100
100
100
384.131
352.672
322.036
292.723
265.166
239.712
216.611
196.01
177.958
162.413
149.258
138.318
129.375
122.191
116.517
112.112
108.75
106.227
104.366
103.015
102.051
101.375
100.907
100.59
100.378
100.239
100.148
100.091
100.055
100.033
100.019
100.011
100.006
100.003
100.002
100.001
100.001
100
100
100
100
100
100
100
100
100
100
100
100
100
100
100
100
100
100
100
100
100
100
100
100
100
100
100
100
100
100
100
100
100
100
100
100
100
100
384.131
352.672
322.036
292.723
265.166
239.712
216.611
196.01
177.958
162.413
149.258
138.318
129.375
122.191
116.517
112.112
108.75
106.227
104.366
103.015
102.051
101.375
100.907
100.59
100.378
100.239
100.148
100.091
100.055
100.033
100.019
100.011
100.006
100.003
100.002
100.001
100.001
100
100
100
100
100
100
100
100
100
100
100
100
100
100
100
100
100
100
100
100
100
100
100
100
100
100
100
100
100
100
100
100
100
100
100
100
100
100
384.131
352.672
322.036
292.723
265.166
239.712
216.611
196.01
177.958
162.413
149.258
138.318
129.375
122.191
116.517
112.112
108.75
106.227
104.366
103.015
102.051
101.375
100.907
100.59
100.378
100.239
100.148
100.091
100.055
100.033
100.019
100.011
100.006
100.003
100.002
100.001
100.001
100
100
100
100
100
100
100
100
100
100
100
100
100
100
100
100
100
100
100
100
100
100
100
100
100
100
100
100
100
100
100
100
100
100
100
100
100
100
384.131
352.672
322.036
292.723
265.166
239.712
216.611
196.01
177.958
162.413
149.258
138.318
129.375
122.191
116.517
112.112
108.75
106.227
104.366
103.015
102.051
101.375
100.907
100.59
100.378
100.239
100.148
100.091
100.055
100.033
100.019
100.011
100.006
100.003
100.002
100.001
100.001
100
100
100
100
100
100
100
100
100
100
100
100
100
100
100
100
100
100
100
100
100
100
100
100
100
100
100
100
100
100
100
100
100
100
100
100
100
100
384.131
352.672
322.036
292.723
265.166
239.712
216.611
196.01
177.958
162.413
149.258
138.318
129.375
122.191
116.517
112.112
108.75
106.227
104.366
103.015
102.051
101.375
100.907
100.59
100.378
100.239
100.148
100.091
100.055
100.033
100.019
100.011
100.006
100.003
100.002
100.001
100.001
100
100
100
100
100
100
100
100
100
100
100
100
100
100
100
100
100
100
100
100
100
100
100
100
100
100
100
100
100
100
100
100
100
100
100
100
100
100
384.131
352.672
322.036
292.723
265.166
239.712
216.611
196.01
177.958
162.413
149.258
138.318
129.375
122.191
116.517
112.112
108.75
106.227
104.366
103.015
102.051
101.375
100.907
100.59
100.378
100.239
100.148
100.091
100.055
100.033
100.019
100.011
100.006
100.003
100.002
100.001
100.001
100
100
100
100
100
100
100
100
100
100
100
100
100
100
100
100
100
100
100
100
100
100
100
100
100
100
100
100
100
100
100
100
100
100
100
100
100
100
384.131
352.672
322.036
292.723
265.166
239.712
216.611
196.01
177.958
162.413
149.258
138.318
129.375
122.191
116.517
112.112
108.75
106.227
104.366
103.015
102.051
101.375
100.907
100.59
100.378
100.239
100.148
100.091
100.055
100.033
100.019
100.011
100.006
100.003
100.002
100.001
100.001
100
100
100
100
100
100
100
100
100
100
100
100
100
100
100
100
100
100
100
100
100
100
100
100
100
100
100
100
100
100
100
100
100
100
100
100
100
100
384.131
352.672
322.036
292.723
265.166
239.712
216.611
196.01
177.958
162.413
149.258
138.318
129.375
122.191
116.517
112.112
108.75
106.227
104.366
103.015
102.051
101.375
100.907
100.59
100.378
100.239
100.148
100.091
100.055
100.033
100.019
100.011
100.006
100.003
100.002
100.001
100.001
100
100
100
100
100
100
100
100
100
100
100
100
100
100
100
100
100
100
100
100
100
100
100
100
100
100
100
100
100
100
100
100
100
100
100
100
100
100
384.131
352.672
322.036
292.723
265.166
239.712
216.611
196.01
177.958
162.413
149.258
138.318
129.375
122.191
116.517
112.112
108.75
106.227
104.366
103.015
102.051
101.375
100.907
100.59
100.378
100.239
100.148
100.091
100.055
100.033
100.019
100.011
100.006
100.003
100.002
100.001
100.001
100
100
100
100
100
100
100
100
100
100
100
100
100
100
100
100
100
100
100
100
100
100
100
100
100
100
100
100
100
100
100
100
100
100
100
100
100
100
384.131
352.672
322.036
292.723
265.166
239.712
216.611
196.01
177.958
162.413
149.258
138.318
129.375
122.191
116.517
112.112
108.75
106.227
104.366
103.015
102.051
101.375
100.907
100.59
100.378
100.239
100.148
100.091
100.055
100.033
100.019
100.011
100.006
100.003
100.002
100.001
100.001
100
100
100
100
100
100
100
100
100
100
100
100
100
100
100
100
100
100
100
100
100
100
100
100
100
100
100
100
100
100
100
100
100
100
100
100
100
100
384.131
352.672
322.036
292.723
265.166
239.712
216.611
196.01
177.958
162.413
149.258
138.318
129.375
122.191
116.517
112.112
108.75
106.227
104.366
103.015
102.051
101.375
100.907
100.59
100.378
100.239
100.148
100.091
100.055
100.033
100.019
100.011
100.006
100.003
100.002
100.001
100.001
100
100
100
100
100
100
100
100
100
100
100
100
100
100
100
100
100
100
100
100
100
100
100
100
100
100
100
100
100
100
100
100
100
100
100
100
100
100
384.131
352.672
322.036
292.723
265.166
239.712
216.611
196.01
177.958
162.413
149.258
138.318
129.375
122.191
116.517
112.112
108.75
106.227
104.366
103.015
102.051
101.375
100.907
100.59
100.378
100.239
100.148
100.091
100.055
100.033
100.019
100.011
100.006
100.003
100.002
100.001
100.001
100
100
100
100
100
100
100
100
100
100
100
100
100
100
100
100
100
100
100
100
100
100
100
100
100
100
100
100
100
100
100
100
100
100
100
100
100
100
384.131
352.672
322.036
292.723
265.166
239.712
216.611
196.01
177.958
162.413
149.258
138.318
129.375
122.191
116.517
112.112
108.75
106.227
104.366
103.015
102.051
101.375
100.907
100.59
100.378
100.239
100.148
100.091
100.055
100.033
100.019
100.011
100.006
100.003
100.002
100.001
100.001
100
100
100
100
100
100
100
100
100
100
100
100
100
100
100
100
100
100
100
100
100
100
100
100
100
100
100
100
100
100
100
100
100
100
100
100
100
100
384.131
352.672
322.036
292.723
265.166
239.712
216.611
196.01
177.958
162.413
149.258
138.318
129.375
122.191
116.517
112.112
108.75
106.227
104.366
103.015
102.051
101.375
100.907
100.59
100.378
100.239
100.148
100.091
100.055
100.033
100.019
100.011
100.006
100.003
100.002
100.001
100.001
100
100
100
100
100
100
100
100
100
100
100
100
100
100
100
100
100
100
100
100
100
100
100
100
100
100
100
100
100
100
100
100
100
100
100
100
100
100
384.131
352.672
322.036
292.723
265.166
239.712
216.611
196.01
177.958
162.413
149.258
138.318
129.375
122.191
116.517
112.112
108.75
106.227
104.366
103.015
102.051
101.375
100.907
100.59
100.378
100.239
100.148
100.091
100.055
100.033
100.019
100.011
100.006
100.003
100.002
100.001
100.001
100
100
100
100
100
100
100
100
100
100
100
100
100
100
100
100
100
100
100
100
100
100
100
100
100
100
100
100
100
100
100
100
100
100
100
100
100
100
384.131
352.672
322.036
292.723
265.166
239.712
216.611
196.01
177.958
162.413
149.258
138.318
129.375
122.191
116.517
112.112
108.75
106.227
104.366
103.015
102.051
101.375
100.907
100.59
100.378
100.239
100.148
100.091
100.055
100.033
100.019
100.011
100.006
100.003
100.002
100.001
100.001
100
100
100
100
100
100
100
100
100
100
100
100
100
100
100
100
100
100
100
100
100
100
100
100
100
100
100
100
100
100
100
100
100
100
100
100
100
100
384.131
352.672
322.036
292.723
265.166
239.712
216.611
196.01
177.958
162.413
149.258
138.318
129.375
122.191
116.517
112.112
108.75
106.227
104.366
103.015
102.051
101.375
100.907
100.59
100.378
100.239
100.148
100.091
100.055
100.033
100.019
100.011
100.006
100.003
100.002
100.001
100.001
100
100
100
100
100
100
100
100
100
100
100
100
100
100
100
100
100
100
100
100
100
100
100
100
100
100
100
100
100
100
100
100
100
100
100
100
100
100
384.131
352.672
322.036
292.723
265.166
239.712
216.611
196.01
177.958
162.413
149.258
138.318
129.375
122.191
116.517
112.112
108.75
106.227
104.366
103.015
102.051
101.375
100.907
100.59
100.378
100.239
100.148
100.091
100.055
100.033
100.019
100.011
100.006
100.003
100.002
100.001
100.001
100
100
100
100
100
100
100
100
100
100
100
100
100
100
100
100
100
100
100
100
100
100
100
100
100
100
100
100
100
100
100
100
100
100
100
100
100
100
384.131
352.672
322.036
292.723
265.166
239.712
216.611
196.01
177.958
162.413
149.258
138.318
129.375
122.191
116.517
112.112
108.75
106.227
104.366
103.015
102.051
101.375
100.907
100.59
100.378
100.239
100.148
100.091
100.055
100.033
100.019
100.011
100.006
100.003
100.002
100.001
100.001
100
100
100
100
100
100
100
100
100
100
100
100
100
100
100
100
100
100
100
100
100
100
100
100
100
100
100
100
100
100
100
100
100
100
100
100
100
100
384.131
352.672
322.036
292.723
265.166
239.712
216.611
196.01
177.958
162.413
149.258
138.318
129.375
122.191
116.517
112.112
108.75
106.227
104.366
103.015
102.051
101.375
100.907
100.59
100.378
100.239
100.148
100.091
100.055
100.033
100.019
100.011
100.006
100.003
100.002
100.001
100.001
100
100
100
100
100
100
100
100
100
100
100
100
100
100
100
100
100
100
100
100
100
100
100
100
100
100
100
100
100
100
100
100
100
100
100
100
100
100
384.131
352.672
322.036
292.723
265.166
239.712
216.611
196.01
177.958
162.413
149.258
138.318
129.375
122.191
116.517
112.112
108.75
106.227
104.366
103.015
102.051
101.375
100.907
100.59
100.378
100.239
100.148
100.091
100.055
100.033
100.019
100.011
100.006
100.003
100.002
100.001
100.001
100
100
100
100
100
100
100
100
100
100
100
100
100
100
100
100
100
100
100
100
100
100
100
100
100
100
100
100
100
100
100
100
100
100
100
100
100
100
384.131
352.672
322.036
292.723
265.166
239.712
216.611
196.01
177.958
162.413
149.258
138.318
129.375
122.191
116.517
112.112
108.75
106.227
104.366
103.015
102.051
101.375
100.907
100.59
100.378
100.239
100.148
100.091
100.055
100.033
100.019
100.011
100.006
100.003
100.002
100.001
100.001
100
100
100
100
100
100
100
100
100
100
100
100
100
100
100
100
100
100
100
100
100
100
100
100
100
100
100
100
100
100
100
100
100
100
100
100
100
100
384.131
352.672
322.036
292.723
265.166
239.712
216.611
196.01
177.958
162.413
149.258
138.318
129.375
122.191
116.517
112.112
108.75
106.227
104.366
103.015
102.051
101.375
100.907
100.59
100.378
100.239
100.148
100.091
100.055
100.033
100.019
100.011
100.006
100.003
100.002
100.001
100.001
100
100
100
100
100
100
100
100
100
100
100
100
100
100
100
100
100
100
100
100
100
100
100
100
100
100
100
100
100
100
100
100
100
100
100
100
100
100
384.131
352.672
322.036
292.723
265.166
239.712
216.611
196.01
177.958
162.413
149.258
138.318
129.375
122.191
116.517
112.112
108.75
106.227
104.366
103.015
102.051
101.375
100.907
100.59
100.378
100.239
100.148
100.091
100.055
100.033
100.019
100.011
100.006
100.003
100.002
100.001
100.001
100
100
100
100
100
100
100
100
100
100
100
100
100
100
100
100
100
100
100
100
100
100
100
100
100
100
100
100
100
100
100
100
100
100
100
100
100
100
384.131
352.672
322.036
292.723
265.166
239.712
216.611
196.01
177.958
162.413
149.258
138.318
129.375
122.191
116.517
112.112
108.75
106.227
104.366
103.015
102.051
101.375
100.907
100.59
100.378
100.239
100.148
100.091
100.055
100.033
100.019
100.011
100.006
100.003
100.002
100.001
100.001
100
100
100
100
100
100
100
100
100
100
100
100
100
100
100
100
100
100
100
100
100
100
100
100
100
100
100
100
100
100
100
100
100
100
100
100
100
100
384.131
352.672
322.036
292.723
265.166
239.712
216.611
196.01
177.958
162.413
149.258
138.318
129.375
122.191
116.517
112.112
108.75
106.227
104.366
103.015
102.051
101.375
100.907
100.59
100.378
100.239
100.148
100.091
100.055
100.033
100.019
100.011
100.006
100.003
100.002
100.001
100.001
100
100
100
100
100
100
100
100
100
100
100
100
100
100
100
100
100
100
100
100
100
100
100
100
100
100
100
100
100
100
100
100
100
100
100
100
100
100
384.131
352.672
322.036
292.723
265.166
239.712
216.611
196.01
177.958
162.413
149.258
138.318
129.375
122.191
116.517
112.112
108.75
106.227
104.366
103.015
102.051
101.375
100.907
100.59
100.378
100.239
100.148
100.091
100.055
100.033
100.019
100.011
100.006
100.003
100.002
100.001
100.001
100
100
100
100
100
100
100
100
100
100
100
100
100
100
100
100
100
100
100
100
100
100
100
100
100
100
100
100
100
100
100
100
100
100
100
100
100
100
384.131
352.672
322.036
292.723
265.166
239.712
216.611
196.01
177.958
162.413
149.258
138.318
129.375
122.191
116.517
112.112
108.75
106.227
104.366
103.015
102.051
101.375
100.907
100.59
100.378
100.239
100.148
100.091
100.055
100.033
100.019
100.011
100.006
100.003
100.002
100.001
100.001
100
100
100
100
100
100
100
100
100
100
100
100
100
100
100
100
100
100
100
100
100
100
100
100
100
100
100
100
100
100
100
100
100
100
100
100
100
100
384.131
352.672
322.036
292.723
265.166
239.712
216.611
196.01
177.958
162.413
149.258
138.318
129.375
122.191
116.517
112.112
108.75
106.227
104.366
103.015
102.051
101.375
100.907
100.59
100.378
100.239
100.148
100.091
100.055
100.033
100.019
100.011
100.006
100.003
100.002
100.001
100.001
100
100
100
100
100
100
100
100
100
100
100
100
100
100
100
100
100
100
100
100
100
100
100
100
100
100
100
100
100
100
100
100
100
100
100
100
100
100
384.131
352.672
322.036
292.723
265.166
239.712
216.611
196.01
177.958
162.413
149.258
138.318
129.375
122.191
116.517
112.112
108.75
106.227
104.366
103.015
102.051
101.375
100.907
100.59
100.378
100.239
100.148
100.091
100.055
100.033
100.019
100.011
100.006
100.003
100.002
100.001
100.001
100
100
100
100
100
100
100
100
100
100
100
100
100
100
100
100
100
100
100
100
100
100
100
100
100
100
100
100
100
100
100
100
100
100
100
100
100
100
384.131
352.672
322.036
292.723
265.166
239.712
216.611
196.01
177.958
162.413
149.258
138.318
129.375
122.191
116.517
112.112
108.75
106.227
104.366
103.015
102.051
101.375
100.907
100.59
100.378
100.239
100.148
100.091
100.055
100.033
100.019
100.011
100.006
100.003
100.002
100.001
100.001
100
100
100
100
100
100
100
100
100
100
100
100
100
100
100
100
100
100
100
100
100
100
100
100
100
100
100
100
100
100
100
100
100
100
100
100
100
100
384.131
352.672
322.036
292.723
265.166
239.712
216.611
196.01
177.958
162.413
149.258
138.318
129.375
122.191
116.517
112.112
108.75
106.227
104.366
103.015
102.051
101.375
100.907
100.59
100.378
100.239
100.148
100.091
100.055
100.033
100.019
100.011
100.006
100.003
100.002
100.001
100.001
100
100
100
100
100
100
100
100
100
100
100
100
100
100
100
100
100
100
100
100
100
100
100
100
100
100
100
100
100
100
100
100
100
100
100
100
100
100
384.131
352.672
322.036
292.723
265.166
239.712
216.611
196.01
177.958
162.413
149.258
138.318
129.375
122.191
116.517
112.112
108.75
106.227
104.366
103.015
102.051
101.375
100.907
100.59
100.378
100.239
100.148
100.091
100.055
100.033
100.019
100.011
100.006
100.003
100.002
100.001
100.001
100
100
100
100
100
100
100
100
100
100
100
100
100
100
100
100
100
100
100
100
100
100
100
100
100
100
100
100
100
100
100
100
100
100
100
100
100
100
384.131
352.672
322.036
292.723
265.166
239.712
216.611
196.01
177.958
162.413
149.258
138.318
129.375
122.191
116.517
112.112
108.75
106.227
104.366
103.015
102.051
101.375
100.907
100.59
100.378
100.239
100.148
100.091
100.055
100.033
100.019
100.011
100.006
100.003
100.002
100.001
100.001
100
100
100
100
100
100
100
100
100
100
100
100
100
100
100
100
100
100
100
100
100
100
100
100
100
100
100
100
100
100
100
100
100
100
100
100
100
100
384.131
352.672
322.036
292.723
265.166
239.712
216.611
196.01
177.958
162.413
149.258
138.318
129.375
122.191
116.517
112.112
108.75
106.227
104.366
103.015
102.051
101.375
100.907
100.59
100.378
100.239
100.148
100.091
100.055
100.033
100.019
100.011
100.006
100.003
100.002
100.001
100.001
100
100
100
100
100
100
100
100
100
100
100
100
100
100
100
100
100
100
100
100
100
100
100
100
100
100
100
100
100
100
100
100
100
100
100
100
100
100
384.131
352.672
322.036
292.723
265.166
239.712
216.611
196.01
177.958
162.413
149.258
138.318
129.375
122.191
116.517
112.112
108.75
106.227
104.366
103.015
102.051
101.375
100.907
100.59
100.378
100.239
100.148
100.091
100.055
100.033
100.019
100.011
100.006
100.003
100.002
100.001
100.001
100
100
100
100
100
100
100
100
100
100
100
100
100
100
100
100
100
100
100
100
100
100
100
100
100
100
100
100
100
100
100
100
100
100
100
100
100
100
384.131
352.672
322.036
292.723
265.166
239.712
216.611
196.01
177.958
162.413
149.258
138.318
129.375
122.191
116.517
112.112
108.75
106.227
104.366
103.015
102.051
101.375
100.907
100.59
100.378
100.239
100.148
100.091
100.055
100.033
100.019
100.011
100.006
100.003
100.002
100.001
100.001
100
100
100
100
100
100
100
100
100
100
100
100
100
100
100
100
100
100
100
100
100
100
100
100
100
100
100
100
100
100
100
100
100
100
100
100
100
100
384.131
352.672
322.036
292.723
265.166
239.712
216.611
196.01
177.958
162.413
149.258
138.318
129.375
122.191
116.517
112.112
108.75
106.227
104.366
103.015
102.051
101.375
100.907
100.59
100.378
100.239
100.148
100.091
100.055
100.033
100.019
100.011
100.006
100.003
100.002
100.001
100.001
100
100
100
100
100
100
100
100
100
100
100
100
100
100
100
100
100
100
100
100
100
100
100
100
100
100
100
100
100
100
100
100
100
100
100
100
100
100
384.131
352.672
322.036
292.723
265.166
239.712
216.611
196.01
177.958
162.413
149.258
138.318
129.375
122.191
116.517
112.112
108.75
106.227
104.366
103.015
102.051
101.375
100.907
100.59
100.378
100.239
100.148
100.091
100.055
100.033
100.019
100.011
100.006
100.003
100.002
100.001
100.001
100
100
100
100
100
100
100
100
100
100
100
100
100
100
100
100
100
100
100
100
100
100
100
100
100
100
100
100
100
100
100
100
100
100
100
100
100
100
384.131
352.672
322.036
292.723
265.166
239.712
216.611
196.01
177.958
162.413
149.258
138.318
129.375
122.191
116.517
112.112
108.75
106.227
104.366
103.015
102.051
101.375
100.907
100.59
100.378
100.239
100.148
100.091
100.055
100.033
100.019
100.011
100.006
100.003
100.002
100.001
100.001
100
100
100
100
100
100
100
100
100
100
100
100
100
100
100
100
100
100
100
100
100
100
100
100
100
100
100
100
100
100
100
100
100
100
100
100
100
100
384.131
352.672
322.036
292.723
265.166
239.712
216.611
196.01
177.958
162.413
149.258
138.318
129.375
122.191
116.517
112.112
108.75
106.227
104.366
103.015
102.051
101.375
100.907
100.59
100.378
100.239
100.148
100.091
100.055
100.033
100.019
100.011
100.006
100.003
100.002
100.001
100.001
100
100
100
100
100
100
100
100
100
100
100
100
100
100
100
100
100
100
100
100
100
100
100
100
100
100
100
100
100
100
100
100
100
100
100
100
100
100
384.131
352.672
322.036
292.723
265.166
239.712
216.611
196.01
177.958
162.413
149.258
138.318
129.375
122.191
116.517
112.112
108.75
106.227
104.366
103.015
102.051
101.375
100.907
100.59
100.378
100.239
100.148
100.091
100.055
100.033
100.019
100.011
100.006
100.003
100.002
100.001
100.001
100
100
100
100
100
100
100
100
100
100
100
100
100
100
100
100
100
100
100
100
100
100
100
100
100
100
100
100
100
100
100
100
100
100
100
100
100
100
384.131
352.672
322.036
292.723
265.166
239.712
216.611
196.01
177.958
162.413
149.258
138.318
129.375
122.191
116.517
112.112
108.75
106.227
104.366
103.015
102.051
101.375
100.907
100.59
100.378
100.239
100.148
100.091
100.055
100.033
100.019
100.011
100.006
100.003
100.002
100.001
100.001
100
100
100
100
100
100
100
100
100
100
100
100
100
100
100
100
100
100
100
100
100
100
100
100
100
100
100
100
100
100
100
100
100
100
100
100
100
100
384.131
352.672
322.036
292.723
265.166
239.712
216.611
196.01
177.958
162.413
149.258
138.318
129.375
122.191
116.517
112.112
108.75
106.227
104.366
103.015
102.051
101.375
100.907
100.59
100.378
100.239
100.148
100.091
100.055
100.033
100.019
100.011
100.006
100.003
100.002
100.001
100.001
100
100
100
100
100
100
100
100
100
100
100
100
100
100
100
100
100
100
100
100
100
100
100
100
100
100
100
100
100
100
100
100
100
100
100
100
100
100
384.131
352.672
322.036
292.723
265.166
239.712
216.611
196.01
177.958
162.413
149.258
138.318
129.375
122.191
116.517
112.112
108.75
106.227
104.366
103.015
102.051
101.375
100.907
100.59
100.378
100.239
100.148
100.091
100.055
100.033
100.019
100.011
100.006
100.003
100.002
100.001
100.001
100
100
100
100
100
100
100
100
100
100
100
100
100
100
100
100
100
100
100
100
100
100
100
100
100
100
100
100
100
100
100
100
100
100
100
100
100
100
384.131
352.672
322.036
292.723
265.166
239.712
216.611
196.01
177.958
162.413
149.258
138.318
129.375
122.191
116.517
112.112
108.75
106.227
104.366
103.015
102.051
101.375
100.907
100.59
100.378
100.239
100.148
100.091
100.055
100.033
100.019
100.011
100.006
100.003
100.002
100.001
100.001
100
100
100
100
100
100
100
100
100
100
100
100
100
100
100
100
100
100
100
100
100
100
100
100
100
100
100
100
100
100
100
100
100
100
100
100
100
100
384.131
352.672
322.036
292.723
265.166
239.712
216.611
196.01
177.958
162.413
149.258
138.318
129.375
122.191
116.517
112.112
108.75
106.227
104.366
103.015
102.051
101.375
100.907
100.59
100.378
100.239
100.148
100.091
100.055
100.033
100.019
100.011
100.006
100.003
100.002
100.001
100.001
100
100
100
100
100
100
100
100
100
100
100
100
100
100
100
100
100
100
100
100
100
100
100
100
100
100
100
100
100
100
100
100
100
100
100
100
100
100
384.131
352.672
322.036
292.723
265.166
239.712
216.611
196.01
177.958
162.413
149.258
138.318
129.375
122.191
116.517
112.112
108.75
106.227
104.366
103.015
102.051
101.375
100.907
100.59
100.378
100.239
100.148
100.091
100.055
100.033
100.019
100.011
100.006
100.003
100.002
100.001
100.001
100
100
100
100
100
100
100
100
100
100
100
100
100
100
100
100
100
100
100
100
100
100
100
100
100
100
100
100
100
100
100
100
100
100
100
100
100
100
384.131
352.672
322.036
292.723
265.166
239.712
216.611
196.01
177.958
162.413
149.258
138.318
129.375
122.191
116.517
112.112
108.75
106.227
104.366
103.015
102.051
101.375
100.907
100.59
100.378
100.239
100.148
100.091
100.055
100.033
100.019
100.011
100.006
100.003
100.002
100.001
100.001
100
100
100
100
100
100
100
100
100
100
100
100
100
100
100
100
100
100
100
100
100
100
100
100
100
100
100
100
100
100
100
100
100
100
100
100
100
100
384.131
352.672
322.036
292.723
265.166
239.712
216.611
196.01
177.958
162.413
149.258
138.318
129.375
122.191
116.517
112.112
108.75
106.227
104.366
103.015
102.051
101.375
100.907
100.59
100.378
100.239
100.148
100.091
100.055
100.033
100.019
100.011
100.006
100.003
100.002
100.001
100.001
100
100
100
100
100
100
100
100
100
100
100
100
100
100
100
100
100
100
100
100
100
100
100
100
100
100
100
100
100
100
100
100
100
100
100
100
100
100
384.131
352.672
322.036
292.723
265.166
239.712
216.611
196.01
177.958
162.413
149.258
138.318
129.375
122.191
116.517
112.112
108.75
106.227
104.366
103.015
102.051
101.375
100.907
100.59
100.378
100.239
100.148
100.091
100.055
100.033
100.019
100.011
100.006
100.003
100.002
100.001
100.001
100
100
100
100
100
100
100
100
100
100
100
100
100
100
100
100
100
100
100
100
100
100
100
100
100
100
100
100
100
100
100
100
100
100
100
100
100
100
384.131
352.672
322.036
292.723
265.166
239.712
216.611
196.01
177.958
162.413
149.258
138.318
129.375
122.191
116.517
112.112
108.75
106.227
104.366
103.015
102.051
101.375
100.907
100.59
100.378
100.239
100.148
100.091
100.055
100.033
100.019
100.011
100.006
100.003
100.002
100.001
100.001
100
100
100
100
100
100
100
100
100
100
100
100
100
100
100
100
100
100
100
100
100
100
100
100
100
100
100
100
100
100
100
100
100
100
100
100
100
100
384.131
352.672
322.036
292.723
265.166
239.712
216.611
196.01
177.958
162.413
149.258
138.318
129.375
122.191
116.517
112.112
108.75
106.227
104.366
103.015
102.051
101.375
100.907
100.59
100.378
100.239
100.148
100.091
100.055
100.033
100.019
100.011
100.006
100.003
100.002
100.001
100.001
100
100
100
100
100
100
100
100
100
100
100
100
100
100
100
100
100
100
100
100
100
100
100
100
100
100
100
100
100
100
100
100
100
100
100
100
100
100
384.131
352.672
322.036
292.723
265.166
239.712
216.611
196.01
177.958
162.413
149.258
138.318
129.375
122.191
116.517
112.112
108.75
106.227
104.366
103.015
102.051
101.375
100.907
100.59
100.378
100.239
100.148
100.091
100.055
100.033
100.019
100.011
100.006
100.003
100.002
100.001
100.001
100
100
100
100
100
100
100
100
100
100
100
100
100
100
100
100
100
100
100
100
100
100
100
100
100
100
100
100
100
100
100
100
100
100
100
100
100
100
384.131
352.672
322.036
292.723
265.166
239.712
216.611
196.01
177.958
162.413
149.258
138.318
129.375
122.191
116.517
112.112
108.75
106.227
104.366
103.015
102.051
101.375
100.907
100.59
100.378
100.239
100.148
100.091
100.055
100.033
100.019
100.011
100.006
100.003
100.002
100.001
100.001
100
100
100
100
100
100
100
100
100
100
100
100
100
100
100
100
100
100
100
100
100
100
100
100
100
100
100
100
100
100
100
100
100
100
100
100
100
100
384.131
352.672
322.036
292.723
265.166
239.712
216.611
196.01
177.958
162.413
149.258
138.318
129.375
122.191
116.517
112.112
108.75
106.227
104.366
103.015
102.051
101.375
100.907
100.59
100.378
100.239
100.148
100.091
100.055
100.033
100.019
100.011
100.006
100.003
100.002
100.001
100.001
100
100
100
100
100
100
100
100
100
100
100
100
100
100
100
100
100
100
100
100
100
100
100
100
100
100
100
100
100
100
100
100
100
100
100
100
100
100
384.131
352.672
322.036
292.723
265.166
239.712
216.611
196.01
177.958
162.413
149.258
138.318
129.375
122.191
116.517
112.112
108.75
106.227
104.366
103.015
102.051
101.375
100.907
100.59
100.378
100.239
100.148
100.091
100.055
100.033
100.019
100.011
100.006
100.003
100.002
100.001
100.001
100
100
100
100
100
100
100
100
100
100
100
100
100
100
100
100
100
100
100
100
100
100
100
100
100
100
100
100
100
100
100
100
100
100
100
100
100
100
384.131
352.672
322.036
292.723
265.166
239.712
216.611
196.01
177.958
162.413
149.258
138.318
129.375
122.191
116.517
112.112
108.75
106.227
104.366
103.015
102.051
101.375
100.907
100.59
100.378
100.239
100.148
100.091
100.055
100.033
100.019
100.011
100.006
100.003
100.002
100.001
100.001
100
100
100
100
100
100
100
100
100
100
100
100
100
100
100
100
100
100
100
100
100
100
100
100
100
100
100
100
100
100
100
100
100
100
100
100
100
100
384.131
352.672
322.036
292.723
265.166
239.712
216.611
196.01
177.958
162.413
149.258
138.318
129.375
122.191
116.517
112.112
108.75
106.227
104.366
103.015
102.051
101.375
100.907
100.59
100.378
100.239
100.148
100.091
100.055
100.033
100.019
100.011
100.006
100.003
100.002
100.001
100.001
100
100
100
100
100
100
100
100
100
100
100
100
100
100
100
100
100
100
100
100
100
100
100
100
100
100
100
100
100
100
100
100
100
100
100
100
100
100
384.131
352.672
322.036
292.723
265.166
239.712
216.611
196.01
177.958
162.413
149.258
138.318
129.375
122.191
116.517
112.112
108.75
106.227
104.366
103.015
102.051
101.375
100.907
100.59
100.378
100.239
100.148
100.091
100.055
100.033
100.019
100.011
100.006
100.003
100.002
100.001
100.001
100
100
100
100
100
100
100
100
100
100
100
100
100
100
100
100
100
100
100
100
100
100
100
100
100
100
100
100
100
100
100
100
100
100
100
100
100
100
384.131
352.672
322.036
292.723
265.166
239.712
216.611
196.01
177.958
162.413
149.258
138.318
129.375
122.191
116.517
112.112
108.75
106.227
104.366
103.015
102.051
101.375
100.907
100.59
100.378
100.239
100.148
100.091
100.055
100.033
100.019
100.011
100.006
100.003
100.002
100.001
100.001
100
100
100
100
100
100
100
100
100
100
100
100
100
100
100
100
100
100
100
100
100
100
100
100
100
100
100
100
100
100
100
100
100
100
100
100
100
100
384.131
352.672
322.036
292.723
265.166
239.712
216.611
196.01
177.958
162.413
149.258
138.318
129.375
122.191
116.517
112.112
108.75
106.227
104.366
103.015
102.051
101.375
100.907
100.59
100.378
100.239
100.148
100.091
100.055
100.033
100.019
100.011
100.006
100.003
100.002
100.001
100.001
100
100
100
100
100
100
100
100
100
100
100
100
100
100
100
100
100
100
100
100
100
100
100
100
100
100
100
100
100
100
100
100
100
100
100
100
100
100
384.131
352.672
322.036
292.723
265.166
239.712
216.611
196.01
177.958
162.413
149.258
138.318
129.375
122.191
116.517
112.112
108.75
106.227
104.366
103.015
102.051
101.375
100.907
100.59
100.378
100.239
100.148
100.091
100.055
100.033
100.019
100.011
100.006
100.003
100.002
100.001
100.001
100
100
100
100
100
100
100
100
100
100
100
100
100
100
100
100
100
100
100
100
100
100
100
100
100
100
100
100
100
100
100
100
100
100
100
100
100
100
384.131
352.672
322.036
292.723
265.166
239.712
216.611
196.01
177.958
162.413
149.258
138.318
129.375
122.191
116.517
112.112
108.75
106.227
104.366
103.015
102.051
101.375
100.907
100.59
100.378
100.239
100.148
100.091
100.055
100.033
100.019
100.011
100.006
100.003
100.002
100.001
100.001
100
100
100
100
100
100
100
100
100
100
100
100
100
100
100
100
100
100
100
100
100
100
100
100
100
100
100
100
100
100
100
100
100
100
100
100
100
100
384.131
352.672
322.036
292.723
265.166
239.712
216.611
196.01
177.958
162.413
149.258
138.318
129.375
122.191
116.517
112.112
108.75
106.227
104.366
103.015
102.051
101.375
100.907
100.59
100.378
100.239
100.148
100.091
100.055
100.033
100.019
100.011
100.006
100.003
100.002
100.001
100.001
100
100
100
100
100
100
100
100
100
100
100
100
100
100
100
100
100
100
100
100
100
100
100
100
100
100
100
100
100
100
100
100
100
100
100
100
100
100
384.131
352.672
322.036
292.723
265.166
239.712
216.611
196.01
177.958
162.413
149.258
138.318
129.375
122.191
116.517
112.112
108.75
106.227
104.366
103.015
102.051
101.375
100.907
100.59
100.378
100.239
100.148
100.091
100.055
100.033
100.019
100.011
100.006
100.003
100.002
100.001
100.001
100
100
100
100
100
100
100
100
100
100
100
100
100
100
100
100
100
100
100
100
100
100
100
100
100
100
100
100
100
100
100
100
100
100
100
100
100
100
384.131
352.672
322.036
292.723
265.166
239.712
216.611
196.01
177.958
162.413
149.258
138.318
129.375
122.191
116.517
112.112
108.75
106.227
104.366
103.015
102.051
101.375
100.907
100.59
100.378
100.239
100.148
100.091
100.055
100.033
100.019
100.011
100.006
100.003
100.002
100.001
100.001
100
100
100
100
100
100
100
100
100
100
100
100
100
100
100
100
100
100
100
100
100
100
100
100
100
100
100
100
100
100
100
100
100
100
100
100
100
100
384.131
352.672
322.036
292.723
265.166
239.712
216.611
196.01
177.958
162.413
149.258
138.318
129.375
122.191
116.517
112.112
108.75
106.227
104.366
103.015
102.051
101.375
100.907
100.59
100.378
100.239
100.148
100.091
100.055
100.033
100.019
100.011
100.006
100.003
100.002
100.001
100.001
100
100
100
100
100
100
100
100
100
100
100
100
100
100
100
100
100
100
100
100
100
100
100
100
100
100
100
100
100
100
100
100
100
100
100
100
100
100
384.131
352.672
322.036
292.723
265.166
239.712
216.611
196.01
177.958
162.413
149.258
138.318
129.375
122.191
116.517
112.112
108.75
106.227
104.366
103.015
102.051
101.375
100.907
100.59
100.378
100.239
100.148
100.091
100.055
100.033
100.019
100.011
100.006
100.003
100.002
100.001
100.001
100
100
100
100
100
100
100
100
100
100
100
100
100
100
100
100
100
100
100
100
100
100
100
100
100
100
100
100
100
100
100
100
100
100
100
100
100
100
384.131
352.672
322.036
292.723
265.166
239.712
216.611
196.01
177.958
162.413
149.258
138.318
129.375
122.191
116.517
112.112
108.75
106.227
104.366
103.015
102.051
101.375
100.907
100.59
100.378
100.239
100.148
100.091
100.055
100.033
100.019
100.011
100.006
100.003
100.002
100.001
100.001
100
100
100
100
100
100
100
100
100
100
100
100
100
100
100
100
100
100
100
100
100
100
100
100
100
100
100
100
100
100
100
100
100
100
100
100
100
100
384.131
352.672
322.036
292.723
265.166
239.712
216.611
196.01
177.958
162.413
149.258
138.318
129.375
122.191
116.517
112.112
108.75
106.227
104.366
103.015
102.051
101.375
100.907
100.59
100.378
100.239
100.148
100.091
100.055
100.033
100.019
100.011
100.006
100.003
100.002
100.001
100.001
100
100
100
100
100
100
100
100
100
100
100
100
100
100
100
100
100
100
100
100
100
100
100
100
100
100
100
100
100
100
100
100
100
100
100
100
100
100
384.131
352.672
322.036
292.723
265.166
239.712
216.611
196.01
177.958
162.413
149.258
138.318
129.375
122.191
116.517
112.112
108.75
106.227
104.366
103.015
102.051
101.375
100.907
100.59
100.378
100.239
100.148
100.091
100.055
100.033
100.019
100.011
100.006
100.003
100.002
100.001
100.001
100
100
100
100
100
100
100
100
100
100
100
100
100
100
100
100
100
100
100
100
100
100
100
100
100
100
100
100
100
100
100
100
100
100
100
100
100
100
384.131
352.672
322.036
292.723
265.166
239.712
216.611
196.01
177.958
162.413
149.258
138.318
129.375
122.191
116.517
112.112
108.75
106.227
104.366
103.015
102.051
101.375
100.907
100.59
100.378
100.239
100.148
100.091
100.055
100.033
100.019
100.011
100.006
100.003
100.002
100.001
100.001
100
100
100
100
100
100
100
100
100
100
100
100
100
100
100
100
100
100
100
100
100
100
100
100
100
100
100
100
100
100
100
100
100
100
100
100
100
100
384.131
352.672
322.036
292.723
265.166
239.712
216.611
196.01
177.958
162.413
149.258
138.318
129.375
122.191
116.517
112.112
108.75
106.227
104.366
103.015
102.051
101.375
100.907
100.59
100.378
100.239
100.148
100.091
100.055
100.033
100.019
100.011
100.006
100.003
100.002
100.001
100.001
100
100
100
100
100
100
100
100
100
100
100
100
100
100
100
100
100
100
100
100
100
100
100
100
100
100
100
100
100
100
100
100
100
100
100
100
100
100
384.131
352.672
322.036
292.723
265.166
239.712
216.611
196.01
177.958
162.413
149.258
138.318
129.375
122.191
116.517
112.112
108.75
106.227
104.366
103.015
102.051
101.375
100.907
100.59
100.378
100.239
100.148
100.091
100.055
100.033
100.019
100.011
100.006
100.003
100.002
100.001
100.001
100
100
100
100
100
100
100
100
100
100
100
100
100
100
100
100
100
100
100
100
100
100
100
100
100
100
100
100
100
100
100
100
100
100
100
100
100
100
384.131
352.672
322.036
292.723
265.166
239.712
216.611
196.01
177.958
162.413
149.258
138.318
129.375
122.191
116.517
112.112
108.75
106.227
104.366
103.015
102.051
101.375
100.907
100.59
100.378
100.239
100.148
100.091
100.055
100.033
100.019
100.011
100.006
100.003
100.002
100.001
100.001
100
100
100
100
100
100
100
100
100
100
100
100
100
100
100
100
100
100
100
100
100
100
100
100
100
100
100
100
100
100
100
100
100
100
100
100
100
100
384.131
352.672
322.036
292.723
265.166
239.712
216.611
196.01
177.958
162.413
149.258
138.318
129.375
122.191
116.517
112.112
108.75
106.227
104.366
103.015
102.051
101.375
100.907
100.59
100.378
100.239
100.148
100.091
100.055
100.033
100.019
100.011
100.006
100.003
100.002
100.001
100.001
100
100
100
100
100
100
100
100
100
100
100
100
100
100
100
100
100
100
100
100
100
100
100
100
100
100
100
100
100
100
100
100
100
100
100
100
100
100
384.131
352.672
322.036
292.723
265.166
239.712
216.611
196.01
177.958
162.413
149.258
138.318
129.375
122.191
116.517
112.112
108.75
106.227
104.366
103.015
102.051
101.375
100.907
100.59
100.378
100.239
100.148
100.091
100.055
100.033
100.019
100.011
100.006
100.003
100.002
100.001
100.001
100
100
100
100
100
100
100
100
100
100
100
100
100
100
100
100
100
100
100
100
100
100
100
100
100
100
100
100
100
100
100
100
100
100
100
100
100
100
384.131
352.672
322.036
292.723
265.166
239.712
216.611
196.01
177.958
162.413
149.258
138.318
129.375
122.191
116.517
112.112
108.75
106.227
104.366
103.015
102.051
101.375
100.907
100.59
100.378
100.239
100.148
100.091
100.055
100.033
100.019
100.011
100.006
100.003
100.002
100.001
100.001
100
100
100
100
100
100
100
100
100
100
100
100
100
100
100
100
100
100
100
100
100
100
100
100
100
100
100
100
100
100
100
100
100
100
100
100
100
100
384.131
352.672
322.036
292.723
265.166
239.712
216.611
196.01
177.958
162.413
149.258
138.318
129.375
122.191
116.517
112.112
108.75
106.227
104.366
103.015
102.051
101.375
100.907
100.59
100.378
100.239
100.148
100.091
100.055
100.033
100.019
100.011
100.006
100.003
100.002
100.001
100.001
100
100
100
100
100
100
100
100
100
100
100
100
100
100
100
100
100
100
100
100
100
100
100
100
100
100
100
100
100
100
100
100
100
100
100
100
100
100
384.131
352.672
322.036
292.723
265.166
239.712
216.611
196.01
177.958
162.413
149.258
138.318
129.375
122.191
116.517
112.112
108.75
106.227
104.366
103.015
102.051
101.375
100.907
100.59
100.378
100.239
100.148
100.091
100.055
100.033
100.019
100.011
100.006
100.003
100.002
100.001
100.001
100
100
100
100
100
100
100
100
100
100
100
100
100
100
100
100
100
100
100
100
100
100
100
100
100
100
100
100
100
100
100
100
100
100
100
100
100
100
384.131
352.672
322.036
292.723
265.166
239.712
216.611
196.01
177.958
162.413
149.258
138.318
129.375
122.191
116.517
112.112
108.75
106.227
104.366
103.015
102.051
101.375
100.907
100.59
100.378
100.239
100.148
100.091
100.055
100.033
100.019
100.011
100.006
100.003
100.002
100.001
100.001
100
100
100
100
100
100
100
100
100
100
100
100
100
100
100
100
100
100
100
100
100
100
100
100
100
100
100
100
100
100
100
100
100
100
100
100
100
100
384.131
352.672
322.036
292.723
265.166
239.712
216.611
196.01
177.958
162.413
149.258
138.318
129.375
122.191
116.517
112.112
108.75
106.227
104.366
103.015
102.051
101.375
100.907
100.59
100.378
100.239
100.148
100.091
100.055
100.033
100.019
100.011
100.006
100.003
100.002
100.001
100.001
100
100
100
100
100
100
100
100
100
100
100
100
100
100
100
100
100
100
100
100
100
100
100
100
100
100
100
100
100
100
100
100
100
100
100
100
100
100
384.131
352.672
322.036
292.723
265.166
239.712
216.611
196.01
177.958
162.413
149.258
138.318
129.375
122.191
116.517
112.112
108.75
106.227
104.366
103.015
102.051
101.375
100.907
100.59
100.378
100.239
100.148
100.091
100.055
100.033
100.019
100.011
100.006
100.003
100.002
100.001
100.001
100
100
100
100
100
100
100
100
100
100
100
100
100
100
100
100
100
100
100
100
100
100
100
100
100
100
100
100
100
100
100
100
100
100
100
100
100
100
384.131
352.672
322.036
292.723
265.165
239.712
216.611
196.01
177.958
162.413
149.258
138.318
129.375
122.191
116.517
112.112
108.75
106.227
104.366
103.015
102.051
101.375
100.907
100.59
100.378
100.239
100.148
100.091
100.055
100.033
100.019
100.011
100.006
100.003
100.002
100.001
100.001
100
100
100
100
100
100
100
100
100
100
100
100
100
100
100
100
100
100
100
100
100
100
100
100
100
100
100
100
100
100
100
100
100
100
100
100
100
100
384.131
352.672
322.036
292.722
265.165
239.711
216.61
196.01
177.957
162.412
149.258
138.318
129.375
122.191
116.517
112.112
108.75
106.227
104.366
103.015
102.051
101.375
100.907
100.59
100.378
100.239
100.148
100.091
100.055
100.033
100.019
100.011
100.006
100.003
100.002
100.001
100.001
100
100
100
100
100
100
100
100
100
100
100
100
100
100
100
100
100
100
100
100
100
100
100
100
100
100
100
100
100
100
100
100
100
100
100
100
100
100
384.131
352.672
322.035
292.722
265.165
239.711
216.61
196.009
177.957
162.412
149.257
138.317
129.375
122.191
116.517
112.112
108.75
106.227
104.366
103.015
102.051
101.375
100.907
100.59
100.378
100.239
100.148
100.091
100.055
100.033
100.019
100.011
100.006
100.003
100.002
100.001
100.001
100
100
100
100
100
100
100
100
100
100
100
100
100
100
100
100
100
100
100
100
100
100
100
100
100
100
100
100
100
100
100
100
100
100
100
100
100
100
384.131
352.672
322.035
292.722
265.164
239.71
216.609
196.008
177.956
162.411
149.257
138.317
129.375
122.19
116.516
112.112
108.75
106.227
104.366
103.015
102.051
101.374
100.907
100.59
100.378
100.239
100.148
100.091
100.055
100.033
100.019
100.011
100.006
100.003
100.002
100.001
100.001
100
100
100
100
100
100
100
100
100
100
100
100
100
100
100
100
100
100
100
100
100
100
100
100
100
100
100
100
100
100
100
100
100
100
100
100
100
100
384.131
352.671
322.034
292.721
265.163
239.709
216.608
196.007
177.955
162.41
149.256
138.316
129.374
122.19
116.516
112.111
108.75
106.227
104.365
103.015
102.051
101.374
100.907
100.59
100.378
100.239
100.148
100.091
100.055
100.033
100.019
100.011
100.006
100.003
100.002
100.001
100.001
100
100
100
100
100
100
100
100
100
100
100
100
100
100
100
100
100
100
100
100
100
100
100
100
100
100
100
100
100
100
100
100
100
100
100
100
100
100
384.13
352.671
322.033
292.719
265.161
239.707
216.606
196.005
177.953
162.408
149.254
138.314
129.372
122.188
116.515
112.111
108.749
106.227
104.365
103.015
102.051
101.374
100.907
100.59
100.378
100.239
100.148
100.091
100.055
100.033
100.019
100.011
100.006
100.003
100.002
100.001
100.001
100
100
100
100
100
100
100
100
100
100
100
100
100
100
100
100
100
100
100
100
100
100
100
100
100
100
100
100
100
100
100
100
100
100
100
100
100
100
384.13
352.669
322.031
292.716
265.158
239.704
216.602
196.002
177.95
162.405
149.251
138.312
129.37
122.187
116.514
112.11
108.748
106.226
104.365
103.014
102.051
101.374
100.907
100.59
100.378
100.238
100.148
100.091
100.055
100.033
100.019
100.011
100.006
100.003
100.002
100.001
100.001
100
100
100
100
100
100
100
100
100
100
100
100
100
100
100
100
100
100
100
100
100
100
100
100
100
100
100
100
100
100
100
100
100
100
100
100
100
100
384.129
352.667
322.028
292.712
265.153
239.698
216.596
195.996
177.944
162.4
149.247
138.308
129.367
122.184
116.511
112.108
108.747
106.225
104.364
103.014
102.05
101.374
100.907
100.59
100.378
100.238
100.148
100.091
100.055
100.033
100.019
100.011
100.006
100.003
100.002
100.001
100.001
100
100
100
100
100
100
100
100
100
100
100
100
100
100
100
100
100
100
100
100
100
100
100
100
100
100
100
100
100
100
100
100
100
100
100
100
100
100
384.128
352.664
322.022
292.705
265.144
239.689
216.587
195.986
177.935
162.391
149.239
138.301
129.361
122.179
116.507
112.105
108.744
106.223
104.363
103.013
102.049
101.373
100.907
100.59
100.378
100.238
100.148
100.091
100.055
100.033
100.019
100.011
100.006
100.003
100.002
100.001
100.001
100
100
100
100
100
100
100
100
100
100
100
100
100
100
100
100
100
100
100
100
100
100
100
100
100
100
100
100
100
100
100
100
100
100
100
100
100
100
384.126
352.658
322.013
292.693
265.131
239.674
216.571
195.97
177.92
162.378
149.226
138.29
129.352
122.171
116.501
112.1
108.741
106.22
104.36
103.011
102.048
101.373
100.906
100.589
100.377
100.238
100.148
100.091
100.055
100.032
100.019
100.011
100.006
100.003
100.002
100.001
100.001
100
100
100
100
100
100
100
100
100
100
100
100
100
100
100
100
100
100
100
100
100
100
100
100
100
100
100
100
100
100
100
100
100
100
100
100
100
100
384.123
352.649
321.999
292.674
265.109
239.65
216.546
195.946
177.896
162.356
149.207
138.273
129.338
122.16
116.492
112.092
108.735
106.216
104.357
103.009
102.047
101.371
100.905
100.589
100.377
100.238
100.148
100.091
100.055
100.032
100.019
100.011
100.006
100.003
100.002
100.001
100.001
100
100
100
100
100
100
100
100
100
100
100
100
100
100
100
100
100
100
100
100
100
100
100
100
100
100
100
100
100
100
100
100
100
100
100
100
100
100
384.118
352.635
321.977
292.645
265.074
239.612
216.507
195.907
177.859
162.322
149.177
138.247
129.316
122.141
116.477
112.081
108.726
106.209
104.352
103.005
102.044
101.37
100.904
100.588
100.377
100.238
100.148
100.09
100.055
100.032
100.019
100.011
100.006
100.003
100.002
100.001
100.001
100
100
100
100
100
100
100
100
100
100
100
100
100
100
100
100
100
100
100
100
100
100
100
100
100
100
100
100
100
100
100
100
100
100
100
100
100
100
384.111
352.613
321.941
292.599
265.02
239.553
216.446
195.847
177.802
162.27
149.13
138.207
129.282
122.114
116.455
112.063
108.713
106.199
104.345
103
102.04
101.367
100.902
100.587
100.376
100.237
100.147
100.09
100.054
100.032
100.019
100.011
100.006
100.003
100.002
100.001
100.001
100
100
100
100
100
100
100
100
100
100
100
100
100
100
100
100
100
100
100
100
100
100
100
100
100
100
100
100
100
100
100
100
100
100
100
100
100
100
384.099
352.579
321.887
292.528
264.937
239.462
216.353
195.755
177.716
162.19
149.06
138.146
129.231
122.072
116.422
112.038
108.693
106.184
104.334
102.992
102.035
101.363
100.9
100.585
100.375
100.236
100.147
100.09
100.054
100.032
100.019
100.011
100.006
100.003
100.002
100.001
100.001
100
100
100
100
100
100
100
100
100
100
100
100
100
100
100
100
100
100
100
100
100
100
100
100
100
100
100
100
100
100
100
100
100
100
100
100
100
100
384.081
352.526
321.804
292.419
264.81
239.325
216.212
195.617
177.585
162.072
148.955
138.057
129.156
122.011
116.373
112
108.664
106.163
104.318
102.981
102.027
101.358
100.896
100.582
100.373
100.235
100.146
100.09
100.054
100.032
100.019
100.011
100.006
100.003
100.002
100.001
100.001
100
100
100
100
100
100
100
100
100
100
100
100
100
100
100
100
100
100
100
100
100
100
100
100
100
100
100
100
100
100
100
100
100
100
100
100
100
100
384.054
352.447
321.677
292.255
264.619
239.118
216.001
195.411
177.392
161.897
148.801
137.925
129.046
121.922
116.303
111.945
108.622
106.132
104.296
102.965
102.016
101.35
100.891
100.579
100.371
100.234
100.145
100.089
100.054
100.032
100.019
100.011
100.006
100.003
100.002
100.001
100.001
100
100
100
100
100
100
100
100
100
100
100
100
100
100
100
100
100
100
100
100
100
100
100
100
100
100
100
100
100
100
100
100
100
100
100
100
100
100
384.013
352.327
321.489
292.011
264.336
238.813
215.69
195.109
177.11
161.642
148.579
137.736
128.889
121.795
116.202
111.867
108.564
106.088
104.264
102.942
102
101.339
100.883
100.574
100.367
100.232
100.144
100.088
100.053
100.032
100.018
100.011
100.006
100.003
100.002
100.001
100.001
100
100
100
100
100
100
100
100
100
100
100
100
100
100
100
100
100
100
100
100
100
100
100
100
100
100
100
100
100
100
100
100
100
100
100
100
100
100
383.952
352.15
321.209
291.649
263.918
238.365
215.236
194.671
176.703
161.276
148.26
137.466
128.667
121.616
116.062
111.759
108.482
106.028
104.22
102.911
101.978
101.324
100.873
100.567
100.363
100.229
100.142
100.087
100.053
100.031
100.018
100.011
100.006
100.003
100.002
100.001
100.001
100
100
100
100
100
100
100
100
100
100
100
100
100
100
100
100
100
100
100
100
100
100
100
100
100
100
100
100
100
100
100
100
100
100
100
100
100
100
383.863
351.888
320.797
291.12
263.309
237.716
214.583
194.043
176.123
160.759
147.813
137.09
128.359
121.369
115.868
111.611
108.371
105.946
104.161
102.869
101.949
101.304
100.86
100.558
100.357
100.225
100.14
100.086
100.052
100.031
100.018
100.01
100.006
100.003
100.002
100.001
100.001
100
100
100
100
100
100
100
100
100
100
100
100
100
100
100
100
100
100
100
100
100
100
100
100
100
100
100
100
100
100
100
100
100
100
100
100
100
100
383.731
351.506
320.197
290.352
262.43
236.785
213.652
193.155
175.309
160.038
147.193
136.571
127.936
121.032
115.606
111.411
108.221
105.836
104.082
102.813
101.91
101.278
100.842
100.547
100.35
100.22
100.137
100.084
100.051
100.03
100.018
100.01
100.006
100.003
100.002
100.001
100
100
100
100
100
100
100
100
100
100
100
100
100
100
100
100
100
100
100
100
100
100
100
100
100
100
100
100
100
100
100
100
100
100
100
100
100
100
100
383.539
350.948
319.326
289.244
261.172
235.463
212.342
191.916
174.182
159.047
146.347
135.869
127.367
120.582
115.257
111.146
108.024
105.692
103.979
102.74
101.86
101.243
100.819
100.532
100.34
100.214
100.133
100.081
100.049
100.029
100.017
100.01
100.006
100.003
100.002
100.001
100
100
100
100
100
100
100
100
100
100
100
100
100
100
100
100
100
100
100
100
100
100
100
100
100
100
100
100
100
100
100
100
100
100
100
100
100
100
100
383.259
350.139
318.07
287.658
259.388
233.606
210.519
190.208
172.642
157.705
145.212
134.933
126.614
119.989
114.8
110.801
107.769
105.506
103.846
102.647
101.795
101.2
100.79
100.512
100.328
100.206
100.128
100.078
100.047
100.028
100.016
100.009
100.005
100.003
100.002
100.001
100
100
100
100
100
100
100
100
100
100
100
100
100
100
100
100
100
100
100
100
100
100
100
100
100
100
100
100
100
100
100
100
100
100
100
100
100
100
100
382.853
348.966
316.262
285.398
256.873
231.019
208.01
187.884
170.571
155.918
143.713
133.708
125.635
119.225
114.215
110.361
107.444
105.272
103.679
102.53
101.715
101.145
100.754
100.489
100.312
100.197
100.122
100.075
100.045
100.027
100.016
100.009
100.005
100.003
100.002
100.001
100
100
100
100
100
100
100
100
100
100
100
100
100
100
100
100
100
100
100
100
100
100
100
100
100
100
100
100
100
100
100
100
100
100
100
100
100
100
100
382.258
347.263
313.662
282.189
253.353
227.452
204.598
184.766
167.826
153.575
141.768
132.132
124.386
118.256
113.477
109.81
107.04
104.98
103.472
102.386
101.616
101.079
100.709
100.46
100.294
100.185
100.115
100.07
100.042
100.025
100.015
100.008
100.005
100.003
100.001
100.001
100
100
100
100
100
100
100
100
100
100
100
100
100
100
100
100
100
100
100
100
100
100
100
100
100
100
100
100
100
100
100
100
100
100
100
100
100
100
100
381.382
344.773
309.915
277.643
248.457
222.578
200.016
180.643
164.246
150.558
139.29
130.144
122.825
117.052
112.567
109.135
106.547
104.626
103.222
102.213
101.497
100.999
100.656
100.425
100.271
100.171
100.106
100.065
100.039
100.023
100.014
100.008
100.004
100.002
100.001
100.001
100
100
100
100
100
100
100
100
100
100
100
100
100
100
100
100
100
100
100
100
100
100
100
100
100
100
100
100
100
100
100
100
100
100
100
100
100
100
100
380.07
341.09
304.483
271.204
241.685
215.986
193.944
175.279
159.661
146.747
136.198
127.687
120.911
115.589
111.468
108.323
105.957
104.204
102.926
102.007
101.357
100.905
100.594
100.385
100.245
100.154
100.096
100.058
100.035
100.021
100.012
100.007
100.004
100.002
100.001
100.001
100
100
100
100
100
100
100
100
100
100
100
100
100
100
100
100
100
100
100
100
100
100
100
100
100
100
100
100
100
100
100
100
100
100
100
100
100
100
100
378.048
335.536
296.533
262.078
232.378
207.177
186.024
168.426
153.906
142.034
132.419
124.717
118.618
113.849
110.169
107.368
105.267
103.713
102.581
101.769
101.196
100.796
100.523
100.338
100.216
100.136
100.084
100.051
100.031
100.018
100.011
100.006
100.003
100.002
100.001
100.001
100
100
100
100
100
100
100
100
100
100
100
100
100
100
100
100
100
100
100
100
100
100
100
100
100
100
100
100
100
100
100
100
100
100
100
100
100
100
100
374.784
326.914
284.742
249.136
219.697
195.575
175.886
159.854
146.845
136.339
127.912
121.211
115.935
111.827
108.669
106.272
104.477
103.153
102.19
101.5
101.013
100.674
100.442
100.286
100.182
100.115
100.071
100.043
100.026
100.015
100.009
100.005
100.003
100.002
100.001
100
100
100
100
100
100
100
100
100
100
100
100
100
100
100
100
100
100
100
100
100
100
100
100
100
100
100
100
100
100
100
100
100
100
100
100
100
100
100
100
369.085
312.962
266.979
230.818
202.644
180.6
163.213
149.408
138.406
129.639
122.675
117.177
112.872
109.535
106.977
105.041
103.595
102.529
101.755
101.201
100.811
100.539
100.354
100.229
100.146
100.092
100.057
100.035
100.021
100.012
100.007
100.004
100.002
100.001
100.001
100
100
100
100
100
100
100
100
100
100
100
100
100
100
100
100
100
100
100
100
100
100
100
100
100
100
100
100
100
100
100
100
100
100
100
100
100
100
100
100
357.779
289.166
239.868
205.139
180.214
161.808
147.854
137.068
128.63
121.991
116.764
112.665
109.471
107.004
105.118
103.694
102.632
101.85
101.283
100.878
100.592
100.394
100.258
100.167
100.106
100.067
100.041
100.025
100.015
100.009
100.005
100.003
100.002
100.001
100.001
100
100
100
100
100
100
100
100
100
100
100
100
100
100
100
100
100
100
100
100
100
100
100
100
100
100
100
100
100
100
100
100
100
100
100
100
100
100
100
100
330.716
246.266
198.534
170.112
151.813
139.175
129.977
123.044
117.706
113.55
110.302
107.768
105.8
104.283
103.127
102.255
101.605
101.128
100.782
100.535
100.361
100.24
100.157
100.102
100.065
100.041
100.025
100.015
100.009
100.005
100.003
100.002
100.001
100.001
100
100
100
100
100
100
100
100
100
100
100
100
100
100
100
100
100
100
100
100
100
100
100
100
100
100
100
100
100
100
100
100
100
100
100
100
100
100
100
100
100
249.58
166.78
138.097
125.24
118.083
113.472
110.229
107.827
105.996
104.579
103.477
102.618
101.953
101.442
101.052
100.758
100.54
100.379
100.263
100.18
100.121
100.08
100.053
100.034
100.022
100.014
100.008
100.005
100.003
100.002
100.001
100.001
100
100
100
100
100
100
100
100
100
100
100
100
100
100
100
100
100
100
100
100
100
100
100
100
100
100
100
100
100
100
100
100
100
100
100
100
100
100
100
100
100
100
100
)
;

boundaryField
{
    upperwall
    {
        type            fixedValue;
        value           uniform 400;
    }
    rightwall
    {
        type            fixedValue;
        value           uniform 100;
    }
    leftwall
    {
        type            fixedValue;
        value           uniform 100;
    }
    bottomwall
    {
        type            fixedValue;
        value           uniform 100;
    }
    frontandback
    {
        type            empty;
    }
}


// ************************************************************************* //
