/*--------------------------------*- C++ -*----------------------------------*\
  =========                 |
  \\      /  F ield         | OpenFOAM: The Open Source CFD Toolbox
   \\    /   O peration     | Website:  https://openfoam.org
    \\  /    A nd           | Version:  10
     \\/     M anipulation  |
\*---------------------------------------------------------------------------*/
FoamFile
{
    format      ascii;
    class       volScalarField;
    location    "135";
    object      T;
}
// * * * * * * * * * * * * * * * * * * * * * * * * * * * * * * * * * * * * * //

dimensions      [0 0 0 1 0 0 0];

internalField   nonuniform List<scalar> 
11250
(
249.605
166.854
138.215
125.397
118.272
113.685
110.455
108.058
106.225
104.798
103.681
102.804
102.117
101.584
101.172
100.858
100.62
100.443
100.313
100.218
100.15
100.102
100.068
100.045
100.029
100.019
100.012
100.007
100.005
100.003
100.002
100.001
100.001
100
100
100
100
100
100
100
100
100
100
100
100
100
100
100
100
100
100
100
100
100
100
100
100
100
100
100
100
100
100
100
100
100
100
100
100
100
100
100
100
100
100
330.791
246.486
198.888
170.583
152.378
139.808
130.652
123.735
118.389
114.204
110.911
108.32
106.289
104.707
103.485
102.552
101.846
101.319
100.931
100.649
100.446
100.303
100.203
100.134
100.087
100.056
100.036
100.022
100.014
100.008
100.005
100.003
100.002
100.001
100.001
100
100
100
100
100
100
100
100
100
100
100
100
100
100
100
100
100
100
100
100
100
100
100
100
100
100
100
100
100
100
100
100
100
100
100
100
100
100
100
100
357.902
289.528
240.452
205.914
181.145
162.852
148.967
138.207
129.755
123.068
117.768
113.576
110.277
107.701
105.708
104.183
103.028
102.165
101.529
101.066
100.733
100.498
100.333
100.22
100.144
100.092
100.059
100.037
100.023
100.014
100.008
100.005
100.003
100.002
100.001
100.001
100
100
100
100
100
100
100
100
100
100
100
100
100
100
100
100
100
100
100
100
100
100
100
100
100
100
100
100
100
100
100
100
100
100
100
100
100
100
100
369.254
313.461
267.782
231.885
203.925
182.037
164.745
150.975
139.955
131.122
124.057
118.431
113.982
110.496
107.79
105.714
104.141
102.963
102.094
101.46
101.005
100.683
100.457
100.302
100.197
100.127
100.081
100.05
100.031
100.019
100.011
100.007
100.004
100.002
100.001
100.001
100
100
100
100
100
100
100
100
100
100
100
100
100
100
100
100
100
100
100
100
100
100
100
100
100
100
100
100
100
100
100
100
100
100
100
100
100
100
100
374.997
327.541
285.752
250.479
221.309
197.383
177.812
161.826
148.792
138.204
129.65
122.787
117.331
113.035
109.691
107.118
105.164
103.699
102.616
101.826
101.257
100.854
100.573
100.379
100.247
100.159
100.101
100.063
100.039
100.024
100.014
100.008
100.005
100.003
100.002
100.001
100
100
100
100
100
100
100
100
100
100
100
100
100
100
100
100
100
100
100
100
100
100
100
100
100
100
100
100
100
100
100
100
100
100
100
100
100
100
100
378.301
336.283
297.735
263.676
234.295
209.327
188.316
170.771
156.223
144.253
134.486
126.593
120.279
115.286
111.385
108.376
106.084
104.363
103.088
102.157
101.486
101.011
100.678
100.449
100.293
100.188
100.12
100.075
100.046
100.028
100.017
100.01
100.006
100.003
100.002
100.001
100.001
100
100
100
100
100
100
100
100
100
100
100
100
100
100
100
100
100
100
100
100
100
100
100
100
100
100
100
100
100
100
100
100
100
100
100
100
100
100
380.36
341.944
305.859
273.033
243.88
218.448
196.569
177.965
162.315
149.289
138.565
129.835
122.813
117.235
112.861
109.476
106.893
104.949
103.506
102.451
101.69
101.15
100.772
100.511
100.334
100.215
100.137
100.086
100.053
100.032
100.019
100.011
100.007
100.004
100.002
100.001
100.001
100
100
100
100
100
100
100
100
100
100
100
100
100
100
100
100
100
100
100
100
100
100
100
100
100
100
100
100
100
100
100
100
100
100
100
100
100
100
381.705
345.724
311.447
279.679
250.901
225.319
202.938
183.634
167.2
153.388
141.926
132.535
124.943
118.885
114.118
110.419
107.589
105.455
103.869
102.707
101.868
101.272
100.854
100.566
100.37
100.238
100.151
100.095
100.059
100.036
100.021
100.013
100.007
100.004
100.002
100.001
100.001
100
100
100
100
100
100
100
100
100
100
100
100
100
100
100
100
100
100
100
100
100
100
100
100
100
100
100
100
100
100
100
100
100
100
100
100
100
100
382.61
348.299
315.331
284.408
256.017
230.439
207.783
188.024
171.045
156.658
144.639
134.738
126.694
120.252
115.167
111.21
108.176
105.883
104.177
102.925
102.02
101.376
100.925
100.613
100.401
100.258
100.164
100.103
100.064
100.039
100.023
100.014
100.008
100.005
100.003
100.001
100.001
100
100
100
100
100
100
100
100
100
100
100
100
100
100
100
100
100
100
100
100
100
100
100
100
100
100
100
100
100
100
100
100
100
100
100
100
100
100
383.229
350.076
318.05
287.774
259.726
234.219
211.421
191.374
174.019
159.221
146.789
136.499
128.107
121.363
116.025
111.86
108.661
106.239
104.433
103.107
102.148
101.464
100.985
100.653
100.427
100.275
100.175
100.11
100.068
100.041
100.025
100.015
100.009
100.005
100.003
100.002
100.001
100
100
100
100
100
100
100
100
100
100
100
100
100
100
100
100
100
100
100
100
100
100
100
100
100
100
100
100
100
100
100
100
100
100
100
100
100
100
383.657
351.312
319.958
290.169
262.401
236.986
214.122
193.895
176.285
161.195
148.462
137.882
129.225
122.249
116.713
112.385
109.054
106.528
104.643
103.257
102.253
101.537
101.034
100.686
100.449
100.289
100.184
100.116
100.071
100.044
100.026
100.016
100.009
100.005
100.003
100.002
100.001
100
100
100
100
100
100
100
100
100
100
100
100
100
100
100
100
100
100
100
100
100
100
100
100
100
100
100
100
100
100
100
100
100
100
100
100
100
100
383.955
352.173
321.299
291.867
264.321
238.994
216.107
195.768
177.987
162.692
149.742
138.95
130.095
122.943
117.255
112.801
109.367
106.76
104.811
103.377
102.338
101.596
101.074
100.713
100.466
100.301
100.192
100.12
100.074
100.045
100.027
100.016
100.009
100.005
100.003
100.002
100.001
100.001
100
100
100
100
100
100
100
100
100
100
100
100
100
100
100
100
100
100
100
100
100
100
100
100
100
100
100
100
100
100
100
100
100
100
100
100
100
384.161
352.774
322.239
293.067
265.689
240.44
217.549
197.143
179.248
163.812
150.708
139.761
130.76
123.477
117.674
113.124
109.611
106.942
104.944
103.472
102.405
101.642
101.106
100.734
100.481
100.31
100.198
100.124
100.077
100.047
100.028
100.017
100.01
100.006
100.003
100.002
100.001
100.001
100
100
100
100
100
100
100
100
100
100
100
100
100
100
100
100
100
100
100
100
100
100
100
100
100
100
100
100
100
100
100
100
100
100
100
100
100
384.305
353.192
322.896
293.91
266.658
241.472
218.587
198.14
180.171
164.637
151.424
140.367
131.261
123.88
117.993
113.371
109.799
107.082
105.047
103.546
102.457
101.679
101.131
100.751
100.492
100.318
100.202
100.127
100.079
100.048
100.029
100.017
100.01
100.006
100.003
100.002
100.001
100.001
100
100
100
100
100
100
100
100
100
100
100
100
100
100
100
100
100
100
100
100
100
100
100
100
100
100
100
100
100
100
100
100
100
100
100
100
100
384.404
353.481
323.352
294.499
267.338
242.201
219.326
198.855
180.837
165.236
151.949
140.813
131.631
124.181
118.232
113.557
109.941
107.188
105.125
103.603
102.497
101.707
101.15
100.764
100.501
100.323
100.206
100.129
100.08
100.049
100.029
100.017
100.01
100.006
100.003
100.002
100.001
100.001
100
100
100
100
100
100
100
100
100
100
100
100
100
100
100
100
100
100
100
100
100
100
100
100
100
100
100
100
100
100
100
100
100
100
100
100
100
384.472
353.68
323.667
294.907
267.811
242.711
219.846
199.361
181.311
165.667
152.327
141.137
131.902
124.402
118.408
113.695
110.046
107.267
105.183
103.645
102.528
101.728
101.165
100.774
100.507
100.328
100.209
100.131
100.081
100.05
100.03
100.018
100.01
100.006
100.003
100.002
100.001
100.001
100
100
100
100
100
100
100
100
100
100
100
100
100
100
100
100
100
100
100
100
100
100
100
100
100
100
100
100
100
100
100
100
100
100
100
100
100
384.518
353.816
323.882
295.187
268.138
243.065
220.208
199.716
181.645
165.971
152.596
141.369
132.096
124.561
118.536
113.795
110.123
107.325
105.226
103.677
102.55
101.744
101.176
100.781
100.512
100.331
100.211
100.132
100.082
100.05
100.03
100.018
100.01
100.006
100.003
100.002
100.001
100.001
100
100
100
100
100
100
100
100
100
100
100
100
100
100
100
100
100
100
100
100
100
100
100
100
100
100
100
100
100
100
100
100
100
100
100
100
100
384.55
353.908
324.029
295.378
268.361
243.307
220.458
199.961
181.878
166.184
152.785
141.532
132.234
124.674
118.627
113.867
110.179
107.367
105.258
103.699
102.566
101.755
101.184
100.787
100.516
100.333
100.212
100.133
100.083
100.05
100.03
100.018
100.011
100.006
100.003
100.002
100.001
100.001
100
100
100
100
100
100
100
100
100
100
100
100
100
100
100
100
100
100
100
100
100
100
100
100
100
100
100
100
100
100
100
100
100
100
100
100
100
384.571
353.97
324.127
295.507
268.512
243.472
220.628
200.129
182.037
166.33
152.916
141.646
132.33
124.754
118.691
113.917
110.218
107.397
105.28
103.716
102.578
101.763
101.189
100.791
100.518
100.335
100.214
100.134
100.083
100.051
100.031
100.018
100.011
100.006
100.003
100.002
100.001
100.001
100
100
100
100
100
100
100
100
100
100
100
100
100
100
100
100
100
100
100
100
100
100
100
100
100
100
100
100
100
100
100
100
100
100
100
100
100
384.585
354.011
324.193
295.592
268.613
243.582
220.742
200.243
182.145
166.43
153.005
141.724
132.396
124.808
118.735
113.953
110.246
107.418
105.295
103.727
102.586
101.769
101.193
100.794
100.52
100.336
100.214
100.135
100.083
100.051
100.031
100.018
100.011
100.006
100.003
100.002
100.001
100.001
100
100
100
100
100
100
100
100
100
100
100
100
100
100
100
100
100
100
100
100
100
100
100
100
100
100
100
100
100
100
100
100
100
100
100
100
100
384.594
354.038
324.236
295.649
268.68
243.656
220.818
200.318
182.218
166.497
153.066
141.776
132.441
124.846
118.766
113.977
110.264
107.432
105.306
103.735
102.592
101.773
101.196
100.795
100.522
100.337
100.215
100.135
100.084
100.051
100.031
100.018
100.011
100.006
100.003
100.002
100.001
100.001
100
100
100
100
100
100
100
100
100
100
100
100
100
100
100
100
100
100
100
100
100
100
100
100
100
100
100
100
100
100
100
100
100
100
100
100
100
384.6
354.056
324.264
295.686
268.724
243.704
220.868
200.368
182.266
166.542
153.106
141.811
132.471
124.871
118.786
113.993
110.277
107.442
105.314
103.74
102.596
101.776
101.198
100.797
100.522
100.338
100.215
100.135
100.084
100.051
100.031
100.018
100.011
100.006
100.003
100.002
100.001
100.001
100
100
100
100
100
100
100
100
100
100
100
100
100
100
100
100
100
100
100
100
100
100
100
100
100
100
100
100
100
100
100
100
100
100
100
100
100
384.604
354.067
324.283
295.71
268.752
243.735
220.901
200.401
182.297
166.571
153.132
141.834
132.491
124.887
118.8
114.004
110.286
107.449
105.318
103.744
102.598
101.778
101.199
100.798
100.523
100.338
100.216
100.135
100.084
100.051
100.031
100.018
100.011
100.006
100.003
100.002
100.001
100.001
100
100
100
100
100
100
100
100
100
100
100
100
100
100
100
100
100
100
100
100
100
100
100
100
100
100
100
100
100
100
100
100
100
100
100
100
100
384.607
354.075
324.294
295.725
268.77
243.755
220.922
200.421
182.317
166.589
153.149
141.849
132.503
124.898
118.809
114.011
110.291
107.453
105.322
103.746
102.6
101.779
101.2
100.798
100.523
100.338
100.216
100.136
100.084
100.051
100.031
100.018
100.011
100.006
100.004
100.002
100.001
100.001
100
100
100
100
100
100
100
100
100
100
100
100
100
100
100
100
100
100
100
100
100
100
100
100
100
100
100
100
100
100
100
100
100
100
100
100
100
384.608
354.079
324.301
295.735
268.781
243.767
220.935
200.435
182.33
166.601
153.16
141.859
132.512
124.905
118.814
114.015
110.295
107.456
105.324
103.748
102.601
101.78
101.201
100.799
100.524
100.339
100.216
100.136
100.084
100.051
100.031
100.018
100.011
100.006
100.004
100.002
100.001
100.001
100
100
100
100
100
100
100
100
100
100
100
100
100
100
100
100
100
100
100
100
100
100
100
100
100
100
100
100
100
100
100
100
100
100
100
100
100
384.609
354.082
324.306
295.741
268.788
243.775
220.943
200.443
182.338
166.609
153.167
141.865
132.517
124.909
118.818
114.018
110.297
107.458
105.325
103.749
102.602
101.78
101.201
100.799
100.524
100.339
100.216
100.136
100.084
100.051
100.031
100.018
100.011
100.006
100.004
100.002
100.001
100.001
100
100
100
100
100
100
100
100
100
100
100
100
100
100
100
100
100
100
100
100
100
100
100
100
100
100
100
100
100
100
100
100
100
100
100
100
100
384.61
354.084
324.309
295.745
268.793
243.78
220.948
200.448
182.343
166.614
153.171
141.869
132.52
124.912
118.82
114.02
110.298
107.459
105.326
103.749
102.602
101.781
101.201
100.799
100.524
100.339
100.216
100.136
100.084
100.051
100.031
100.018
100.011
100.006
100.004
100.002
100.001
100.001
100
100
100
100
100
100
100
100
100
100
100
100
100
100
100
100
100
100
100
100
100
100
100
100
100
100
100
100
100
100
100
100
100
100
100
100
100
384.61
354.085
324.311
295.747
268.796
243.783
220.951
200.451
182.346
166.617
153.174
141.871
132.522
124.914
118.822
114.021
110.299
107.459
105.326
103.75
102.603
101.781
101.202
100.799
100.524
100.339
100.216
100.136
100.084
100.051
100.031
100.018
100.011
100.006
100.004
100.002
100.001
100.001
100
100
100
100
100
100
100
100
100
100
100
100
100
100
100
100
100
100
100
100
100
100
100
100
100
100
100
100
100
100
100
100
100
100
100
100
100
384.61
354.085
324.312
295.748
268.797
243.785
220.953
200.453
182.348
166.618
153.175
141.873
132.523
124.915
118.822
114.022
110.3
107.46
105.327
103.75
102.603
101.781
101.202
100.799
100.524
100.339
100.216
100.136
100.084
100.051
100.031
100.018
100.011
100.006
100.004
100.002
100.001
100.001
100
100
100
100
100
100
100
100
100
100
100
100
100
100
100
100
100
100
100
100
100
100
100
100
100
100
100
100
100
100
100
100
100
100
100
100
100
384.61
354.086
324.312
295.749
268.798
243.786
220.954
200.454
182.349
166.619
153.176
141.873
132.524
124.916
118.823
114.022
110.3
107.46
105.327
103.75
102.603
101.781
101.202
100.799
100.524
100.339
100.216
100.136
100.084
100.051
100.031
100.018
100.011
100.006
100.004
100.002
100.001
100.001
100
100
100
100
100
100
100
100
100
100
100
100
100
100
100
100
100
100
100
100
100
100
100
100
100
100
100
100
100
100
100
100
100
100
100
100
100
384.61
354.086
324.313
295.75
268.799
243.787
220.955
200.455
182.35
166.62
153.177
141.874
132.525
124.916
118.823
114.023
110.3
107.46
105.327
103.75
102.603
101.781
101.202
100.799
100.524
100.339
100.216
100.136
100.084
100.051
100.031
100.018
100.011
100.006
100.004
100.002
100.001
100.001
100
100
100
100
100
100
100
100
100
100
100
100
100
100
100
100
100
100
100
100
100
100
100
100
100
100
100
100
100
100
100
100
100
100
100
100
100
384.611
354.086
324.313
295.75
268.799
243.787
220.955
200.455
182.35
166.62
153.177
141.874
132.525
124.916
118.823
114.023
110.301
107.46
105.327
103.75
102.603
101.781
101.202
100.799
100.524
100.339
100.216
100.136
100.084
100.051
100.031
100.018
100.011
100.006
100.004
100.002
100.001
100.001
100
100
100
100
100
100
100
100
100
100
100
100
100
100
100
100
100
100
100
100
100
100
100
100
100
100
100
100
100
100
100
100
100
100
100
100
100
384.611
354.086
324.313
295.75
268.799
243.787
220.956
200.456
182.35
166.62
153.177
141.874
132.525
124.916
118.824
114.023
110.301
107.46
105.327
103.75
102.603
101.781
101.202
100.799
100.524
100.339
100.216
100.136
100.084
100.051
100.031
100.018
100.011
100.006
100.004
100.002
100.001
100.001
100
100
100
100
100
100
100
100
100
100
100
100
100
100
100
100
100
100
100
100
100
100
100
100
100
100
100
100
100
100
100
100
100
100
100
100
100
384.611
354.086
324.313
295.75
268.799
243.787
220.956
200.456
182.35
166.621
153.177
141.874
132.525
124.916
118.824
114.023
110.301
107.46
105.327
103.75
102.603
101.781
101.202
100.799
100.524
100.339
100.216
100.136
100.084
100.051
100.031
100.018
100.011
100.006
100.004
100.002
100.001
100.001
100
100
100
100
100
100
100
100
100
100
100
100
100
100
100
100
100
100
100
100
100
100
100
100
100
100
100
100
100
100
100
100
100
100
100
100
100
384.611
354.086
324.313
295.75
268.799
243.787
220.956
200.456
182.35
166.621
153.177
141.874
132.525
124.916
118.824
114.023
110.301
107.46
105.327
103.75
102.603
101.781
101.202
100.799
100.524
100.339
100.216
100.136
100.084
100.051
100.031
100.018
100.011
100.006
100.004
100.002
100.001
100.001
100
100
100
100
100
100
100
100
100
100
100
100
100
100
100
100
100
100
100
100
100
100
100
100
100
100
100
100
100
100
100
100
100
100
100
100
100
384.611
354.086
324.313
295.75
268.799
243.787
220.956
200.456
182.35
166.621
153.177
141.874
132.525
124.916
118.824
114.023
110.301
107.46
105.327
103.75
102.603
101.781
101.202
100.799
100.524
100.339
100.216
100.136
100.084
100.051
100.031
100.018
100.011
100.006
100.004
100.002
100.001
100.001
100
100
100
100
100
100
100
100
100
100
100
100
100
100
100
100
100
100
100
100
100
100
100
100
100
100
100
100
100
100
100
100
100
100
100
100
100
384.611
354.086
324.313
295.75
268.799
243.787
220.956
200.456
182.35
166.621
153.177
141.874
132.525
124.916
118.824
114.023
110.301
107.46
105.327
103.75
102.603
101.781
101.202
100.799
100.524
100.339
100.216
100.136
100.084
100.051
100.031
100.018
100.011
100.006
100.004
100.002
100.001
100.001
100
100
100
100
100
100
100
100
100
100
100
100
100
100
100
100
100
100
100
100
100
100
100
100
100
100
100
100
100
100
100
100
100
100
100
100
100
384.611
354.086
324.313
295.75
268.799
243.788
220.956
200.456
182.35
166.621
153.177
141.875
132.525
124.916
118.824
114.023
110.301
107.46
105.327
103.75
102.603
101.781
101.202
100.799
100.524
100.339
100.216
100.136
100.084
100.051
100.031
100.018
100.011
100.006
100.004
100.002
100.001
100.001
100
100
100
100
100
100
100
100
100
100
100
100
100
100
100
100
100
100
100
100
100
100
100
100
100
100
100
100
100
100
100
100
100
100
100
100
100
384.611
354.086
324.313
295.75
268.799
243.788
220.956
200.456
182.35
166.621
153.177
141.875
132.525
124.916
118.824
114.023
110.301
107.46
105.327
103.75
102.603
101.781
101.202
100.799
100.524
100.339
100.216
100.136
100.084
100.051
100.031
100.018
100.011
100.006
100.004
100.002
100.001
100.001
100
100
100
100
100
100
100
100
100
100
100
100
100
100
100
100
100
100
100
100
100
100
100
100
100
100
100
100
100
100
100
100
100
100
100
100
100
384.611
354.086
324.313
295.75
268.799
243.788
220.956
200.456
182.35
166.621
153.177
141.875
132.525
124.916
118.824
114.023
110.301
107.46
105.327
103.75
102.603
101.781
101.202
100.799
100.524
100.339
100.216
100.136
100.084
100.051
100.031
100.018
100.011
100.006
100.004
100.002
100.001
100.001
100
100
100
100
100
100
100
100
100
100
100
100
100
100
100
100
100
100
100
100
100
100
100
100
100
100
100
100
100
100
100
100
100
100
100
100
100
384.611
354.086
324.313
295.75
268.799
243.788
220.956
200.456
182.35
166.621
153.177
141.875
132.525
124.916
118.824
114.023
110.301
107.46
105.327
103.75
102.603
101.781
101.202
100.799
100.524
100.339
100.216
100.136
100.084
100.051
100.031
100.018
100.011
100.006
100.004
100.002
100.001
100.001
100
100
100
100
100
100
100
100
100
100
100
100
100
100
100
100
100
100
100
100
100
100
100
100
100
100
100
100
100
100
100
100
100
100
100
100
100
384.611
354.086
324.313
295.75
268.799
243.788
220.956
200.456
182.35
166.621
153.177
141.875
132.525
124.916
118.824
114.023
110.301
107.46
105.327
103.75
102.603
101.781
101.202
100.799
100.524
100.339
100.216
100.136
100.084
100.051
100.031
100.018
100.011
100.006
100.004
100.002
100.001
100.001
100
100
100
100
100
100
100
100
100
100
100
100
100
100
100
100
100
100
100
100
100
100
100
100
100
100
100
100
100
100
100
100
100
100
100
100
100
384.611
354.086
324.313
295.75
268.799
243.788
220.956
200.456
182.35
166.621
153.177
141.875
132.525
124.916
118.824
114.023
110.301
107.46
105.327
103.75
102.603
101.781
101.202
100.799
100.524
100.339
100.216
100.136
100.084
100.051
100.031
100.018
100.011
100.006
100.004
100.002
100.001
100.001
100
100
100
100
100
100
100
100
100
100
100
100
100
100
100
100
100
100
100
100
100
100
100
100
100
100
100
100
100
100
100
100
100
100
100
100
100
384.611
354.086
324.313
295.75
268.799
243.788
220.956
200.456
182.35
166.621
153.177
141.875
132.525
124.916
118.824
114.023
110.301
107.46
105.327
103.75
102.603
101.781
101.202
100.799
100.524
100.339
100.216
100.136
100.084
100.051
100.031
100.018
100.011
100.006
100.004
100.002
100.001
100.001
100
100
100
100
100
100
100
100
100
100
100
100
100
100
100
100
100
100
100
100
100
100
100
100
100
100
100
100
100
100
100
100
100
100
100
100
100
384.611
354.086
324.313
295.75
268.799
243.788
220.956
200.456
182.35
166.621
153.177
141.875
132.525
124.916
118.824
114.023
110.301
107.46
105.327
103.75
102.603
101.781
101.202
100.799
100.524
100.339
100.216
100.136
100.084
100.051
100.031
100.018
100.011
100.006
100.004
100.002
100.001
100.001
100
100
100
100
100
100
100
100
100
100
100
100
100
100
100
100
100
100
100
100
100
100
100
100
100
100
100
100
100
100
100
100
100
100
100
100
100
384.611
354.086
324.313
295.75
268.799
243.788
220.956
200.456
182.35
166.621
153.177
141.875
132.525
124.916
118.824
114.023
110.301
107.46
105.327
103.75
102.603
101.781
101.202
100.799
100.524
100.339
100.216
100.136
100.084
100.051
100.031
100.018
100.011
100.006
100.004
100.002
100.001
100.001
100
100
100
100
100
100
100
100
100
100
100
100
100
100
100
100
100
100
100
100
100
100
100
100
100
100
100
100
100
100
100
100
100
100
100
100
100
384.611
354.086
324.313
295.75
268.799
243.788
220.956
200.456
182.35
166.621
153.177
141.875
132.525
124.916
118.824
114.023
110.301
107.46
105.327
103.75
102.603
101.781
101.202
100.799
100.524
100.339
100.216
100.136
100.084
100.051
100.031
100.018
100.011
100.006
100.004
100.002
100.001
100.001
100
100
100
100
100
100
100
100
100
100
100
100
100
100
100
100
100
100
100
100
100
100
100
100
100
100
100
100
100
100
100
100
100
100
100
100
100
384.611
354.086
324.313
295.75
268.799
243.788
220.956
200.456
182.35
166.621
153.177
141.875
132.525
124.916
118.824
114.023
110.301
107.46
105.327
103.75
102.603
101.781
101.202
100.799
100.524
100.339
100.216
100.136
100.084
100.051
100.031
100.018
100.011
100.006
100.004
100.002
100.001
100.001
100
100
100
100
100
100
100
100
100
100
100
100
100
100
100
100
100
100
100
100
100
100
100
100
100
100
100
100
100
100
100
100
100
100
100
100
100
384.611
354.086
324.313
295.75
268.799
243.788
220.956
200.456
182.35
166.621
153.177
141.875
132.525
124.916
118.824
114.023
110.301
107.46
105.327
103.75
102.603
101.781
101.202
100.799
100.524
100.339
100.216
100.136
100.084
100.051
100.031
100.018
100.011
100.006
100.004
100.002
100.001
100.001
100
100
100
100
100
100
100
100
100
100
100
100
100
100
100
100
100
100
100
100
100
100
100
100
100
100
100
100
100
100
100
100
100
100
100
100
100
384.611
354.086
324.313
295.75
268.799
243.788
220.956
200.456
182.35
166.621
153.177
141.875
132.525
124.916
118.824
114.023
110.301
107.46
105.327
103.75
102.603
101.781
101.202
100.799
100.524
100.339
100.216
100.136
100.084
100.051
100.031
100.018
100.011
100.006
100.004
100.002
100.001
100.001
100
100
100
100
100
100
100
100
100
100
100
100
100
100
100
100
100
100
100
100
100
100
100
100
100
100
100
100
100
100
100
100
100
100
100
100
100
384.611
354.086
324.313
295.75
268.799
243.788
220.956
200.456
182.35
166.621
153.177
141.875
132.525
124.916
118.824
114.023
110.301
107.46
105.327
103.75
102.603
101.781
101.202
100.799
100.524
100.339
100.216
100.136
100.084
100.051
100.031
100.018
100.011
100.006
100.004
100.002
100.001
100.001
100
100
100
100
100
100
100
100
100
100
100
100
100
100
100
100
100
100
100
100
100
100
100
100
100
100
100
100
100
100
100
100
100
100
100
100
100
384.611
354.086
324.313
295.75
268.799
243.788
220.956
200.456
182.35
166.621
153.177
141.875
132.525
124.916
118.824
114.023
110.301
107.46
105.327
103.75
102.603
101.781
101.202
100.799
100.524
100.339
100.216
100.136
100.084
100.051
100.031
100.018
100.011
100.006
100.004
100.002
100.001
100.001
100
100
100
100
100
100
100
100
100
100
100
100
100
100
100
100
100
100
100
100
100
100
100
100
100
100
100
100
100
100
100
100
100
100
100
100
100
384.611
354.086
324.313
295.75
268.799
243.788
220.956
200.456
182.35
166.621
153.177
141.875
132.525
124.916
118.824
114.023
110.301
107.46
105.327
103.75
102.603
101.781
101.202
100.799
100.524
100.339
100.216
100.136
100.084
100.051
100.031
100.018
100.011
100.006
100.004
100.002
100.001
100.001
100
100
100
100
100
100
100
100
100
100
100
100
100
100
100
100
100
100
100
100
100
100
100
100
100
100
100
100
100
100
100
100
100
100
100
100
100
384.611
354.086
324.313
295.75
268.799
243.788
220.956
200.456
182.35
166.621
153.177
141.875
132.525
124.916
118.824
114.023
110.301
107.46
105.327
103.75
102.603
101.781
101.202
100.799
100.524
100.339
100.216
100.136
100.084
100.051
100.031
100.018
100.011
100.006
100.004
100.002
100.001
100.001
100
100
100
100
100
100
100
100
100
100
100
100
100
100
100
100
100
100
100
100
100
100
100
100
100
100
100
100
100
100
100
100
100
100
100
100
100
384.611
354.086
324.313
295.75
268.799
243.788
220.956
200.456
182.35
166.621
153.177
141.875
132.525
124.916
118.824
114.023
110.301
107.46
105.327
103.75
102.603
101.781
101.202
100.799
100.524
100.339
100.216
100.136
100.084
100.051
100.031
100.018
100.011
100.006
100.004
100.002
100.001
100.001
100
100
100
100
100
100
100
100
100
100
100
100
100
100
100
100
100
100
100
100
100
100
100
100
100
100
100
100
100
100
100
100
100
100
100
100
100
384.611
354.086
324.313
295.75
268.799
243.788
220.956
200.456
182.35
166.621
153.177
141.875
132.525
124.916
118.824
114.023
110.301
107.46
105.327
103.75
102.603
101.781
101.202
100.799
100.524
100.339
100.216
100.136
100.084
100.051
100.031
100.018
100.011
100.006
100.004
100.002
100.001
100.001
100
100
100
100
100
100
100
100
100
100
100
100
100
100
100
100
100
100
100
100
100
100
100
100
100
100
100
100
100
100
100
100
100
100
100
100
100
384.611
354.086
324.313
295.75
268.799
243.788
220.956
200.456
182.35
166.621
153.177
141.875
132.525
124.916
118.824
114.023
110.301
107.46
105.327
103.75
102.603
101.781
101.202
100.799
100.524
100.339
100.216
100.136
100.084
100.051
100.031
100.018
100.011
100.006
100.004
100.002
100.001
100.001
100
100
100
100
100
100
100
100
100
100
100
100
100
100
100
100
100
100
100
100
100
100
100
100
100
100
100
100
100
100
100
100
100
100
100
100
100
384.611
354.086
324.313
295.75
268.799
243.788
220.956
200.456
182.35
166.621
153.177
141.875
132.525
124.916
118.824
114.023
110.301
107.46
105.327
103.75
102.603
101.781
101.202
100.799
100.524
100.339
100.216
100.136
100.084
100.051
100.031
100.018
100.011
100.006
100.004
100.002
100.001
100.001
100
100
100
100
100
100
100
100
100
100
100
100
100
100
100
100
100
100
100
100
100
100
100
100
100
100
100
100
100
100
100
100
100
100
100
100
100
384.611
354.086
324.313
295.75
268.799
243.788
220.956
200.456
182.35
166.621
153.177
141.875
132.525
124.916
118.824
114.023
110.301
107.46
105.327
103.75
102.603
101.781
101.202
100.799
100.524
100.339
100.216
100.136
100.084
100.051
100.031
100.018
100.011
100.006
100.004
100.002
100.001
100.001
100
100
100
100
100
100
100
100
100
100
100
100
100
100
100
100
100
100
100
100
100
100
100
100
100
100
100
100
100
100
100
100
100
100
100
100
100
384.611
354.086
324.313
295.75
268.799
243.788
220.956
200.456
182.35
166.621
153.177
141.875
132.525
124.916
118.824
114.023
110.301
107.46
105.327
103.75
102.603
101.781
101.202
100.799
100.524
100.339
100.216
100.136
100.084
100.051
100.031
100.018
100.011
100.006
100.004
100.002
100.001
100.001
100
100
100
100
100
100
100
100
100
100
100
100
100
100
100
100
100
100
100
100
100
100
100
100
100
100
100
100
100
100
100
100
100
100
100
100
100
384.611
354.086
324.313
295.75
268.799
243.788
220.956
200.456
182.35
166.621
153.177
141.875
132.525
124.916
118.824
114.023
110.301
107.46
105.327
103.75
102.603
101.781
101.202
100.799
100.524
100.339
100.216
100.136
100.084
100.051
100.031
100.018
100.011
100.006
100.004
100.002
100.001
100.001
100
100
100
100
100
100
100
100
100
100
100
100
100
100
100
100
100
100
100
100
100
100
100
100
100
100
100
100
100
100
100
100
100
100
100
100
100
384.611
354.086
324.313
295.75
268.799
243.788
220.956
200.456
182.35
166.621
153.177
141.875
132.525
124.916
118.824
114.023
110.301
107.46
105.327
103.75
102.603
101.781
101.202
100.799
100.524
100.339
100.216
100.136
100.084
100.051
100.031
100.018
100.011
100.006
100.004
100.002
100.001
100.001
100
100
100
100
100
100
100
100
100
100
100
100
100
100
100
100
100
100
100
100
100
100
100
100
100
100
100
100
100
100
100
100
100
100
100
100
100
384.611
354.086
324.313
295.75
268.799
243.788
220.956
200.456
182.35
166.621
153.177
141.875
132.525
124.916
118.824
114.023
110.301
107.46
105.327
103.75
102.603
101.781
101.202
100.799
100.524
100.339
100.216
100.136
100.084
100.051
100.031
100.018
100.011
100.006
100.004
100.002
100.001
100.001
100
100
100
100
100
100
100
100
100
100
100
100
100
100
100
100
100
100
100
100
100
100
100
100
100
100
100
100
100
100
100
100
100
100
100
100
100
384.611
354.086
324.313
295.75
268.799
243.788
220.956
200.456
182.35
166.621
153.177
141.875
132.525
124.916
118.824
114.023
110.301
107.46
105.327
103.75
102.603
101.781
101.202
100.799
100.524
100.339
100.216
100.136
100.084
100.051
100.031
100.018
100.011
100.006
100.004
100.002
100.001
100.001
100
100
100
100
100
100
100
100
100
100
100
100
100
100
100
100
100
100
100
100
100
100
100
100
100
100
100
100
100
100
100
100
100
100
100
100
100
384.611
354.086
324.313
295.75
268.799
243.788
220.956
200.456
182.35
166.621
153.177
141.875
132.525
124.916
118.824
114.023
110.301
107.46
105.327
103.75
102.603
101.781
101.202
100.799
100.524
100.339
100.216
100.136
100.084
100.051
100.031
100.018
100.011
100.006
100.004
100.002
100.001
100.001
100
100
100
100
100
100
100
100
100
100
100
100
100
100
100
100
100
100
100
100
100
100
100
100
100
100
100
100
100
100
100
100
100
100
100
100
100
384.611
354.086
324.313
295.75
268.799
243.788
220.956
200.456
182.35
166.621
153.177
141.875
132.525
124.916
118.824
114.023
110.301
107.46
105.327
103.75
102.603
101.781
101.202
100.799
100.524
100.339
100.216
100.136
100.084
100.051
100.031
100.018
100.011
100.006
100.004
100.002
100.001
100.001
100
100
100
100
100
100
100
100
100
100
100
100
100
100
100
100
100
100
100
100
100
100
100
100
100
100
100
100
100
100
100
100
100
100
100
100
100
384.611
354.086
324.313
295.75
268.799
243.788
220.956
200.456
182.35
166.621
153.177
141.875
132.525
124.916
118.824
114.023
110.301
107.46
105.327
103.75
102.603
101.781
101.202
100.799
100.524
100.339
100.216
100.136
100.084
100.051
100.031
100.018
100.011
100.006
100.004
100.002
100.001
100.001
100
100
100
100
100
100
100
100
100
100
100
100
100
100
100
100
100
100
100
100
100
100
100
100
100
100
100
100
100
100
100
100
100
100
100
100
100
384.611
354.086
324.313
295.75
268.799
243.788
220.956
200.456
182.35
166.621
153.177
141.875
132.525
124.916
118.824
114.023
110.301
107.46
105.327
103.75
102.603
101.781
101.202
100.799
100.524
100.339
100.216
100.136
100.084
100.051
100.031
100.018
100.011
100.006
100.004
100.002
100.001
100.001
100
100
100
100
100
100
100
100
100
100
100
100
100
100
100
100
100
100
100
100
100
100
100
100
100
100
100
100
100
100
100
100
100
100
100
100
100
384.611
354.086
324.313
295.75
268.799
243.788
220.956
200.456
182.35
166.621
153.177
141.875
132.525
124.916
118.824
114.023
110.301
107.46
105.327
103.75
102.603
101.781
101.202
100.799
100.524
100.339
100.216
100.136
100.084
100.051
100.031
100.018
100.011
100.006
100.004
100.002
100.001
100.001
100
100
100
100
100
100
100
100
100
100
100
100
100
100
100
100
100
100
100
100
100
100
100
100
100
100
100
100
100
100
100
100
100
100
100
100
100
384.611
354.086
324.313
295.75
268.799
243.788
220.956
200.456
182.35
166.621
153.177
141.875
132.525
124.916
118.824
114.023
110.301
107.46
105.327
103.75
102.603
101.781
101.202
100.799
100.524
100.339
100.216
100.136
100.084
100.051
100.031
100.018
100.011
100.006
100.004
100.002
100.001
100.001
100
100
100
100
100
100
100
100
100
100
100
100
100
100
100
100
100
100
100
100
100
100
100
100
100
100
100
100
100
100
100
100
100
100
100
100
100
384.611
354.086
324.313
295.75
268.799
243.788
220.956
200.456
182.35
166.621
153.177
141.875
132.525
124.916
118.824
114.023
110.301
107.46
105.327
103.75
102.603
101.781
101.202
100.799
100.524
100.339
100.216
100.136
100.084
100.051
100.031
100.018
100.011
100.006
100.004
100.002
100.001
100.001
100
100
100
100
100
100
100
100
100
100
100
100
100
100
100
100
100
100
100
100
100
100
100
100
100
100
100
100
100
100
100
100
100
100
100
100
100
384.611
354.086
324.313
295.75
268.799
243.788
220.956
200.456
182.35
166.621
153.177
141.875
132.525
124.916
118.824
114.023
110.301
107.46
105.327
103.75
102.603
101.781
101.202
100.799
100.524
100.339
100.216
100.136
100.084
100.051
100.031
100.018
100.011
100.006
100.004
100.002
100.001
100.001
100
100
100
100
100
100
100
100
100
100
100
100
100
100
100
100
100
100
100
100
100
100
100
100
100
100
100
100
100
100
100
100
100
100
100
100
100
384.611
354.086
324.313
295.75
268.799
243.788
220.956
200.456
182.35
166.621
153.177
141.875
132.525
124.916
118.824
114.023
110.301
107.46
105.327
103.75
102.603
101.781
101.202
100.799
100.524
100.339
100.216
100.136
100.084
100.051
100.031
100.018
100.011
100.006
100.004
100.002
100.001
100.001
100
100
100
100
100
100
100
100
100
100
100
100
100
100
100
100
100
100
100
100
100
100
100
100
100
100
100
100
100
100
100
100
100
100
100
100
100
384.611
354.086
324.313
295.75
268.799
243.788
220.956
200.456
182.35
166.621
153.177
141.875
132.525
124.916
118.824
114.023
110.301
107.46
105.327
103.75
102.603
101.781
101.202
100.799
100.524
100.339
100.216
100.136
100.084
100.051
100.031
100.018
100.011
100.006
100.004
100.002
100.001
100.001
100
100
100
100
100
100
100
100
100
100
100
100
100
100
100
100
100
100
100
100
100
100
100
100
100
100
100
100
100
100
100
100
100
100
100
100
100
384.611
354.086
324.313
295.75
268.799
243.788
220.956
200.456
182.35
166.621
153.177
141.875
132.525
124.916
118.824
114.023
110.301
107.46
105.327
103.75
102.603
101.781
101.202
100.799
100.524
100.339
100.216
100.136
100.084
100.051
100.031
100.018
100.011
100.006
100.004
100.002
100.001
100.001
100
100
100
100
100
100
100
100
100
100
100
100
100
100
100
100
100
100
100
100
100
100
100
100
100
100
100
100
100
100
100
100
100
100
100
100
100
384.611
354.086
324.313
295.75
268.799
243.788
220.956
200.456
182.35
166.621
153.177
141.875
132.525
124.916
118.824
114.023
110.301
107.46
105.327
103.75
102.603
101.781
101.202
100.799
100.524
100.339
100.216
100.136
100.084
100.051
100.031
100.018
100.011
100.006
100.004
100.002
100.001
100.001
100
100
100
100
100
100
100
100
100
100
100
100
100
100
100
100
100
100
100
100
100
100
100
100
100
100
100
100
100
100
100
100
100
100
100
100
100
384.611
354.086
324.313
295.75
268.799
243.788
220.956
200.456
182.35
166.621
153.177
141.875
132.525
124.916
118.824
114.023
110.301
107.46
105.327
103.75
102.603
101.781
101.202
100.799
100.524
100.339
100.216
100.136
100.084
100.051
100.031
100.018
100.011
100.006
100.004
100.002
100.001
100.001
100
100
100
100
100
100
100
100
100
100
100
100
100
100
100
100
100
100
100
100
100
100
100
100
100
100
100
100
100
100
100
100
100
100
100
100
100
384.611
354.086
324.313
295.75
268.799
243.788
220.956
200.456
182.35
166.621
153.177
141.875
132.525
124.916
118.824
114.023
110.301
107.46
105.327
103.75
102.603
101.781
101.202
100.799
100.524
100.339
100.216
100.136
100.084
100.051
100.031
100.018
100.011
100.006
100.004
100.002
100.001
100.001
100
100
100
100
100
100
100
100
100
100
100
100
100
100
100
100
100
100
100
100
100
100
100
100
100
100
100
100
100
100
100
100
100
100
100
100
100
384.611
354.086
324.313
295.75
268.799
243.788
220.956
200.456
182.35
166.621
153.177
141.875
132.525
124.916
118.824
114.023
110.301
107.46
105.327
103.75
102.603
101.781
101.202
100.799
100.524
100.339
100.216
100.136
100.084
100.051
100.031
100.018
100.011
100.006
100.004
100.002
100.001
100.001
100
100
100
100
100
100
100
100
100
100
100
100
100
100
100
100
100
100
100
100
100
100
100
100
100
100
100
100
100
100
100
100
100
100
100
100
100
384.611
354.086
324.313
295.75
268.799
243.788
220.956
200.456
182.35
166.621
153.177
141.875
132.525
124.916
118.824
114.023
110.301
107.46
105.327
103.75
102.603
101.781
101.202
100.799
100.524
100.339
100.216
100.136
100.084
100.051
100.031
100.018
100.011
100.006
100.004
100.002
100.001
100.001
100
100
100
100
100
100
100
100
100
100
100
100
100
100
100
100
100
100
100
100
100
100
100
100
100
100
100
100
100
100
100
100
100
100
100
100
100
384.611
354.086
324.313
295.75
268.799
243.788
220.956
200.456
182.35
166.621
153.177
141.875
132.525
124.916
118.824
114.023
110.301
107.46
105.327
103.75
102.603
101.781
101.202
100.799
100.524
100.339
100.216
100.136
100.084
100.051
100.031
100.018
100.011
100.006
100.004
100.002
100.001
100.001
100
100
100
100
100
100
100
100
100
100
100
100
100
100
100
100
100
100
100
100
100
100
100
100
100
100
100
100
100
100
100
100
100
100
100
100
100
384.611
354.086
324.313
295.75
268.799
243.788
220.956
200.456
182.35
166.621
153.177
141.875
132.525
124.916
118.824
114.023
110.301
107.46
105.327
103.75
102.603
101.781
101.202
100.799
100.524
100.339
100.216
100.136
100.084
100.051
100.031
100.018
100.011
100.006
100.004
100.002
100.001
100.001
100
100
100
100
100
100
100
100
100
100
100
100
100
100
100
100
100
100
100
100
100
100
100
100
100
100
100
100
100
100
100
100
100
100
100
100
100
384.611
354.086
324.313
295.75
268.799
243.788
220.956
200.456
182.35
166.621
153.177
141.875
132.525
124.916
118.824
114.023
110.301
107.46
105.327
103.75
102.603
101.781
101.202
100.799
100.524
100.339
100.216
100.136
100.084
100.051
100.031
100.018
100.011
100.006
100.004
100.002
100.001
100.001
100
100
100
100
100
100
100
100
100
100
100
100
100
100
100
100
100
100
100
100
100
100
100
100
100
100
100
100
100
100
100
100
100
100
100
100
100
384.611
354.086
324.313
295.75
268.799
243.788
220.956
200.456
182.35
166.621
153.177
141.875
132.525
124.916
118.824
114.023
110.301
107.46
105.327
103.75
102.603
101.781
101.202
100.799
100.524
100.339
100.216
100.136
100.084
100.051
100.031
100.018
100.011
100.006
100.004
100.002
100.001
100.001
100
100
100
100
100
100
100
100
100
100
100
100
100
100
100
100
100
100
100
100
100
100
100
100
100
100
100
100
100
100
100
100
100
100
100
100
100
384.611
354.086
324.313
295.75
268.799
243.788
220.956
200.456
182.35
166.621
153.177
141.875
132.525
124.916
118.824
114.023
110.301
107.46
105.327
103.75
102.603
101.781
101.202
100.799
100.524
100.339
100.216
100.136
100.084
100.051
100.031
100.018
100.011
100.006
100.004
100.002
100.001
100.001
100
100
100
100
100
100
100
100
100
100
100
100
100
100
100
100
100
100
100
100
100
100
100
100
100
100
100
100
100
100
100
100
100
100
100
100
100
384.611
354.086
324.313
295.75
268.799
243.788
220.956
200.456
182.35
166.621
153.177
141.875
132.525
124.916
118.824
114.023
110.301
107.46
105.327
103.75
102.603
101.781
101.202
100.799
100.524
100.339
100.216
100.136
100.084
100.051
100.031
100.018
100.011
100.006
100.004
100.002
100.001
100.001
100
100
100
100
100
100
100
100
100
100
100
100
100
100
100
100
100
100
100
100
100
100
100
100
100
100
100
100
100
100
100
100
100
100
100
100
100
384.611
354.086
324.313
295.75
268.799
243.788
220.956
200.456
182.35
166.621
153.177
141.875
132.525
124.916
118.824
114.023
110.301
107.46
105.327
103.75
102.603
101.781
101.202
100.799
100.524
100.339
100.216
100.136
100.084
100.051
100.031
100.018
100.011
100.006
100.004
100.002
100.001
100.001
100
100
100
100
100
100
100
100
100
100
100
100
100
100
100
100
100
100
100
100
100
100
100
100
100
100
100
100
100
100
100
100
100
100
100
100
100
384.611
354.086
324.313
295.75
268.799
243.788
220.956
200.456
182.35
166.621
153.177
141.875
132.525
124.916
118.824
114.023
110.301
107.46
105.327
103.75
102.603
101.781
101.202
100.799
100.524
100.339
100.216
100.136
100.084
100.051
100.031
100.018
100.011
100.006
100.004
100.002
100.001
100.001
100
100
100
100
100
100
100
100
100
100
100
100
100
100
100
100
100
100
100
100
100
100
100
100
100
100
100
100
100
100
100
100
100
100
100
100
100
384.611
354.086
324.313
295.75
268.799
243.788
220.956
200.456
182.35
166.621
153.177
141.875
132.525
124.916
118.824
114.023
110.301
107.46
105.327
103.75
102.603
101.781
101.202
100.799
100.524
100.339
100.216
100.136
100.084
100.051
100.031
100.018
100.011
100.006
100.004
100.002
100.001
100.001
100
100
100
100
100
100
100
100
100
100
100
100
100
100
100
100
100
100
100
100
100
100
100
100
100
100
100
100
100
100
100
100
100
100
100
100
100
384.611
354.086
324.313
295.75
268.799
243.788
220.956
200.456
182.35
166.621
153.177
141.875
132.525
124.916
118.824
114.023
110.301
107.46
105.327
103.75
102.603
101.781
101.202
100.799
100.524
100.339
100.216
100.136
100.084
100.051
100.031
100.018
100.011
100.006
100.004
100.002
100.001
100.001
100
100
100
100
100
100
100
100
100
100
100
100
100
100
100
100
100
100
100
100
100
100
100
100
100
100
100
100
100
100
100
100
100
100
100
100
100
384.611
354.086
324.313
295.75
268.799
243.788
220.956
200.456
182.35
166.621
153.177
141.875
132.525
124.916
118.824
114.023
110.301
107.46
105.327
103.75
102.603
101.781
101.202
100.799
100.524
100.339
100.216
100.136
100.084
100.051
100.031
100.018
100.011
100.006
100.004
100.002
100.001
100.001
100
100
100
100
100
100
100
100
100
100
100
100
100
100
100
100
100
100
100
100
100
100
100
100
100
100
100
100
100
100
100
100
100
100
100
100
100
384.611
354.086
324.313
295.75
268.799
243.788
220.956
200.456
182.35
166.621
153.177
141.875
132.525
124.916
118.824
114.023
110.301
107.46
105.327
103.75
102.603
101.781
101.202
100.799
100.524
100.339
100.216
100.136
100.084
100.051
100.031
100.018
100.011
100.006
100.004
100.002
100.001
100.001
100
100
100
100
100
100
100
100
100
100
100
100
100
100
100
100
100
100
100
100
100
100
100
100
100
100
100
100
100
100
100
100
100
100
100
100
100
384.611
354.086
324.313
295.75
268.799
243.788
220.956
200.456
182.35
166.621
153.177
141.875
132.525
124.916
118.824
114.023
110.301
107.46
105.327
103.75
102.603
101.781
101.202
100.799
100.524
100.339
100.216
100.136
100.084
100.051
100.031
100.018
100.011
100.006
100.004
100.002
100.001
100.001
100
100
100
100
100
100
100
100
100
100
100
100
100
100
100
100
100
100
100
100
100
100
100
100
100
100
100
100
100
100
100
100
100
100
100
100
100
384.611
354.086
324.313
295.75
268.799
243.788
220.956
200.456
182.35
166.621
153.177
141.875
132.525
124.916
118.824
114.023
110.301
107.46
105.327
103.75
102.603
101.781
101.202
100.799
100.524
100.339
100.216
100.136
100.084
100.051
100.031
100.018
100.011
100.006
100.004
100.002
100.001
100.001
100
100
100
100
100
100
100
100
100
100
100
100
100
100
100
100
100
100
100
100
100
100
100
100
100
100
100
100
100
100
100
100
100
100
100
100
100
384.611
354.086
324.313
295.75
268.799
243.788
220.956
200.456
182.35
166.621
153.177
141.875
132.525
124.916
118.824
114.023
110.301
107.46
105.327
103.75
102.603
101.781
101.202
100.799
100.524
100.339
100.216
100.136
100.084
100.051
100.031
100.018
100.011
100.006
100.004
100.002
100.001
100.001
100
100
100
100
100
100
100
100
100
100
100
100
100
100
100
100
100
100
100
100
100
100
100
100
100
100
100
100
100
100
100
100
100
100
100
100
100
384.611
354.086
324.313
295.75
268.799
243.788
220.956
200.456
182.35
166.621
153.177
141.875
132.525
124.916
118.824
114.023
110.301
107.46
105.327
103.75
102.603
101.781
101.202
100.799
100.524
100.339
100.216
100.136
100.084
100.051
100.031
100.018
100.011
100.006
100.004
100.002
100.001
100.001
100
100
100
100
100
100
100
100
100
100
100
100
100
100
100
100
100
100
100
100
100
100
100
100
100
100
100
100
100
100
100
100
100
100
100
100
100
384.611
354.086
324.313
295.75
268.799
243.788
220.956
200.456
182.35
166.621
153.177
141.875
132.525
124.916
118.824
114.023
110.301
107.46
105.327
103.75
102.603
101.781
101.202
100.799
100.524
100.339
100.216
100.136
100.084
100.051
100.031
100.018
100.011
100.006
100.004
100.002
100.001
100.001
100
100
100
100
100
100
100
100
100
100
100
100
100
100
100
100
100
100
100
100
100
100
100
100
100
100
100
100
100
100
100
100
100
100
100
100
100
384.611
354.086
324.313
295.75
268.799
243.788
220.956
200.456
182.35
166.621
153.177
141.875
132.525
124.916
118.824
114.023
110.301
107.46
105.327
103.75
102.603
101.781
101.202
100.799
100.524
100.339
100.216
100.136
100.084
100.051
100.031
100.018
100.011
100.006
100.004
100.002
100.001
100.001
100
100
100
100
100
100
100
100
100
100
100
100
100
100
100
100
100
100
100
100
100
100
100
100
100
100
100
100
100
100
100
100
100
100
100
100
100
384.611
354.086
324.313
295.75
268.799
243.788
220.956
200.456
182.35
166.621
153.177
141.875
132.525
124.916
118.824
114.023
110.301
107.46
105.327
103.75
102.603
101.781
101.202
100.799
100.524
100.339
100.216
100.136
100.084
100.051
100.031
100.018
100.011
100.006
100.004
100.002
100.001
100.001
100
100
100
100
100
100
100
100
100
100
100
100
100
100
100
100
100
100
100
100
100
100
100
100
100
100
100
100
100
100
100
100
100
100
100
100
100
384.611
354.086
324.313
295.75
268.799
243.788
220.956
200.456
182.35
166.621
153.177
141.875
132.525
124.916
118.824
114.023
110.301
107.46
105.327
103.75
102.603
101.781
101.202
100.799
100.524
100.339
100.216
100.136
100.084
100.051
100.031
100.018
100.011
100.006
100.004
100.002
100.001
100.001
100
100
100
100
100
100
100
100
100
100
100
100
100
100
100
100
100
100
100
100
100
100
100
100
100
100
100
100
100
100
100
100
100
100
100
100
100
384.611
354.086
324.313
295.75
268.799
243.788
220.956
200.456
182.35
166.621
153.177
141.875
132.525
124.916
118.824
114.023
110.301
107.46
105.327
103.75
102.603
101.781
101.202
100.799
100.524
100.339
100.216
100.136
100.084
100.051
100.031
100.018
100.011
100.006
100.004
100.002
100.001
100.001
100
100
100
100
100
100
100
100
100
100
100
100
100
100
100
100
100
100
100
100
100
100
100
100
100
100
100
100
100
100
100
100
100
100
100
100
100
384.611
354.086
324.313
295.75
268.799
243.788
220.956
200.456
182.35
166.621
153.177
141.875
132.525
124.916
118.824
114.023
110.301
107.46
105.327
103.75
102.603
101.781
101.202
100.799
100.524
100.339
100.216
100.136
100.084
100.051
100.031
100.018
100.011
100.006
100.004
100.002
100.001
100.001
100
100
100
100
100
100
100
100
100
100
100
100
100
100
100
100
100
100
100
100
100
100
100
100
100
100
100
100
100
100
100
100
100
100
100
100
100
384.611
354.086
324.313
295.75
268.799
243.788
220.956
200.456
182.35
166.621
153.177
141.875
132.525
124.916
118.824
114.023
110.301
107.46
105.327
103.75
102.603
101.781
101.202
100.799
100.524
100.339
100.216
100.136
100.084
100.051
100.031
100.018
100.011
100.006
100.004
100.002
100.001
100.001
100
100
100
100
100
100
100
100
100
100
100
100
100
100
100
100
100
100
100
100
100
100
100
100
100
100
100
100
100
100
100
100
100
100
100
100
100
384.611
354.086
324.313
295.75
268.799
243.788
220.956
200.456
182.35
166.621
153.177
141.875
132.525
124.916
118.824
114.023
110.301
107.46
105.327
103.75
102.603
101.781
101.202
100.799
100.524
100.339
100.216
100.136
100.084
100.051
100.031
100.018
100.011
100.006
100.004
100.002
100.001
100.001
100
100
100
100
100
100
100
100
100
100
100
100
100
100
100
100
100
100
100
100
100
100
100
100
100
100
100
100
100
100
100
100
100
100
100
100
100
384.611
354.086
324.313
295.75
268.799
243.788
220.956
200.456
182.35
166.621
153.177
141.875
132.525
124.916
118.824
114.023
110.301
107.46
105.327
103.75
102.603
101.781
101.202
100.799
100.524
100.339
100.216
100.136
100.084
100.051
100.031
100.018
100.011
100.006
100.004
100.002
100.001
100.001
100
100
100
100
100
100
100
100
100
100
100
100
100
100
100
100
100
100
100
100
100
100
100
100
100
100
100
100
100
100
100
100
100
100
100
100
100
384.611
354.086
324.313
295.75
268.799
243.788
220.956
200.456
182.35
166.621
153.177
141.875
132.525
124.916
118.824
114.023
110.301
107.46
105.327
103.75
102.603
101.781
101.202
100.799
100.524
100.339
100.216
100.136
100.084
100.051
100.031
100.018
100.011
100.006
100.004
100.002
100.001
100.001
100
100
100
100
100
100
100
100
100
100
100
100
100
100
100
100
100
100
100
100
100
100
100
100
100
100
100
100
100
100
100
100
100
100
100
100
100
384.611
354.086
324.313
295.75
268.799
243.788
220.956
200.456
182.35
166.621
153.177
141.875
132.525
124.916
118.824
114.023
110.301
107.46
105.327
103.75
102.603
101.781
101.202
100.799
100.524
100.339
100.216
100.136
100.084
100.051
100.031
100.018
100.011
100.006
100.004
100.002
100.001
100.001
100
100
100
100
100
100
100
100
100
100
100
100
100
100
100
100
100
100
100
100
100
100
100
100
100
100
100
100
100
100
100
100
100
100
100
100
100
384.611
354.086
324.313
295.75
268.799
243.788
220.956
200.456
182.35
166.621
153.177
141.875
132.525
124.916
118.824
114.023
110.301
107.46
105.327
103.75
102.603
101.781
101.202
100.799
100.524
100.339
100.216
100.136
100.084
100.051
100.031
100.018
100.011
100.006
100.004
100.002
100.001
100.001
100
100
100
100
100
100
100
100
100
100
100
100
100
100
100
100
100
100
100
100
100
100
100
100
100
100
100
100
100
100
100
100
100
100
100
100
100
384.611
354.086
324.313
295.75
268.799
243.788
220.956
200.456
182.35
166.621
153.177
141.875
132.525
124.916
118.824
114.023
110.301
107.46
105.327
103.75
102.603
101.781
101.202
100.799
100.524
100.339
100.216
100.136
100.084
100.051
100.031
100.018
100.011
100.006
100.004
100.002
100.001
100.001
100
100
100
100
100
100
100
100
100
100
100
100
100
100
100
100
100
100
100
100
100
100
100
100
100
100
100
100
100
100
100
100
100
100
100
100
100
384.611
354.086
324.313
295.75
268.799
243.788
220.956
200.456
182.35
166.621
153.177
141.875
132.525
124.916
118.824
114.023
110.301
107.46
105.327
103.75
102.603
101.781
101.202
100.799
100.524
100.339
100.216
100.136
100.084
100.051
100.031
100.018
100.011
100.006
100.004
100.002
100.001
100.001
100
100
100
100
100
100
100
100
100
100
100
100
100
100
100
100
100
100
100
100
100
100
100
100
100
100
100
100
100
100
100
100
100
100
100
100
100
384.611
354.086
324.313
295.75
268.799
243.788
220.956
200.456
182.35
166.621
153.177
141.875
132.525
124.916
118.824
114.023
110.301
107.46
105.327
103.75
102.603
101.781
101.202
100.799
100.524
100.339
100.216
100.136
100.084
100.051
100.031
100.018
100.011
100.006
100.004
100.002
100.001
100.001
100
100
100
100
100
100
100
100
100
100
100
100
100
100
100
100
100
100
100
100
100
100
100
100
100
100
100
100
100
100
100
100
100
100
100
100
100
384.611
354.086
324.313
295.75
268.799
243.788
220.956
200.456
182.35
166.621
153.177
141.875
132.525
124.916
118.824
114.023
110.301
107.46
105.327
103.75
102.603
101.781
101.202
100.799
100.524
100.339
100.216
100.136
100.084
100.051
100.031
100.018
100.011
100.006
100.004
100.002
100.001
100.001
100
100
100
100
100
100
100
100
100
100
100
100
100
100
100
100
100
100
100
100
100
100
100
100
100
100
100
100
100
100
100
100
100
100
100
100
100
384.611
354.086
324.313
295.75
268.799
243.788
220.956
200.456
182.35
166.621
153.177
141.875
132.525
124.916
118.824
114.023
110.301
107.46
105.327
103.75
102.603
101.781
101.202
100.799
100.524
100.339
100.216
100.136
100.084
100.051
100.031
100.018
100.011
100.006
100.004
100.002
100.001
100.001
100
100
100
100
100
100
100
100
100
100
100
100
100
100
100
100
100
100
100
100
100
100
100
100
100
100
100
100
100
100
100
100
100
100
100
100
100
384.611
354.086
324.313
295.75
268.799
243.787
220.956
200.456
182.35
166.621
153.177
141.874
132.525
124.916
118.824
114.023
110.301
107.46
105.327
103.75
102.603
101.781
101.202
100.799
100.524
100.339
100.216
100.136
100.084
100.051
100.031
100.018
100.011
100.006
100.004
100.002
100.001
100.001
100
100
100
100
100
100
100
100
100
100
100
100
100
100
100
100
100
100
100
100
100
100
100
100
100
100
100
100
100
100
100
100
100
100
100
100
100
384.611
354.086
324.313
295.75
268.799
243.787
220.956
200.456
182.35
166.621
153.177
141.874
132.525
124.916
118.824
114.023
110.301
107.46
105.327
103.75
102.603
101.781
101.202
100.799
100.524
100.339
100.216
100.136
100.084
100.051
100.031
100.018
100.011
100.006
100.004
100.002
100.001
100.001
100
100
100
100
100
100
100
100
100
100
100
100
100
100
100
100
100
100
100
100
100
100
100
100
100
100
100
100
100
100
100
100
100
100
100
100
100
384.611
354.086
324.313
295.75
268.799
243.787
220.956
200.456
182.35
166.621
153.177
141.874
132.525
124.916
118.824
114.023
110.301
107.46
105.327
103.75
102.603
101.781
101.202
100.799
100.524
100.339
100.216
100.136
100.084
100.051
100.031
100.018
100.011
100.006
100.004
100.002
100.001
100.001
100
100
100
100
100
100
100
100
100
100
100
100
100
100
100
100
100
100
100
100
100
100
100
100
100
100
100
100
100
100
100
100
100
100
100
100
100
384.611
354.086
324.313
295.75
268.799
243.787
220.956
200.456
182.35
166.621
153.177
141.874
132.525
124.916
118.824
114.023
110.301
107.46
105.327
103.75
102.603
101.781
101.202
100.799
100.524
100.339
100.216
100.136
100.084
100.051
100.031
100.018
100.011
100.006
100.004
100.002
100.001
100.001
100
100
100
100
100
100
100
100
100
100
100
100
100
100
100
100
100
100
100
100
100
100
100
100
100
100
100
100
100
100
100
100
100
100
100
100
100
384.611
354.086
324.313
295.75
268.799
243.787
220.956
200.456
182.35
166.62
153.177
141.874
132.525
124.916
118.824
114.023
110.301
107.46
105.327
103.75
102.603
101.781
101.202
100.799
100.524
100.339
100.216
100.136
100.084
100.051
100.031
100.018
100.011
100.006
100.004
100.002
100.001
100.001
100
100
100
100
100
100
100
100
100
100
100
100
100
100
100
100
100
100
100
100
100
100
100
100
100
100
100
100
100
100
100
100
100
100
100
100
100
384.611
354.086
324.313
295.75
268.799
243.787
220.955
200.455
182.35
166.62
153.177
141.874
132.525
124.916
118.823
114.023
110.301
107.46
105.327
103.75
102.603
101.781
101.202
100.799
100.524
100.339
100.216
100.136
100.084
100.051
100.031
100.018
100.011
100.006
100.004
100.002
100.001
100.001
100
100
100
100
100
100
100
100
100
100
100
100
100
100
100
100
100
100
100
100
100
100
100
100
100
100
100
100
100
100
100
100
100
100
100
100
100
384.61
354.086
324.313
295.75
268.799
243.787
220.955
200.455
182.35
166.62
153.177
141.874
132.525
124.916
118.823
114.023
110.3
107.46
105.327
103.75
102.603
101.781
101.202
100.799
100.524
100.339
100.216
100.136
100.084
100.051
100.031
100.018
100.011
100.006
100.004
100.002
100.001
100.001
100
100
100
100
100
100
100
100
100
100
100
100
100
100
100
100
100
100
100
100
100
100
100
100
100
100
100
100
100
100
100
100
100
100
100
100
100
384.61
354.086
324.312
295.749
268.798
243.786
220.954
200.454
182.349
166.619
153.176
141.873
132.524
124.916
118.823
114.022
110.3
107.46
105.327
103.75
102.603
101.781
101.202
100.799
100.524
100.339
100.216
100.136
100.084
100.051
100.031
100.018
100.011
100.006
100.004
100.002
100.001
100.001
100
100
100
100
100
100
100
100
100
100
100
100
100
100
100
100
100
100
100
100
100
100
100
100
100
100
100
100
100
100
100
100
100
100
100
100
100
384.61
354.085
324.312
295.748
268.797
243.785
220.953
200.453
182.348
166.618
153.175
141.873
132.523
124.915
118.822
114.022
110.3
107.46
105.327
103.75
102.603
101.781
101.202
100.799
100.524
100.339
100.216
100.136
100.084
100.051
100.031
100.018
100.011
100.006
100.004
100.002
100.001
100.001
100
100
100
100
100
100
100
100
100
100
100
100
100
100
100
100
100
100
100
100
100
100
100
100
100
100
100
100
100
100
100
100
100
100
100
100
100
384.61
354.085
324.311
295.747
268.796
243.783
220.951
200.451
182.346
166.617
153.174
141.871
132.522
124.914
118.822
114.021
110.299
107.459
105.326
103.75
102.603
101.781
101.202
100.799
100.524
100.339
100.216
100.136
100.084
100.051
100.031
100.018
100.011
100.006
100.004
100.002
100.001
100.001
100
100
100
100
100
100
100
100
100
100
100
100
100
100
100
100
100
100
100
100
100
100
100
100
100
100
100
100
100
100
100
100
100
100
100
100
100
384.61
354.084
324.309
295.745
268.793
243.78
220.948
200.448
182.343
166.614
153.171
141.869
132.52
124.912
118.82
114.02
110.298
107.459
105.326
103.749
102.602
101.781
101.201
100.799
100.524
100.339
100.216
100.136
100.084
100.051
100.031
100.018
100.011
100.006
100.004
100.002
100.001
100.001
100
100
100
100
100
100
100
100
100
100
100
100
100
100
100
100
100
100
100
100
100
100
100
100
100
100
100
100
100
100
100
100
100
100
100
100
100
384.609
354.082
324.306
295.741
268.788
243.775
220.943
200.443
182.338
166.609
153.167
141.865
132.517
124.909
118.818
114.018
110.297
107.458
105.325
103.749
102.602
101.78
101.201
100.799
100.524
100.339
100.216
100.136
100.084
100.051
100.031
100.018
100.011
100.006
100.004
100.002
100.001
100.001
100
100
100
100
100
100
100
100
100
100
100
100
100
100
100
100
100
100
100
100
100
100
100
100
100
100
100
100
100
100
100
100
100
100
100
100
100
384.608
354.079
324.301
295.735
268.781
243.767
220.935
200.435
182.33
166.601
153.16
141.859
132.512
124.905
118.814
114.015
110.295
107.456
105.324
103.748
102.601
101.78
101.201
100.799
100.524
100.339
100.216
100.136
100.084
100.051
100.031
100.018
100.011
100.006
100.004
100.002
100.001
100.001
100
100
100
100
100
100
100
100
100
100
100
100
100
100
100
100
100
100
100
100
100
100
100
100
100
100
100
100
100
100
100
100
100
100
100
100
100
384.607
354.075
324.294
295.725
268.77
243.755
220.922
200.421
182.317
166.589
153.149
141.849
132.503
124.898
118.809
114.011
110.291
107.453
105.322
103.746
102.6
101.779
101.2
100.798
100.523
100.338
100.216
100.136
100.084
100.051
100.031
100.018
100.011
100.006
100.004
100.002
100.001
100.001
100
100
100
100
100
100
100
100
100
100
100
100
100
100
100
100
100
100
100
100
100
100
100
100
100
100
100
100
100
100
100
100
100
100
100
100
100
384.604
354.067
324.283
295.71
268.752
243.735
220.901
200.401
182.297
166.571
153.132
141.834
132.491
124.887
118.8
114.004
110.286
107.449
105.318
103.744
102.598
101.778
101.199
100.798
100.523
100.338
100.216
100.135
100.084
100.051
100.031
100.018
100.011
100.006
100.003
100.002
100.001
100.001
100
100
100
100
100
100
100
100
100
100
100
100
100
100
100
100
100
100
100
100
100
100
100
100
100
100
100
100
100
100
100
100
100
100
100
100
100
384.6
354.056
324.264
295.686
268.724
243.704
220.868
200.368
182.266
166.542
153.106
141.811
132.471
124.871
118.786
113.993
110.277
107.442
105.314
103.74
102.596
101.776
101.198
100.797
100.522
100.338
100.215
100.135
100.084
100.051
100.031
100.018
100.011
100.006
100.003
100.002
100.001
100.001
100
100
100
100
100
100
100
100
100
100
100
100
100
100
100
100
100
100
100
100
100
100
100
100
100
100
100
100
100
100
100
100
100
100
100
100
100
384.594
354.038
324.236
295.649
268.68
243.656
220.818
200.318
182.218
166.497
153.066
141.776
132.441
124.846
118.766
113.977
110.264
107.432
105.306
103.735
102.592
101.773
101.196
100.795
100.522
100.337
100.215
100.135
100.084
100.051
100.031
100.018
100.011
100.006
100.003
100.002
100.001
100.001
100
100
100
100
100
100
100
100
100
100
100
100
100
100
100
100
100
100
100
100
100
100
100
100
100
100
100
100
100
100
100
100
100
100
100
100
100
384.585
354.011
324.193
295.592
268.613
243.582
220.742
200.243
182.145
166.43
153.005
141.724
132.396
124.808
118.735
113.953
110.246
107.418
105.295
103.727
102.586
101.769
101.193
100.794
100.52
100.336
100.214
100.135
100.083
100.051
100.031
100.018
100.011
100.006
100.003
100.002
100.001
100.001
100
100
100
100
100
100
100
100
100
100
100
100
100
100
100
100
100
100
100
100
100
100
100
100
100
100
100
100
100
100
100
100
100
100
100
100
100
384.571
353.97
324.127
295.507
268.512
243.472
220.628
200.129
182.037
166.33
152.916
141.646
132.33
124.754
118.691
113.917
110.218
107.397
105.28
103.716
102.578
101.763
101.189
100.791
100.518
100.335
100.214
100.134
100.083
100.051
100.031
100.018
100.011
100.006
100.003
100.002
100.001
100.001
100
100
100
100
100
100
100
100
100
100
100
100
100
100
100
100
100
100
100
100
100
100
100
100
100
100
100
100
100
100
100
100
100
100
100
100
100
384.55
353.908
324.029
295.378
268.361
243.307
220.458
199.961
181.878
166.184
152.785
141.532
132.234
124.674
118.627
113.867
110.179
107.367
105.258
103.699
102.566
101.755
101.184
100.787
100.516
100.333
100.212
100.133
100.083
100.05
100.03
100.018
100.011
100.006
100.003
100.002
100.001
100.001
100
100
100
100
100
100
100
100
100
100
100
100
100
100
100
100
100
100
100
100
100
100
100
100
100
100
100
100
100
100
100
100
100
100
100
100
100
384.518
353.816
323.882
295.187
268.138
243.065
220.208
199.716
181.645
165.971
152.596
141.369
132.096
124.561
118.536
113.795
110.124
107.325
105.226
103.677
102.55
101.744
101.176
100.781
100.512
100.331
100.211
100.132
100.082
100.05
100.03
100.018
100.01
100.006
100.003
100.002
100.001
100.001
100
100
100
100
100
100
100
100
100
100
100
100
100
100
100
100
100
100
100
100
100
100
100
100
100
100
100
100
100
100
100
100
100
100
100
100
100
384.472
353.68
323.667
294.907
267.811
242.711
219.846
199.361
181.311
165.667
152.327
141.137
131.902
124.402
118.408
113.695
110.046
107.267
105.183
103.645
102.528
101.728
101.165
100.774
100.507
100.328
100.209
100.131
100.081
100.05
100.03
100.018
100.01
100.006
100.003
100.002
100.001
100.001
100
100
100
100
100
100
100
100
100
100
100
100
100
100
100
100
100
100
100
100
100
100
100
100
100
100
100
100
100
100
100
100
100
100
100
100
100
384.404
353.481
323.352
294.499
267.338
242.201
219.326
198.855
180.837
165.236
151.949
140.813
131.632
124.181
118.232
113.557
109.941
107.188
105.125
103.603
102.497
101.707
101.15
100.764
100.501
100.323
100.206
100.129
100.08
100.049
100.029
100.017
100.01
100.006
100.003
100.002
100.001
100.001
100
100
100
100
100
100
100
100
100
100
100
100
100
100
100
100
100
100
100
100
100
100
100
100
100
100
100
100
100
100
100
100
100
100
100
100
100
384.305
353.192
322.896
293.91
266.658
241.472
218.587
198.14
180.171
164.637
151.424
140.367
131.261
123.881
117.993
113.371
109.799
107.082
105.047
103.546
102.457
101.679
101.131
100.751
100.492
100.318
100.202
100.127
100.079
100.048
100.029
100.017
100.01
100.006
100.003
100.002
100.001
100.001
100
100
100
100
100
100
100
100
100
100
100
100
100
100
100
100
100
100
100
100
100
100
100
100
100
100
100
100
100
100
100
100
100
100
100
100
100
384.161
352.774
322.239
293.067
265.689
240.44
217.549
197.143
179.249
163.812
150.708
139.761
130.76
123.477
117.674
113.124
109.611
106.942
104.944
103.472
102.405
101.642
101.106
100.734
100.481
100.31
100.198
100.124
100.077
100.047
100.028
100.017
100.01
100.006
100.003
100.002
100.001
100.001
100
100
100
100
100
100
100
100
100
100
100
100
100
100
100
100
100
100
100
100
100
100
100
100
100
100
100
100
100
100
100
100
100
100
100
100
100
383.955
352.173
321.299
291.867
264.321
238.994
216.107
195.768
177.987
162.692
149.742
138.95
130.095
122.943
117.255
112.801
109.367
106.76
104.811
103.377
102.338
101.596
101.074
100.713
100.466
100.301
100.192
100.12
100.074
100.045
100.027
100.016
100.009
100.005
100.003
100.002
100.001
100.001
100
100
100
100
100
100
100
100
100
100
100
100
100
100
100
100
100
100
100
100
100
100
100
100
100
100
100
100
100
100
100
100
100
100
100
100
100
383.657
351.312
319.958
290.169
262.401
236.986
214.122
193.895
176.285
161.195
148.462
137.882
129.225
122.249
116.713
112.385
109.054
106.529
104.643
103.257
102.253
101.537
101.034
100.686
100.449
100.289
100.184
100.116
100.071
100.044
100.026
100.016
100.009
100.005
100.003
100.002
100.001
100
100
100
100
100
100
100
100
100
100
100
100
100
100
100
100
100
100
100
100
100
100
100
100
100
100
100
100
100
100
100
100
100
100
100
100
100
100
383.229
350.076
318.05
287.774
259.726
234.219
211.421
191.374
174.019
159.221
146.789
136.499
128.107
121.364
116.025
111.86
108.661
106.239
104.433
103.107
102.148
101.464
100.985
100.653
100.427
100.275
100.175
100.11
100.068
100.041
100.025
100.015
100.009
100.005
100.003
100.002
100.001
100
100
100
100
100
100
100
100
100
100
100
100
100
100
100
100
100
100
100
100
100
100
100
100
100
100
100
100
100
100
100
100
100
100
100
100
100
100
382.61
348.299
315.331
284.408
256.017
230.439
207.783
188.024
171.045
156.659
144.64
134.738
126.694
120.253
115.167
111.21
108.176
105.883
104.177
102.925
102.02
101.376
100.925
100.613
100.401
100.258
100.164
100.103
100.064
100.039
100.023
100.014
100.008
100.005
100.003
100.001
100.001
100
100
100
100
100
100
100
100
100
100
100
100
100
100
100
100
100
100
100
100
100
100
100
100
100
100
100
100
100
100
100
100
100
100
100
100
100
100
381.705
345.724
311.447
279.679
250.901
225.319
202.938
183.634
167.2
153.388
141.926
132.536
124.943
118.885
114.118
110.419
107.589
105.455
103.869
102.707
101.868
101.272
100.854
100.566
100.37
100.238
100.151
100.095
100.059
100.036
100.021
100.013
100.007
100.004
100.002
100.001
100.001
100
100
100
100
100
100
100
100
100
100
100
100
100
100
100
100
100
100
100
100
100
100
100
100
100
100
100
100
100
100
100
100
100
100
100
100
100
100
380.36
341.944
305.859
273.033
243.88
218.448
196.569
177.965
162.315
149.289
138.565
129.835
122.813
117.235
112.861
109.476
106.893
104.949
103.506
102.451
101.69
101.15
100.772
100.511
100.334
100.215
100.137
100.086
100.053
100.032
100.019
100.011
100.007
100.004
100.002
100.001
100.001
100
100
100
100
100
100
100
100
100
100
100
100
100
100
100
100
100
100
100
100
100
100
100
100
100
100
100
100
100
100
100
100
100
100
100
100
100
100
378.301
336.282
297.735
263.676
234.295
209.327
188.316
170.771
156.223
144.253
134.486
126.593
120.279
115.286
111.385
108.376
106.084
104.363
103.088
102.157
101.487
101.011
100.678
100.449
100.293
100.188
100.12
100.075
100.046
100.028
100.017
100.01
100.006
100.003
100.002
100.001
100.001
100
100
100
100
100
100
100
100
100
100
100
100
100
100
100
100
100
100
100
100
100
100
100
100
100
100
100
100
100
100
100
100
100
100
100
100
100
100
374.997
327.541
285.752
250.479
221.309
197.383
177.812
161.826
148.792
138.204
129.65
122.787
117.331
113.035
109.691
107.119
105.164
103.699
102.616
101.826
101.257
100.854
100.573
100.379
100.247
100.159
100.101
100.063
100.039
100.024
100.014
100.008
100.005
100.003
100.002
100.001
100
100
100
100
100
100
100
100
100
100
100
100
100
100
100
100
100
100
100
100
100
100
100
100
100
100
100
100
100
100
100
100
100
100
100
100
100
100
100
369.254
313.461
267.782
231.885
203.925
182.037
164.745
150.975
139.955
131.122
124.057
118.431
113.982
110.496
107.79
105.714
104.141
102.964
102.094
101.46
101.005
100.683
100.457
100.302
100.197
100.127
100.081
100.05
100.031
100.019
100.011
100.007
100.004
100.002
100.001
100.001
100
100
100
100
100
100
100
100
100
100
100
100
100
100
100
100
100
100
100
100
100
100
100
100
100
100
100
100
100
100
100
100
100
100
100
100
100
100
100
357.902
289.528
240.452
205.914
181.145
162.852
148.967
138.207
129.755
123.068
117.768
113.576
110.277
107.701
105.708
104.183
103.028
102.166
101.529
101.066
100.733
100.498
100.333
100.22
100.144
100.092
100.059
100.037
100.023
100.014
100.008
100.005
100.003
100.002
100.001
100.001
100
100
100
100
100
100
100
100
100
100
100
100
100
100
100
100
100
100
100
100
100
100
100
100
100
100
100
100
100
100
100
100
100
100
100
100
100
100
100
330.791
246.486
198.888
170.583
152.378
139.808
130.652
123.735
118.389
114.204
110.911
108.32
106.289
104.707
103.485
102.552
101.846
101.32
100.931
100.649
100.446
100.303
100.203
100.134
100.087
100.056
100.036
100.022
100.014
100.008
100.005
100.003
100.002
100.001
100.001
100
100
100
100
100
100
100
100
100
100
100
100
100
100
100
100
100
100
100
100
100
100
100
100
100
100
100
100
100
100
100
100
100
100
100
100
100
100
100
100
249.605
166.854
138.215
125.397
118.272
113.685
110.455
108.058
106.225
104.798
103.681
102.804
102.117
101.584
101.172
100.858
100.62
100.443
100.313
100.218
100.15
100.102
100.068
100.045
100.029
100.019
100.012
100.007
100.005
100.003
100.002
100.001
100.001
100
100
100
100
100
100
100
100
100
100
100
100
100
100
100
100
100
100
100
100
100
100
100
100
100
100
100
100
100
100
100
100
100
100
100
100
100
100
100
100
100
100
)
;

boundaryField
{
    upperwall
    {
        type            fixedValue;
        value           uniform 400;
    }
    rightwall
    {
        type            fixedValue;
        value           uniform 100;
    }
    leftwall
    {
        type            fixedValue;
        value           uniform 100;
    }
    bottomwall
    {
        type            fixedValue;
        value           uniform 100;
    }
    frontandback
    {
        type            empty;
    }
}


// ************************************************************************* //
