/*--------------------------------*- C++ -*----------------------------------*\
  =========                 |
  \\      /  F ield         | OpenFOAM: The Open Source CFD Toolbox
   \\    /   O peration     | Website:  https://openfoam.org
    \\  /    A nd           | Version:  10
     \\/     M anipulation  |
\*---------------------------------------------------------------------------*/
FoamFile
{
    format      ascii;
    class       volScalarField;
    location    "149";
    object      T;
}
// * * * * * * * * * * * * * * * * * * * * * * * * * * * * * * * * * * * * * //

dimensions      [0 0 0 1 0 0 0];

internalField   nonuniform List<scalar> 
11250
(
249.642
166.964
138.393
125.634
118.558
114.008
110.802
108.417
106.582
105.145
104.008
103.105
102.388
101.822
101.378
101.031
100.764
100.56
100.406
100.291
100.206
100.144
100.1
100.068
100.046
100.031
100.02
100.013
100.008
100.005
100.003
100.002
100.001
100.001
100
100
100
100
100
100
100
100
100
100
100
100
100
100
100
100
100
100
100
100
100
100
100
100
100
100
100
100
100
100
100
100
100
100
100
100
100
100
100
100
100
330.902
246.814
199.418
171.29
153.231
140.772
131.687
124.804
119.456
115.239
111.888
109.219
107.097
105.418
104.099
103.07
102.275
101.668
101.209
100.867
100.614
100.43
100.297
100.203
100.137
100.091
100.06
100.039
100.025
100.016
100.01
100.006
100.004
100.002
100.001
100.001
100
100
100
100
100
100
100
100
100
100
100
100
100
100
100
100
100
100
100
100
100
100
100
100
100
100
100
100
100
100
100
100
100
100
100
100
100
100
100
358.085
290.069
241.326
207.081
182.553
164.441
150.674
139.97
131.515
124.775
119.378
115.058
111.611
108.875
106.72
105.037
103.736
102.74
101.988
101.425
101.01
100.707
100.489
100.334
100.226
100.151
100.099
100.064
100.041
100.026
100.016
100.01
100.006
100.004
100.002
100.001
100.001
100
100
100
100
100
100
100
100
100
100
100
100
100
100
100
100
100
100
100
100
100
100
100
100
100
100
100
100
100
100
100
100
100
100
100
100
100
100
369.507
314.207
268.987
233.493
205.866
184.227
167.099
153.406
142.382
133.475
126.277
120.474
115.821
112.113
109.184
106.892
105.116
103.756
102.726
101.956
101.387
100.971
100.672
100.46
100.31
100.207
100.136
100.089
100.057
100.036
100.023
100.014
100.009
100.005
100.003
100.002
100.001
100.001
100
100
100
100
100
100
100
100
100
100
100
100
100
100
100
100
100
100
100
100
100
100
100
100
100
100
100
100
100
100
100
100
100
100
100
100
100
375.315
328.481
287.269
252.505
223.753
200.142
180.778
164.888
151.85
141.168
132.446
125.362
119.647
115.073
111.447
108.602
106.393
104.698
103.413
102.45
101.738
101.218
100.843
100.577
100.39
100.26
100.171
100.111
100.072
100.045
100.028
100.018
100.011
100.006
100.004
100.002
100.001
100.001
100
100
100
100
100
100
100
100
100
100
100
100
100
100
100
100
100
100
100
100
100
100
100
100
100
100
100
100
100
100
100
100
100
100
100
100
100
378.681
337.403
299.544
266.09
237.209
212.616
191.851
174.421
159.868
147.786
137.82
129.662
123.04
117.716
113.479
110.144
107.549
105.554
104.038
102.901
102.06
101.444
101.001
100.685
100.463
100.309
100.204
100.132
100.085
100.054
100.034
100.021
100.013
100.008
100.005
100.003
100.002
100.001
100
100
100
100
100
100
100
100
100
100
100
100
100
100
100
100
100
100
100
100
100
100
100
100
100
100
100
100
100
100
100
100
100
100
100
100
100
380.795
343.23
307.935
275.804
247.224
222.224
200.626
182.154
166.498
153.343
142.391
133.357
125.982
120.024
115.264
111.506
108.574
106.315
104.596
103.305
102.348
101.648
101.142
100.782
100.529
100.353
100.233
100.152
100.097
100.062
100.039
100.024
100.015
100.009
100.005
100.003
100.002
100.001
100.001
100
100
100
100
100
100
100
100
100
100
100
100
100
100
100
100
100
100
100
100
100
100
100
100
100
100
100
100
100
100
100
100
100
100
100
100
382.191
347.159
313.764
282.772
254.633
229.533
207.466
188.309
171.869
157.914
146.196
136.467
128.479
121.997
116.8
112.684
109.465
106.98
105.086
103.661
102.603
101.828
101.268
100.868
100.587
100.392
100.259
100.169
100.108
100.069
100.043
100.027
100.016
100.01
100.006
100.003
100.002
100.001
100.001
100
100
100
100
100
100
100
100
100
100
100
100
100
100
100
100
100
100
100
100
100
100
100
100
100
100
100
100
100
100
100
100
100
100
100
100
383.141
349.867
317.863
287.787
260.094
235.042
212.729
193.132
176.145
161.602
149.305
139.033
130.558
123.653
118.097
113.685
110.226
107.55
105.506
103.967
102.823
101.984
101.377
100.944
100.639
100.427
100.282
100.183
100.118
100.075
100.047
100.029
100.018
100.011
100.006
100.004
100.002
100.001
100.001
100
100
100
100
100
100
100
100
100
100
100
100
100
100
100
100
100
100
100
100
100
100
100
100
100
100
100
100
100
100
100
100
100
100
100
100
383.799
351.76
320.768
291.404
264.105
239.162
216.733
196.86
179.497
164.53
151.8
141.112
132.257
125.016
119.172
114.519
110.863
108.029
105.861
104.226
103.01
102.117
101.47
101.008
100.682
100.456
100.301
100.196
100.126
100.08
100.05
100.031
100.019
100.012
100.007
100.004
100.002
100.001
100.001
100
100
100
100
100
100
100
100
100
100
100
100
100
100
100
100
100
100
100
100
100
100
100
100
100
100
100
100
100
100
100
100
100
100
100
100
384.261
353.096
322.838
294.013
267.04
242.223
219.75
199.706
182.088
166.82
153.77
142.769
133.622
126.118
120.047
115.201
111.387
108.425
106.156
104.442
103.166
102.228
101.548
101.062
100.719
100.481
100.318
100.207
100.133
100.085
100.053
100.033
100.02
100.012
100.007
100.004
100.002
100.001
100.001
100
100
100
100
100
100
100
100
100
100
100
100
100
100
100
100
100
100
100
100
100
100
100
100
100
100
100
100
100
100
100
100
100
100
100
100
384.587
354.042
324.316
295.894
269.18
244.48
222.002
201.855
184.066
168.584
155.303
144.069
134.7
126.996
120.747
115.751
111.81
108.746
106.396
104.619
103.294
102.319
101.613
101.107
100.75
100.502
100.332
100.216
100.139
100.089
100.056
100.034
100.021
100.013
100.008
100.004
100.003
100.001
100.001
100
100
100
100
100
100
100
100
100
100
100
100
100
100
100
100
100
100
100
100
100
100
100
100
100
100
100
100
100
100
100
100
100
100
100
100
384.818
354.713
325.37
297.246
270.732
246.133
223.667
203.461
185.557
169.927
156.479
145.074
135.54
127.683
121.299
116.186
112.148
109.003
106.589
104.762
103.398
102.394
101.665
101.143
100.775
100.519
100.343
100.224
100.144
100.092
100.058
100.036
100.022
100.013
100.008
100.005
100.003
100.002
100.001
100
100
100
100
100
100
100
100
100
100
100
100
100
100
100
100
100
100
100
100
100
100
100
100
100
100
100
100
100
100
100
100
100
100
100
100
384.981
355.189
326.12
298.215
271.852
247.335
224.888
204.647
186.668
170.935
157.368
145.839
136.184
128.213
121.727
116.525
112.412
109.205
106.741
104.874
103.48
102.453
101.707
101.173
100.795
100.533
100.352
100.23
100.148
100.094
100.059
100.037
100.022
100.014
100.008
100.005
100.003
100.002
100.001
100
100
100
100
100
100
100
100
100
100
100
100
100
100
100
100
100
100
100
100
100
100
100
100
100
100
100
100
100
100
100
100
100
100
100
100
385.096
355.525
326.652
298.905
272.654
248.203
225.775
205.515
187.487
171.683
158.033
146.415
136.67
128.616
122.054
116.785
112.615
109.362
106.86
104.962
103.544
102.499
101.74
101.196
100.811
100.543
100.359
100.235
100.151
100.096
100.06
100.037
100.023
100.014
100.008
100.005
100.003
100.002
100.001
100.001
100
100
100
100
100
100
100
100
100
100
100
100
100
100
100
100
100
100
100
100
100
100
100
100
100
100
100
100
100
100
100
100
100
100
100
385.177
355.761
327.028
299.393
273.225
248.823
226.414
206.144
188.084
172.232
158.523
146.841
137.033
128.918
122.3
116.982
112.77
109.481
106.95
105.03
103.594
102.535
101.765
101.213
100.823
100.552
100.365
100.238
100.154
100.098
100.061
100.038
100.023
100.014
100.008
100.005
100.003
100.002
100.001
100.001
100
100
100
100
100
100
100
100
100
100
100
100
100
100
100
100
100
100
100
100
100
100
100
100
100
100
100
100
100
100
100
100
100
100
100
385.233
355.927
327.291
299.737
273.628
249.263
226.869
206.595
188.514
172.629
158.879
147.154
137.3
129.141
122.483
117.129
112.885
109.571
107.018
105.081
103.631
102.562
101.785
101.227
100.833
100.558
100.369
100.241
100.155
100.099
100.062
100.039
100.024
100.014
100.009
100.005
100.003
100.002
100.001
100.001
100
100
100
100
100
100
100
100
100
100
100
100
100
100
100
100
100
100
100
100
100
100
100
100
100
100
100
100
100
100
100
100
100
100
100
385.272
356.042
327.474
299.977
273.91
249.572
227.19
206.914
188.82
172.913
159.136
147.379
137.494
129.304
122.617
117.237
112.971
109.637
107.069
105.119
103.659
102.582
101.799
101.237
100.84
100.563
100.372
100.243
100.157
100.1
100.063
100.039
100.024
100.014
100.009
100.005
100.003
100.002
100.001
100.001
100
100
100
100
100
100
100
100
100
100
100
100
100
100
100
100
100
100
100
100
100
100
100
100
100
100
100
100
100
100
100
100
100
100
100
385.299
356.121
327.6
300.143
274.106
249.788
227.415
207.138
189.036
173.115
159.319
147.54
137.633
129.421
122.714
117.315
113.033
109.685
107.106
105.147
103.68
102.597
101.81
101.245
100.845
100.567
100.375
100.245
100.158
100.101
100.063
100.039
100.024
100.015
100.009
100.005
100.003
100.002
100.001
100.001
100
100
100
100
100
100
100
100
100
100
100
100
100
100
100
100
100
100
100
100
100
100
100
100
100
100
100
100
100
100
100
100
100
100
100
385.318
356.175
327.687
300.256
274.241
249.936
227.57
207.294
189.186
173.255
159.447
147.654
137.731
129.504
122.782
117.371
113.077
109.72
107.132
105.167
103.695
102.608
101.818
101.25
100.849
100.569
100.377
100.246
100.159
100.101
100.063
100.039
100.024
100.015
100.009
100.005
100.003
100.002
100.001
100.001
100
100
100
100
100
100
100
100
100
100
100
100
100
100
100
100
100
100
100
100
100
100
100
100
100
100
100
100
100
100
100
100
100
100
100
385.33
356.212
327.746
300.334
274.333
250.038
227.676
207.401
189.29
173.353
159.535
147.733
137.8
129.562
122.831
117.41
113.109
109.744
107.151
105.181
103.705
102.616
101.823
101.254
100.852
100.571
100.378
100.247
100.159
100.101
100.064
100.04
100.024
100.015
100.009
100.005
100.003
100.002
100.001
100.001
100
100
100
100
100
100
100
100
100
100
100
100
100
100
100
100
100
100
100
100
100
100
100
100
100
100
100
100
100
100
100
100
100
100
100
385.339
356.236
327.785
300.386
274.394
250.106
227.748
207.474
189.361
173.419
159.596
147.787
137.847
129.602
122.864
117.438
113.131
109.762
107.165
105.191
103.713
102.622
101.827
101.257
100.854
100.573
100.379
100.248
100.16
100.102
100.064
100.04
100.024
100.015
100.009
100.005
100.003
100.002
100.001
100.001
100
100
100
100
100
100
100
100
100
100
100
100
100
100
100
100
100
100
100
100
100
100
100
100
100
100
100
100
100
100
100
100
100
100
100
385.344
356.253
327.811
300.421
274.436
250.152
227.797
207.522
189.408
173.464
159.638
147.824
137.879
129.63
122.887
117.456
113.146
109.774
107.174
105.198
103.718
102.625
101.83
101.259
100.855
100.573
100.38
100.248
100.16
100.102
100.064
100.04
100.024
100.015
100.009
100.005
100.003
100.002
100.001
100.001
100
100
100
100
100
100
100
100
100
100
100
100
100
100
100
100
100
100
100
100
100
100
100
100
100
100
100
100
100
100
100
100
100
100
100
385.348
356.264
327.829
300.443
274.463
250.183
227.829
207.555
189.44
173.494
159.665
147.849
137.901
129.648
122.903
117.469
113.156
109.782
107.18
105.203
103.722
102.628
101.832
101.261
100.856
100.574
100.38
100.248
100.16
100.102
100.064
100.04
100.024
100.015
100.009
100.005
100.003
100.002
100.001
100.001
100
100
100
100
100
100
100
100
100
100
100
100
100
100
100
100
100
100
100
100
100
100
100
100
100
100
100
100
100
100
100
100
100
100
100
385.35
356.271
327.84
300.458
274.481
250.202
227.85
207.576
189.461
173.514
159.683
147.865
137.915
129.661
122.913
117.478
113.163
109.787
107.184
105.206
103.724
102.63
101.833
101.262
100.857
100.575
100.38
100.249
100.16
100.102
100.064
100.04
100.024
100.015
100.009
100.005
100.003
100.002
100.001
100.001
100
100
100
100
100
100
100
100
100
100
100
100
100
100
100
100
100
100
100
100
100
100
100
100
100
100
100
100
100
100
100
100
100
100
100
385.352
356.275
327.847
300.468
274.492
250.215
227.863
207.59
189.474
173.527
159.695
147.876
137.924
129.669
122.92
117.483
113.167
109.791
107.187
105.208
103.726
102.631
101.834
101.262
100.857
100.575
100.381
100.249
100.16
100.102
100.064
100.04
100.024
100.015
100.009
100.005
100.003
100.002
100.001
100.001
100
100
100
100
100
100
100
100
100
100
100
100
100
100
100
100
100
100
100
100
100
100
100
100
100
100
100
100
100
100
100
100
100
100
100
385.353
356.278
327.852
300.474
274.5
250.223
227.872
207.599
189.483
173.535
159.703
147.883
137.931
129.674
122.924
117.487
113.17
109.793
107.189
105.21
103.727
102.632
101.835
101.263
100.858
100.575
100.381
100.249
100.16
100.102
100.064
100.04
100.024
100.015
100.009
100.005
100.003
100.002
100.001
100.001
100
100
100
100
100
100
100
100
100
100
100
100
100
100
100
100
100
100
100
100
100
100
100
100
100
100
100
100
100
100
100
100
100
100
100
385.354
356.28
327.855
300.478
274.504
250.229
227.878
207.604
189.489
173.54
159.708
147.887
137.934
129.677
122.927
117.489
113.172
109.795
107.19
105.211
103.728
102.632
101.835
101.263
100.858
100.575
100.381
100.249
100.16
100.102
100.064
100.04
100.024
100.015
100.009
100.005
100.003
100.002
100.001
100.001
100
100
100
100
100
100
100
100
100
100
100
100
100
100
100
100
100
100
100
100
100
100
100
100
100
100
100
100
100
100
100
100
100
100
100
385.354
356.281
327.857
300.481
274.507
250.232
227.881
207.608
189.492
173.544
159.711
147.89
137.937
129.679
122.929
117.491
113.173
109.795
107.191
105.211
103.728
102.633
101.835
101.263
100.858
100.575
100.381
100.249
100.161
100.102
100.064
100.04
100.024
100.015
100.009
100.005
100.003
100.002
100.001
100.001
100
100
100
100
100
100
100
100
100
100
100
100
100
100
100
100
100
100
100
100
100
100
100
100
100
100
100
100
100
100
100
100
100
100
100
385.354
356.282
327.858
300.482
274.509
250.234
227.883
207.61
189.494
173.546
159.713
147.892
137.938
129.681
122.93
117.492
113.174
109.796
107.191
105.211
103.728
102.633
101.835
101.263
100.858
100.575
100.381
100.249
100.161
100.102
100.064
100.04
100.024
100.015
100.009
100.005
100.003
100.002
100.001
100.001
100
100
100
100
100
100
100
100
100
100
100
100
100
100
100
100
100
100
100
100
100
100
100
100
100
100
100
100
100
100
100
100
100
100
100
385.354
356.282
327.858
300.483
274.51
250.235
227.885
207.611
189.496
173.547
159.714
147.893
137.939
129.682
122.931
117.492
113.175
109.796
107.192
105.212
103.728
102.633
101.836
101.263
100.858
100.575
100.381
100.249
100.161
100.102
100.064
100.04
100.024
100.015
100.009
100.005
100.003
100.002
100.001
100.001
100
100
100
100
100
100
100
100
100
100
100
100
100
100
100
100
100
100
100
100
100
100
100
100
100
100
100
100
100
100
100
100
100
100
100
385.354
356.283
327.859
300.484
274.511
250.236
227.885
207.612
189.496
173.548
159.715
147.893
137.94
129.682
122.931
117.493
113.175
109.797
107.192
105.212
103.729
102.633
101.836
101.263
100.858
100.575
100.381
100.249
100.161
100.102
100.064
100.04
100.024
100.015
100.009
100.005
100.003
100.002
100.001
100.001
100
100
100
100
100
100
100
100
100
100
100
100
100
100
100
100
100
100
100
100
100
100
100
100
100
100
100
100
100
100
100
100
100
100
100
385.354
356.283
327.859
300.484
274.511
250.236
227.886
207.613
189.497
173.548
159.715
147.894
137.94
129.682
122.931
117.493
113.175
109.797
107.192
105.212
103.729
102.633
101.836
101.263
100.858
100.575
100.381
100.249
100.161
100.102
100.064
100.04
100.024
100.015
100.009
100.005
100.003
100.002
100.001
100.001
100
100
100
100
100
100
100
100
100
100
100
100
100
100
100
100
100
100
100
100
100
100
100
100
100
100
100
100
100
100
100
100
100
100
100
385.354
356.283
327.859
300.484
274.512
250.237
227.886
207.613
189.497
173.548
159.715
147.894
137.941
129.683
122.932
117.493
113.175
109.797
107.192
105.212
103.729
102.633
101.836
101.263
100.858
100.575
100.381
100.249
100.161
100.102
100.064
100.04
100.024
100.015
100.009
100.005
100.003
100.002
100.001
100.001
100
100
100
100
100
100
100
100
100
100
100
100
100
100
100
100
100
100
100
100
100
100
100
100
100
100
100
100
100
100
100
100
100
100
100
385.354
356.283
327.859
300.484
274.512
250.237
227.886
207.613
189.497
173.549
159.716
147.894
137.941
129.683
122.932
117.493
113.175
109.797
107.192
105.212
103.729
102.633
101.836
101.263
100.858
100.575
100.381
100.249
100.161
100.102
100.064
100.04
100.024
100.015
100.009
100.005
100.003
100.002
100.001
100.001
100
100
100
100
100
100
100
100
100
100
100
100
100
100
100
100
100
100
100
100
100
100
100
100
100
100
100
100
100
100
100
100
100
100
100
385.354
356.283
327.859
300.484
274.512
250.237
227.886
207.613
189.497
173.549
159.716
147.894
137.941
129.683
122.932
117.493
113.175
109.797
107.192
105.212
103.729
102.633
101.836
101.263
100.858
100.575
100.381
100.249
100.161
100.102
100.064
100.04
100.024
100.015
100.009
100.005
100.003
100.002
100.001
100.001
100
100
100
100
100
100
100
100
100
100
100
100
100
100
100
100
100
100
100
100
100
100
100
100
100
100
100
100
100
100
100
100
100
100
100
385.354
356.283
327.859
300.484
274.512
250.237
227.886
207.613
189.497
173.549
159.716
147.894
137.941
129.683
122.932
117.493
113.175
109.797
107.192
105.212
103.729
102.633
101.836
101.263
100.858
100.575
100.381
100.249
100.161
100.102
100.064
100.04
100.024
100.015
100.009
100.005
100.003
100.002
100.001
100.001
100
100
100
100
100
100
100
100
100
100
100
100
100
100
100
100
100
100
100
100
100
100
100
100
100
100
100
100
100
100
100
100
100
100
100
385.354
356.283
327.859
300.484
274.512
250.237
227.886
207.613
189.497
173.549
159.716
147.894
137.941
129.683
122.932
117.493
113.175
109.797
107.192
105.212
103.729
102.633
101.836
101.263
100.858
100.575
100.381
100.249
100.161
100.102
100.064
100.04
100.024
100.015
100.009
100.005
100.003
100.002
100.001
100.001
100
100
100
100
100
100
100
100
100
100
100
100
100
100
100
100
100
100
100
100
100
100
100
100
100
100
100
100
100
100
100
100
100
100
100
385.354
356.283
327.859
300.484
274.512
250.237
227.886
207.613
189.497
173.549
159.716
147.894
137.941
129.683
122.932
117.493
113.175
109.797
107.192
105.212
103.729
102.633
101.836
101.263
100.858
100.575
100.381
100.249
100.161
100.102
100.064
100.04
100.024
100.015
100.009
100.005
100.003
100.002
100.001
100.001
100
100
100
100
100
100
100
100
100
100
100
100
100
100
100
100
100
100
100
100
100
100
100
100
100
100
100
100
100
100
100
100
100
100
100
385.354
356.283
327.859
300.484
274.512
250.237
227.886
207.613
189.497
173.549
159.716
147.894
137.941
129.683
122.932
117.493
113.175
109.797
107.192
105.212
103.729
102.633
101.836
101.263
100.858
100.575
100.381
100.249
100.161
100.102
100.064
100.04
100.024
100.015
100.009
100.005
100.003
100.002
100.001
100.001
100
100
100
100
100
100
100
100
100
100
100
100
100
100
100
100
100
100
100
100
100
100
100
100
100
100
100
100
100
100
100
100
100
100
100
385.354
356.283
327.859
300.484
274.512
250.237
227.886
207.613
189.497
173.549
159.716
147.894
137.941
129.683
122.932
117.493
113.175
109.797
107.192
105.212
103.729
102.633
101.836
101.263
100.858
100.575
100.381
100.249
100.161
100.102
100.064
100.04
100.024
100.015
100.009
100.005
100.003
100.002
100.001
100.001
100
100
100
100
100
100
100
100
100
100
100
100
100
100
100
100
100
100
100
100
100
100
100
100
100
100
100
100
100
100
100
100
100
100
100
385.354
356.283
327.859
300.484
274.512
250.237
227.886
207.613
189.497
173.549
159.716
147.894
137.941
129.683
122.932
117.493
113.175
109.797
107.192
105.212
103.729
102.633
101.836
101.263
100.858
100.575
100.381
100.249
100.161
100.102
100.064
100.04
100.024
100.015
100.009
100.005
100.003
100.002
100.001
100.001
100
100
100
100
100
100
100
100
100
100
100
100
100
100
100
100
100
100
100
100
100
100
100
100
100
100
100
100
100
100
100
100
100
100
100
385.354
356.283
327.859
300.484
274.512
250.237
227.886
207.613
189.497
173.549
159.716
147.894
137.941
129.683
122.932
117.493
113.175
109.797
107.192
105.212
103.729
102.633
101.836
101.263
100.858
100.575
100.381
100.249
100.161
100.102
100.064
100.04
100.024
100.015
100.009
100.005
100.003
100.002
100.001
100.001
100
100
100
100
100
100
100
100
100
100
100
100
100
100
100
100
100
100
100
100
100
100
100
100
100
100
100
100
100
100
100
100
100
100
100
385.354
356.283
327.859
300.484
274.512
250.237
227.886
207.613
189.497
173.549
159.716
147.894
137.941
129.683
122.932
117.493
113.175
109.797
107.192
105.212
103.729
102.633
101.836
101.263
100.858
100.575
100.381
100.249
100.161
100.102
100.064
100.04
100.024
100.015
100.009
100.005
100.003
100.002
100.001
100.001
100
100
100
100
100
100
100
100
100
100
100
100
100
100
100
100
100
100
100
100
100
100
100
100
100
100
100
100
100
100
100
100
100
100
100
385.354
356.283
327.859
300.484
274.512
250.237
227.886
207.613
189.497
173.549
159.716
147.894
137.941
129.683
122.932
117.493
113.175
109.797
107.192
105.212
103.729
102.633
101.836
101.263
100.858
100.575
100.381
100.249
100.161
100.102
100.064
100.04
100.024
100.015
100.009
100.005
100.003
100.002
100.001
100.001
100
100
100
100
100
100
100
100
100
100
100
100
100
100
100
100
100
100
100
100
100
100
100
100
100
100
100
100
100
100
100
100
100
100
100
385.354
356.283
327.859
300.484
274.512
250.237
227.886
207.613
189.497
173.549
159.716
147.894
137.941
129.683
122.932
117.493
113.175
109.797
107.192
105.212
103.729
102.633
101.836
101.263
100.858
100.575
100.381
100.249
100.161
100.102
100.064
100.04
100.024
100.015
100.009
100.005
100.003
100.002
100.001
100.001
100
100
100
100
100
100
100
100
100
100
100
100
100
100
100
100
100
100
100
100
100
100
100
100
100
100
100
100
100
100
100
100
100
100
100
385.354
356.283
327.859
300.484
274.512
250.237
227.886
207.613
189.497
173.549
159.716
147.894
137.941
129.683
122.932
117.493
113.175
109.797
107.192
105.212
103.729
102.633
101.836
101.263
100.858
100.575
100.381
100.249
100.161
100.102
100.064
100.04
100.024
100.015
100.009
100.005
100.003
100.002
100.001
100.001
100
100
100
100
100
100
100
100
100
100
100
100
100
100
100
100
100
100
100
100
100
100
100
100
100
100
100
100
100
100
100
100
100
100
100
385.354
356.283
327.859
300.484
274.512
250.237
227.886
207.613
189.497
173.549
159.716
147.894
137.941
129.683
122.932
117.493
113.175
109.797
107.192
105.212
103.729
102.633
101.836
101.263
100.858
100.575
100.381
100.249
100.161
100.102
100.064
100.04
100.024
100.015
100.009
100.005
100.003
100.002
100.001
100.001
100
100
100
100
100
100
100
100
100
100
100
100
100
100
100
100
100
100
100
100
100
100
100
100
100
100
100
100
100
100
100
100
100
100
100
385.354
356.283
327.859
300.484
274.512
250.237
227.886
207.613
189.497
173.549
159.716
147.894
137.941
129.683
122.932
117.493
113.175
109.797
107.192
105.212
103.729
102.633
101.836
101.263
100.858
100.575
100.381
100.249
100.161
100.102
100.064
100.04
100.024
100.015
100.009
100.005
100.003
100.002
100.001
100.001
100
100
100
100
100
100
100
100
100
100
100
100
100
100
100
100
100
100
100
100
100
100
100
100
100
100
100
100
100
100
100
100
100
100
100
385.354
356.283
327.859
300.484
274.512
250.237
227.886
207.613
189.497
173.549
159.716
147.894
137.941
129.683
122.932
117.493
113.175
109.797
107.192
105.212
103.729
102.633
101.836
101.263
100.858
100.575
100.381
100.249
100.161
100.102
100.064
100.04
100.024
100.015
100.009
100.005
100.003
100.002
100.001
100.001
100
100
100
100
100
100
100
100
100
100
100
100
100
100
100
100
100
100
100
100
100
100
100
100
100
100
100
100
100
100
100
100
100
100
100
385.354
356.283
327.859
300.484
274.512
250.237
227.886
207.613
189.497
173.549
159.716
147.894
137.941
129.683
122.932
117.493
113.175
109.797
107.192
105.212
103.729
102.633
101.836
101.263
100.858
100.575
100.381
100.249
100.161
100.102
100.064
100.04
100.024
100.015
100.009
100.005
100.003
100.002
100.001
100.001
100
100
100
100
100
100
100
100
100
100
100
100
100
100
100
100
100
100
100
100
100
100
100
100
100
100
100
100
100
100
100
100
100
100
100
385.354
356.283
327.859
300.484
274.512
250.237
227.886
207.613
189.497
173.549
159.716
147.894
137.941
129.683
122.932
117.493
113.175
109.797
107.192
105.212
103.729
102.633
101.836
101.263
100.858
100.575
100.381
100.249
100.161
100.102
100.064
100.04
100.024
100.015
100.009
100.005
100.003
100.002
100.001
100.001
100
100
100
100
100
100
100
100
100
100
100
100
100
100
100
100
100
100
100
100
100
100
100
100
100
100
100
100
100
100
100
100
100
100
100
385.354
356.283
327.859
300.484
274.512
250.237
227.886
207.613
189.497
173.549
159.716
147.894
137.941
129.683
122.932
117.493
113.175
109.797
107.192
105.212
103.729
102.633
101.836
101.263
100.858
100.575
100.381
100.249
100.161
100.102
100.064
100.04
100.024
100.015
100.009
100.005
100.003
100.002
100.001
100.001
100
100
100
100
100
100
100
100
100
100
100
100
100
100
100
100
100
100
100
100
100
100
100
100
100
100
100
100
100
100
100
100
100
100
100
385.354
356.283
327.859
300.484
274.512
250.237
227.886
207.613
189.497
173.549
159.716
147.894
137.941
129.683
122.932
117.493
113.175
109.797
107.192
105.212
103.729
102.633
101.836
101.263
100.858
100.575
100.381
100.249
100.161
100.102
100.064
100.04
100.024
100.015
100.009
100.005
100.003
100.002
100.001
100.001
100
100
100
100
100
100
100
100
100
100
100
100
100
100
100
100
100
100
100
100
100
100
100
100
100
100
100
100
100
100
100
100
100
100
100
385.354
356.283
327.859
300.484
274.512
250.237
227.886
207.613
189.497
173.549
159.716
147.894
137.941
129.683
122.932
117.493
113.175
109.797
107.192
105.212
103.729
102.633
101.836
101.263
100.858
100.575
100.381
100.249
100.161
100.102
100.064
100.04
100.024
100.015
100.009
100.005
100.003
100.002
100.001
100.001
100
100
100
100
100
100
100
100
100
100
100
100
100
100
100
100
100
100
100
100
100
100
100
100
100
100
100
100
100
100
100
100
100
100
100
385.354
356.283
327.859
300.484
274.512
250.237
227.886
207.613
189.497
173.549
159.716
147.894
137.941
129.683
122.932
117.493
113.175
109.797
107.192
105.212
103.729
102.633
101.836
101.263
100.858
100.575
100.381
100.249
100.161
100.102
100.064
100.04
100.024
100.015
100.009
100.005
100.003
100.002
100.001
100.001
100
100
100
100
100
100
100
100
100
100
100
100
100
100
100
100
100
100
100
100
100
100
100
100
100
100
100
100
100
100
100
100
100
100
100
385.354
356.283
327.859
300.484
274.512
250.237
227.886
207.613
189.497
173.549
159.716
147.894
137.941
129.683
122.932
117.493
113.175
109.797
107.192
105.212
103.729
102.633
101.836
101.263
100.858
100.575
100.381
100.249
100.161
100.102
100.064
100.04
100.024
100.015
100.009
100.005
100.003
100.002
100.001
100.001
100
100
100
100
100
100
100
100
100
100
100
100
100
100
100
100
100
100
100
100
100
100
100
100
100
100
100
100
100
100
100
100
100
100
100
385.354
356.283
327.859
300.484
274.512
250.237
227.886
207.613
189.497
173.549
159.716
147.894
137.941
129.683
122.932
117.493
113.175
109.797
107.192
105.212
103.729
102.633
101.836
101.263
100.858
100.575
100.381
100.249
100.161
100.102
100.064
100.04
100.024
100.015
100.009
100.005
100.003
100.002
100.001
100.001
100
100
100
100
100
100
100
100
100
100
100
100
100
100
100
100
100
100
100
100
100
100
100
100
100
100
100
100
100
100
100
100
100
100
100
385.354
356.283
327.859
300.484
274.512
250.237
227.886
207.613
189.497
173.549
159.716
147.894
137.941
129.683
122.932
117.493
113.175
109.797
107.192
105.212
103.729
102.633
101.836
101.263
100.858
100.575
100.381
100.249
100.161
100.102
100.064
100.04
100.024
100.015
100.009
100.005
100.003
100.002
100.001
100.001
100
100
100
100
100
100
100
100
100
100
100
100
100
100
100
100
100
100
100
100
100
100
100
100
100
100
100
100
100
100
100
100
100
100
100
385.354
356.283
327.859
300.484
274.512
250.237
227.886
207.613
189.497
173.549
159.716
147.894
137.941
129.683
122.932
117.493
113.175
109.797
107.192
105.212
103.729
102.633
101.836
101.263
100.858
100.575
100.381
100.249
100.161
100.102
100.064
100.04
100.024
100.015
100.009
100.005
100.003
100.002
100.001
100.001
100
100
100
100
100
100
100
100
100
100
100
100
100
100
100
100
100
100
100
100
100
100
100
100
100
100
100
100
100
100
100
100
100
100
100
385.354
356.283
327.859
300.484
274.512
250.237
227.886
207.613
189.497
173.549
159.716
147.894
137.941
129.683
122.932
117.493
113.175
109.797
107.192
105.212
103.729
102.633
101.836
101.263
100.858
100.575
100.381
100.249
100.161
100.102
100.064
100.04
100.024
100.015
100.009
100.005
100.003
100.002
100.001
100.001
100
100
100
100
100
100
100
100
100
100
100
100
100
100
100
100
100
100
100
100
100
100
100
100
100
100
100
100
100
100
100
100
100
100
100
385.354
356.283
327.859
300.484
274.512
250.237
227.886
207.613
189.497
173.549
159.716
147.894
137.941
129.683
122.932
117.493
113.175
109.797
107.192
105.212
103.729
102.633
101.836
101.263
100.858
100.575
100.381
100.249
100.161
100.102
100.064
100.04
100.024
100.015
100.009
100.005
100.003
100.002
100.001
100.001
100
100
100
100
100
100
100
100
100
100
100
100
100
100
100
100
100
100
100
100
100
100
100
100
100
100
100
100
100
100
100
100
100
100
100
385.354
356.283
327.859
300.484
274.512
250.237
227.886
207.613
189.497
173.549
159.716
147.894
137.941
129.683
122.932
117.493
113.175
109.797
107.192
105.212
103.729
102.633
101.836
101.263
100.858
100.575
100.381
100.249
100.161
100.102
100.064
100.04
100.024
100.015
100.009
100.005
100.003
100.002
100.001
100.001
100
100
100
100
100
100
100
100
100
100
100
100
100
100
100
100
100
100
100
100
100
100
100
100
100
100
100
100
100
100
100
100
100
100
100
385.354
356.283
327.859
300.484
274.512
250.237
227.886
207.613
189.497
173.549
159.716
147.894
137.941
129.683
122.932
117.493
113.175
109.797
107.192
105.212
103.729
102.633
101.836
101.263
100.858
100.575
100.381
100.249
100.161
100.102
100.064
100.04
100.024
100.015
100.009
100.005
100.003
100.002
100.001
100.001
100
100
100
100
100
100
100
100
100
100
100
100
100
100
100
100
100
100
100
100
100
100
100
100
100
100
100
100
100
100
100
100
100
100
100
385.354
356.283
327.859
300.484
274.512
250.237
227.886
207.613
189.497
173.549
159.716
147.894
137.941
129.683
122.932
117.493
113.175
109.797
107.192
105.212
103.729
102.633
101.836
101.263
100.858
100.575
100.381
100.249
100.161
100.102
100.064
100.04
100.024
100.015
100.009
100.005
100.003
100.002
100.001
100.001
100
100
100
100
100
100
100
100
100
100
100
100
100
100
100
100
100
100
100
100
100
100
100
100
100
100
100
100
100
100
100
100
100
100
100
385.354
356.283
327.859
300.484
274.512
250.237
227.886
207.613
189.497
173.549
159.716
147.894
137.941
129.683
122.932
117.493
113.175
109.797
107.192
105.212
103.729
102.633
101.836
101.263
100.858
100.575
100.381
100.249
100.161
100.102
100.064
100.04
100.024
100.015
100.009
100.005
100.003
100.002
100.001
100.001
100
100
100
100
100
100
100
100
100
100
100
100
100
100
100
100
100
100
100
100
100
100
100
100
100
100
100
100
100
100
100
100
100
100
100
385.354
356.283
327.859
300.484
274.512
250.237
227.886
207.613
189.497
173.549
159.716
147.894
137.941
129.683
122.932
117.493
113.175
109.797
107.192
105.212
103.729
102.633
101.836
101.263
100.858
100.575
100.381
100.249
100.161
100.102
100.064
100.04
100.024
100.015
100.009
100.005
100.003
100.002
100.001
100.001
100
100
100
100
100
100
100
100
100
100
100
100
100
100
100
100
100
100
100
100
100
100
100
100
100
100
100
100
100
100
100
100
100
100
100
385.354
356.283
327.859
300.484
274.512
250.237
227.886
207.613
189.497
173.549
159.716
147.894
137.941
129.683
122.932
117.493
113.175
109.797
107.192
105.212
103.729
102.633
101.836
101.263
100.858
100.575
100.381
100.249
100.161
100.102
100.064
100.04
100.024
100.015
100.009
100.005
100.003
100.002
100.001
100.001
100
100
100
100
100
100
100
100
100
100
100
100
100
100
100
100
100
100
100
100
100
100
100
100
100
100
100
100
100
100
100
100
100
100
100
385.354
356.283
327.859
300.484
274.512
250.237
227.886
207.613
189.497
173.549
159.716
147.894
137.941
129.683
122.932
117.493
113.175
109.797
107.192
105.212
103.729
102.633
101.836
101.263
100.858
100.575
100.381
100.249
100.161
100.102
100.064
100.04
100.024
100.015
100.009
100.005
100.003
100.002
100.001
100.001
100
100
100
100
100
100
100
100
100
100
100
100
100
100
100
100
100
100
100
100
100
100
100
100
100
100
100
100
100
100
100
100
100
100
100
385.354
356.283
327.859
300.484
274.512
250.237
227.886
207.613
189.497
173.549
159.716
147.894
137.941
129.683
122.932
117.493
113.175
109.797
107.192
105.212
103.729
102.633
101.836
101.263
100.858
100.575
100.381
100.249
100.161
100.102
100.064
100.04
100.024
100.015
100.009
100.005
100.003
100.002
100.001
100.001
100
100
100
100
100
100
100
100
100
100
100
100
100
100
100
100
100
100
100
100
100
100
100
100
100
100
100
100
100
100
100
100
100
100
100
385.354
356.283
327.859
300.484
274.512
250.237
227.886
207.613
189.497
173.549
159.716
147.894
137.941
129.683
122.932
117.493
113.175
109.797
107.192
105.212
103.729
102.633
101.836
101.263
100.858
100.575
100.381
100.249
100.161
100.102
100.064
100.04
100.024
100.015
100.009
100.005
100.003
100.002
100.001
100.001
100
100
100
100
100
100
100
100
100
100
100
100
100
100
100
100
100
100
100
100
100
100
100
100
100
100
100
100
100
100
100
100
100
100
100
385.354
356.283
327.859
300.484
274.512
250.237
227.886
207.613
189.497
173.549
159.716
147.894
137.941
129.683
122.932
117.493
113.175
109.797
107.192
105.212
103.729
102.633
101.836
101.263
100.858
100.575
100.381
100.249
100.161
100.102
100.064
100.04
100.024
100.015
100.009
100.005
100.003
100.002
100.001
100.001
100
100
100
100
100
100
100
100
100
100
100
100
100
100
100
100
100
100
100
100
100
100
100
100
100
100
100
100
100
100
100
100
100
100
100
385.354
356.283
327.859
300.484
274.512
250.237
227.886
207.613
189.497
173.549
159.716
147.894
137.941
129.683
122.932
117.493
113.175
109.797
107.192
105.212
103.729
102.633
101.836
101.263
100.858
100.575
100.381
100.249
100.161
100.102
100.064
100.04
100.024
100.015
100.009
100.005
100.003
100.002
100.001
100.001
100
100
100
100
100
100
100
100
100
100
100
100
100
100
100
100
100
100
100
100
100
100
100
100
100
100
100
100
100
100
100
100
100
100
100
385.354
356.283
327.859
300.484
274.512
250.237
227.886
207.613
189.497
173.549
159.716
147.894
137.941
129.683
122.932
117.493
113.175
109.797
107.192
105.212
103.729
102.633
101.836
101.263
100.858
100.575
100.381
100.249
100.161
100.102
100.064
100.04
100.024
100.015
100.009
100.005
100.003
100.002
100.001
100.001
100
100
100
100
100
100
100
100
100
100
100
100
100
100
100
100
100
100
100
100
100
100
100
100
100
100
100
100
100
100
100
100
100
100
100
385.354
356.283
327.859
300.484
274.512
250.237
227.886
207.613
189.497
173.549
159.716
147.894
137.941
129.683
122.932
117.493
113.175
109.797
107.192
105.212
103.729
102.633
101.836
101.263
100.858
100.575
100.381
100.249
100.161
100.102
100.064
100.04
100.024
100.015
100.009
100.005
100.003
100.002
100.001
100.001
100
100
100
100
100
100
100
100
100
100
100
100
100
100
100
100
100
100
100
100
100
100
100
100
100
100
100
100
100
100
100
100
100
100
100
385.354
356.283
327.859
300.484
274.512
250.237
227.886
207.613
189.497
173.549
159.716
147.894
137.941
129.683
122.932
117.493
113.175
109.797
107.192
105.212
103.729
102.633
101.836
101.263
100.858
100.575
100.381
100.249
100.161
100.102
100.064
100.04
100.024
100.015
100.009
100.005
100.003
100.002
100.001
100.001
100
100
100
100
100
100
100
100
100
100
100
100
100
100
100
100
100
100
100
100
100
100
100
100
100
100
100
100
100
100
100
100
100
100
100
385.354
356.283
327.859
300.484
274.512
250.237
227.886
207.613
189.497
173.549
159.716
147.894
137.941
129.683
122.932
117.493
113.175
109.797
107.192
105.212
103.729
102.633
101.836
101.263
100.858
100.575
100.381
100.249
100.161
100.102
100.064
100.04
100.024
100.015
100.009
100.005
100.003
100.002
100.001
100.001
100
100
100
100
100
100
100
100
100
100
100
100
100
100
100
100
100
100
100
100
100
100
100
100
100
100
100
100
100
100
100
100
100
100
100
385.354
356.283
327.859
300.484
274.512
250.237
227.886
207.613
189.497
173.549
159.716
147.894
137.941
129.683
122.932
117.493
113.175
109.797
107.192
105.212
103.729
102.633
101.836
101.263
100.858
100.575
100.381
100.249
100.161
100.102
100.064
100.04
100.024
100.015
100.009
100.005
100.003
100.002
100.001
100.001
100
100
100
100
100
100
100
100
100
100
100
100
100
100
100
100
100
100
100
100
100
100
100
100
100
100
100
100
100
100
100
100
100
100
100
385.354
356.283
327.859
300.484
274.512
250.237
227.886
207.613
189.497
173.549
159.716
147.894
137.941
129.683
122.932
117.493
113.175
109.797
107.192
105.212
103.729
102.633
101.836
101.263
100.858
100.575
100.381
100.249
100.161
100.102
100.064
100.04
100.024
100.015
100.009
100.005
100.003
100.002
100.001
100.001
100
100
100
100
100
100
100
100
100
100
100
100
100
100
100
100
100
100
100
100
100
100
100
100
100
100
100
100
100
100
100
100
100
100
100
385.354
356.283
327.859
300.484
274.512
250.237
227.886
207.613
189.497
173.549
159.716
147.894
137.941
129.683
122.932
117.493
113.175
109.797
107.192
105.212
103.729
102.633
101.836
101.263
100.858
100.575
100.381
100.249
100.161
100.102
100.064
100.04
100.024
100.015
100.009
100.005
100.003
100.002
100.001
100.001
100
100
100
100
100
100
100
100
100
100
100
100
100
100
100
100
100
100
100
100
100
100
100
100
100
100
100
100
100
100
100
100
100
100
100
385.354
356.283
327.859
300.484
274.512
250.237
227.886
207.613
189.497
173.549
159.716
147.894
137.941
129.683
122.932
117.493
113.175
109.797
107.192
105.212
103.729
102.633
101.836
101.263
100.858
100.575
100.381
100.249
100.161
100.102
100.064
100.04
100.024
100.015
100.009
100.005
100.003
100.002
100.001
100.001
100
100
100
100
100
100
100
100
100
100
100
100
100
100
100
100
100
100
100
100
100
100
100
100
100
100
100
100
100
100
100
100
100
100
100
385.354
356.283
327.859
300.484
274.512
250.237
227.886
207.613
189.497
173.549
159.716
147.894
137.941
129.683
122.932
117.493
113.175
109.797
107.192
105.212
103.729
102.633
101.836
101.263
100.858
100.575
100.381
100.249
100.161
100.102
100.064
100.04
100.024
100.015
100.009
100.005
100.003
100.002
100.001
100.001
100
100
100
100
100
100
100
100
100
100
100
100
100
100
100
100
100
100
100
100
100
100
100
100
100
100
100
100
100
100
100
100
100
100
100
385.354
356.283
327.859
300.484
274.512
250.237
227.886
207.613
189.497
173.549
159.716
147.894
137.941
129.683
122.932
117.493
113.175
109.797
107.192
105.212
103.729
102.633
101.836
101.263
100.858
100.575
100.381
100.249
100.161
100.102
100.064
100.04
100.024
100.015
100.009
100.005
100.003
100.002
100.001
100.001
100
100
100
100
100
100
100
100
100
100
100
100
100
100
100
100
100
100
100
100
100
100
100
100
100
100
100
100
100
100
100
100
100
100
100
385.354
356.283
327.859
300.484
274.512
250.237
227.886
207.613
189.497
173.549
159.716
147.894
137.941
129.683
122.932
117.493
113.175
109.797
107.192
105.212
103.729
102.633
101.836
101.263
100.858
100.575
100.381
100.249
100.161
100.102
100.064
100.04
100.024
100.015
100.009
100.005
100.003
100.002
100.001
100.001
100
100
100
100
100
100
100
100
100
100
100
100
100
100
100
100
100
100
100
100
100
100
100
100
100
100
100
100
100
100
100
100
100
100
100
385.354
356.283
327.859
300.484
274.512
250.237
227.886
207.613
189.497
173.549
159.716
147.894
137.941
129.683
122.932
117.493
113.175
109.797
107.192
105.212
103.729
102.633
101.836
101.263
100.858
100.575
100.381
100.249
100.161
100.102
100.064
100.04
100.024
100.015
100.009
100.005
100.003
100.002
100.001
100.001
100
100
100
100
100
100
100
100
100
100
100
100
100
100
100
100
100
100
100
100
100
100
100
100
100
100
100
100
100
100
100
100
100
100
100
385.354
356.283
327.859
300.484
274.512
250.237
227.886
207.613
189.497
173.549
159.716
147.894
137.941
129.683
122.932
117.493
113.175
109.797
107.192
105.212
103.729
102.633
101.836
101.263
100.858
100.575
100.381
100.249
100.161
100.102
100.064
100.04
100.024
100.015
100.009
100.005
100.003
100.002
100.001
100.001
100
100
100
100
100
100
100
100
100
100
100
100
100
100
100
100
100
100
100
100
100
100
100
100
100
100
100
100
100
100
100
100
100
100
100
385.354
356.283
327.859
300.484
274.512
250.237
227.886
207.613
189.497
173.549
159.716
147.894
137.941
129.683
122.932
117.493
113.175
109.797
107.192
105.212
103.729
102.633
101.836
101.263
100.858
100.575
100.381
100.249
100.161
100.102
100.064
100.04
100.024
100.015
100.009
100.005
100.003
100.002
100.001
100.001
100
100
100
100
100
100
100
100
100
100
100
100
100
100
100
100
100
100
100
100
100
100
100
100
100
100
100
100
100
100
100
100
100
100
100
385.354
356.283
327.859
300.484
274.512
250.237
227.886
207.613
189.497
173.549
159.716
147.894
137.941
129.683
122.932
117.493
113.175
109.797
107.192
105.212
103.729
102.633
101.836
101.263
100.858
100.575
100.381
100.249
100.161
100.102
100.064
100.04
100.024
100.015
100.009
100.005
100.003
100.002
100.001
100.001
100
100
100
100
100
100
100
100
100
100
100
100
100
100
100
100
100
100
100
100
100
100
100
100
100
100
100
100
100
100
100
100
100
100
100
385.354
356.283
327.859
300.484
274.512
250.237
227.886
207.613
189.497
173.549
159.716
147.894
137.941
129.683
122.932
117.493
113.175
109.797
107.192
105.212
103.729
102.633
101.836
101.263
100.858
100.575
100.381
100.249
100.161
100.102
100.064
100.04
100.024
100.015
100.009
100.005
100.003
100.002
100.001
100.001
100
100
100
100
100
100
100
100
100
100
100
100
100
100
100
100
100
100
100
100
100
100
100
100
100
100
100
100
100
100
100
100
100
100
100
385.354
356.283
327.859
300.484
274.512
250.237
227.886
207.613
189.497
173.549
159.716
147.894
137.941
129.683
122.932
117.493
113.175
109.797
107.192
105.212
103.729
102.633
101.836
101.263
100.858
100.575
100.381
100.249
100.161
100.102
100.064
100.04
100.024
100.015
100.009
100.005
100.003
100.002
100.001
100.001
100
100
100
100
100
100
100
100
100
100
100
100
100
100
100
100
100
100
100
100
100
100
100
100
100
100
100
100
100
100
100
100
100
100
100
385.354
356.283
327.859
300.484
274.512
250.237
227.886
207.613
189.497
173.549
159.716
147.894
137.941
129.683
122.932
117.493
113.175
109.797
107.192
105.212
103.729
102.633
101.836
101.263
100.858
100.575
100.381
100.249
100.161
100.102
100.064
100.04
100.024
100.015
100.009
100.005
100.003
100.002
100.001
100.001
100
100
100
100
100
100
100
100
100
100
100
100
100
100
100
100
100
100
100
100
100
100
100
100
100
100
100
100
100
100
100
100
100
100
100
385.354
356.283
327.859
300.484
274.512
250.237
227.886
207.613
189.497
173.549
159.716
147.894
137.941
129.683
122.932
117.493
113.175
109.797
107.192
105.212
103.729
102.633
101.836
101.263
100.858
100.575
100.381
100.249
100.161
100.102
100.064
100.04
100.024
100.015
100.009
100.005
100.003
100.002
100.001
100.001
100
100
100
100
100
100
100
100
100
100
100
100
100
100
100
100
100
100
100
100
100
100
100
100
100
100
100
100
100
100
100
100
100
100
100
385.354
356.283
327.859
300.484
274.512
250.237
227.886
207.613
189.497
173.549
159.716
147.894
137.941
129.683
122.932
117.493
113.175
109.797
107.192
105.212
103.729
102.633
101.836
101.263
100.858
100.575
100.381
100.249
100.161
100.102
100.064
100.04
100.024
100.015
100.009
100.005
100.003
100.002
100.001
100.001
100
100
100
100
100
100
100
100
100
100
100
100
100
100
100
100
100
100
100
100
100
100
100
100
100
100
100
100
100
100
100
100
100
100
100
385.354
356.283
327.859
300.484
274.512
250.237
227.886
207.613
189.497
173.549
159.716
147.894
137.941
129.683
122.932
117.493
113.175
109.797
107.192
105.212
103.729
102.633
101.836
101.263
100.858
100.575
100.381
100.249
100.161
100.102
100.064
100.04
100.024
100.015
100.009
100.005
100.003
100.002
100.001
100.001
100
100
100
100
100
100
100
100
100
100
100
100
100
100
100
100
100
100
100
100
100
100
100
100
100
100
100
100
100
100
100
100
100
100
100
385.354
356.283
327.859
300.484
274.512
250.237
227.886
207.613
189.497
173.549
159.716
147.894
137.941
129.683
122.932
117.493
113.175
109.797
107.192
105.212
103.729
102.633
101.836
101.263
100.858
100.575
100.381
100.249
100.161
100.102
100.064
100.04
100.024
100.015
100.009
100.005
100.003
100.002
100.001
100.001
100
100
100
100
100
100
100
100
100
100
100
100
100
100
100
100
100
100
100
100
100
100
100
100
100
100
100
100
100
100
100
100
100
100
100
385.354
356.283
327.859
300.484
274.512
250.237
227.886
207.613
189.497
173.549
159.716
147.894
137.941
129.683
122.932
117.493
113.175
109.797
107.192
105.212
103.729
102.633
101.836
101.263
100.858
100.575
100.381
100.249
100.161
100.102
100.064
100.04
100.024
100.015
100.009
100.005
100.003
100.002
100.001
100.001
100
100
100
100
100
100
100
100
100
100
100
100
100
100
100
100
100
100
100
100
100
100
100
100
100
100
100
100
100
100
100
100
100
100
100
385.354
356.283
327.859
300.484
274.512
250.237
227.886
207.613
189.497
173.549
159.716
147.894
137.941
129.683
122.932
117.493
113.175
109.797
107.192
105.212
103.729
102.633
101.836
101.263
100.858
100.575
100.381
100.249
100.161
100.102
100.064
100.04
100.024
100.015
100.009
100.005
100.003
100.002
100.001
100.001
100
100
100
100
100
100
100
100
100
100
100
100
100
100
100
100
100
100
100
100
100
100
100
100
100
100
100
100
100
100
100
100
100
100
100
385.354
356.283
327.859
300.484
274.512
250.237
227.886
207.613
189.497
173.549
159.716
147.894
137.941
129.683
122.932
117.493
113.175
109.797
107.192
105.212
103.729
102.633
101.836
101.263
100.858
100.575
100.381
100.249
100.161
100.102
100.064
100.04
100.024
100.015
100.009
100.005
100.003
100.002
100.001
100.001
100
100
100
100
100
100
100
100
100
100
100
100
100
100
100
100
100
100
100
100
100
100
100
100
100
100
100
100
100
100
100
100
100
100
100
385.354
356.283
327.859
300.484
274.512
250.237
227.886
207.613
189.497
173.549
159.716
147.894
137.941
129.683
122.932
117.493
113.175
109.797
107.192
105.212
103.729
102.633
101.836
101.263
100.858
100.575
100.381
100.249
100.161
100.102
100.064
100.04
100.024
100.015
100.009
100.005
100.003
100.002
100.001
100.001
100
100
100
100
100
100
100
100
100
100
100
100
100
100
100
100
100
100
100
100
100
100
100
100
100
100
100
100
100
100
100
100
100
100
100
385.354
356.283
327.859
300.484
274.512
250.237
227.886
207.613
189.497
173.549
159.716
147.894
137.941
129.683
122.932
117.493
113.175
109.797
107.192
105.212
103.729
102.633
101.836
101.263
100.858
100.575
100.381
100.249
100.161
100.102
100.064
100.04
100.024
100.015
100.009
100.005
100.003
100.002
100.001
100.001
100
100
100
100
100
100
100
100
100
100
100
100
100
100
100
100
100
100
100
100
100
100
100
100
100
100
100
100
100
100
100
100
100
100
100
385.354
356.283
327.859
300.484
274.512
250.237
227.886
207.613
189.497
173.549
159.716
147.894
137.941
129.683
122.932
117.493
113.175
109.797
107.192
105.212
103.729
102.633
101.836
101.263
100.858
100.575
100.381
100.249
100.161
100.102
100.064
100.04
100.024
100.015
100.009
100.005
100.003
100.002
100.001
100.001
100
100
100
100
100
100
100
100
100
100
100
100
100
100
100
100
100
100
100
100
100
100
100
100
100
100
100
100
100
100
100
100
100
100
100
385.354
356.283
327.859
300.484
274.512
250.237
227.886
207.613
189.497
173.549
159.716
147.894
137.941
129.683
122.932
117.493
113.175
109.797
107.192
105.212
103.729
102.633
101.836
101.263
100.858
100.575
100.381
100.249
100.161
100.102
100.064
100.04
100.024
100.015
100.009
100.005
100.003
100.002
100.001
100.001
100
100
100
100
100
100
100
100
100
100
100
100
100
100
100
100
100
100
100
100
100
100
100
100
100
100
100
100
100
100
100
100
100
100
100
385.354
356.283
327.859
300.484
274.512
250.237
227.886
207.613
189.497
173.549
159.716
147.894
137.941
129.683
122.932
117.493
113.175
109.797
107.192
105.212
103.729
102.633
101.836
101.263
100.858
100.575
100.381
100.249
100.161
100.102
100.064
100.04
100.024
100.015
100.009
100.005
100.003
100.002
100.001
100.001
100
100
100
100
100
100
100
100
100
100
100
100
100
100
100
100
100
100
100
100
100
100
100
100
100
100
100
100
100
100
100
100
100
100
100
385.354
356.283
327.859
300.484
274.512
250.237
227.886
207.613
189.497
173.549
159.716
147.894
137.941
129.683
122.932
117.493
113.175
109.797
107.192
105.212
103.729
102.633
101.836
101.263
100.858
100.575
100.381
100.249
100.161
100.102
100.064
100.04
100.024
100.015
100.009
100.005
100.003
100.002
100.001
100.001
100
100
100
100
100
100
100
100
100
100
100
100
100
100
100
100
100
100
100
100
100
100
100
100
100
100
100
100
100
100
100
100
100
100
100
385.354
356.283
327.859
300.484
274.512
250.237
227.886
207.613
189.497
173.549
159.716
147.894
137.941
129.683
122.932
117.493
113.175
109.797
107.192
105.212
103.729
102.633
101.836
101.263
100.858
100.575
100.381
100.249
100.161
100.102
100.064
100.04
100.024
100.015
100.009
100.005
100.003
100.002
100.001
100.001
100
100
100
100
100
100
100
100
100
100
100
100
100
100
100
100
100
100
100
100
100
100
100
100
100
100
100
100
100
100
100
100
100
100
100
385.354
356.283
327.859
300.484
274.512
250.237
227.886
207.613
189.497
173.549
159.716
147.894
137.941
129.683
122.932
117.493
113.175
109.797
107.192
105.212
103.729
102.633
101.836
101.263
100.858
100.575
100.381
100.249
100.161
100.102
100.064
100.04
100.024
100.015
100.009
100.005
100.003
100.002
100.001
100.001
100
100
100
100
100
100
100
100
100
100
100
100
100
100
100
100
100
100
100
100
100
100
100
100
100
100
100
100
100
100
100
100
100
100
100
385.354
356.283
327.859
300.484
274.512
250.237
227.886
207.613
189.497
173.549
159.716
147.894
137.941
129.683
122.932
117.493
113.175
109.797
107.192
105.212
103.729
102.633
101.836
101.263
100.858
100.575
100.381
100.249
100.161
100.102
100.064
100.04
100.024
100.015
100.009
100.005
100.003
100.002
100.001
100.001
100
100
100
100
100
100
100
100
100
100
100
100
100
100
100
100
100
100
100
100
100
100
100
100
100
100
100
100
100
100
100
100
100
100
100
385.354
356.283
327.859
300.484
274.512
250.237
227.886
207.613
189.497
173.549
159.716
147.894
137.941
129.683
122.932
117.493
113.175
109.797
107.192
105.212
103.729
102.633
101.836
101.263
100.858
100.575
100.381
100.249
100.161
100.102
100.064
100.04
100.024
100.015
100.009
100.005
100.003
100.002
100.001
100.001
100
100
100
100
100
100
100
100
100
100
100
100
100
100
100
100
100
100
100
100
100
100
100
100
100
100
100
100
100
100
100
100
100
100
100
385.354
356.283
327.859
300.484
274.512
250.237
227.886
207.613
189.497
173.549
159.716
147.894
137.941
129.683
122.932
117.493
113.175
109.797
107.192
105.212
103.729
102.633
101.836
101.263
100.858
100.575
100.381
100.249
100.161
100.102
100.064
100.04
100.024
100.015
100.009
100.005
100.003
100.002
100.001
100.001
100
100
100
100
100
100
100
100
100
100
100
100
100
100
100
100
100
100
100
100
100
100
100
100
100
100
100
100
100
100
100
100
100
100
100
385.354
356.283
327.859
300.484
274.512
250.237
227.886
207.613
189.497
173.549
159.716
147.894
137.941
129.683
122.932
117.493
113.175
109.797
107.192
105.212
103.729
102.633
101.836
101.263
100.858
100.575
100.381
100.249
100.161
100.102
100.064
100.04
100.024
100.015
100.009
100.005
100.003
100.002
100.001
100.001
100
100
100
100
100
100
100
100
100
100
100
100
100
100
100
100
100
100
100
100
100
100
100
100
100
100
100
100
100
100
100
100
100
100
100
385.354
356.283
327.859
300.484
274.512
250.237
227.886
207.613
189.497
173.549
159.716
147.894
137.941
129.683
122.932
117.493
113.175
109.797
107.192
105.212
103.729
102.633
101.836
101.263
100.858
100.575
100.381
100.249
100.161
100.102
100.064
100.04
100.024
100.015
100.009
100.005
100.003
100.002
100.001
100.001
100
100
100
100
100
100
100
100
100
100
100
100
100
100
100
100
100
100
100
100
100
100
100
100
100
100
100
100
100
100
100
100
100
100
100
385.354
356.283
327.859
300.484
274.512
250.237
227.886
207.613
189.497
173.549
159.716
147.894
137.941
129.683
122.932
117.493
113.175
109.797
107.192
105.212
103.729
102.633
101.836
101.263
100.858
100.575
100.381
100.249
100.161
100.102
100.064
100.04
100.024
100.015
100.009
100.005
100.003
100.002
100.001
100.001
100
100
100
100
100
100
100
100
100
100
100
100
100
100
100
100
100
100
100
100
100
100
100
100
100
100
100
100
100
100
100
100
100
100
100
385.354
356.283
327.859
300.484
274.512
250.237
227.886
207.613
189.497
173.549
159.716
147.894
137.941
129.683
122.932
117.493
113.175
109.797
107.192
105.212
103.729
102.633
101.836
101.263
100.858
100.575
100.381
100.249
100.161
100.102
100.064
100.04
100.024
100.015
100.009
100.005
100.003
100.002
100.001
100.001
100
100
100
100
100
100
100
100
100
100
100
100
100
100
100
100
100
100
100
100
100
100
100
100
100
100
100
100
100
100
100
100
100
100
100
385.354
356.283
327.859
300.484
274.512
250.237
227.886
207.613
189.497
173.549
159.716
147.894
137.941
129.683
122.932
117.493
113.175
109.797
107.192
105.212
103.729
102.633
101.836
101.263
100.858
100.575
100.381
100.249
100.161
100.102
100.064
100.04
100.024
100.015
100.009
100.005
100.003
100.002
100.001
100.001
100
100
100
100
100
100
100
100
100
100
100
100
100
100
100
100
100
100
100
100
100
100
100
100
100
100
100
100
100
100
100
100
100
100
100
385.354
356.283
327.859
300.484
274.512
250.237
227.886
207.613
189.497
173.549
159.716
147.894
137.941
129.683
122.932
117.493
113.175
109.797
107.192
105.212
103.729
102.633
101.836
101.263
100.858
100.575
100.381
100.249
100.161
100.102
100.064
100.04
100.024
100.015
100.009
100.005
100.003
100.002
100.001
100.001
100
100
100
100
100
100
100
100
100
100
100
100
100
100
100
100
100
100
100
100
100
100
100
100
100
100
100
100
100
100
100
100
100
100
100
385.354
356.283
327.859
300.484
274.512
250.237
227.886
207.613
189.497
173.549
159.716
147.894
137.941
129.683
122.932
117.493
113.175
109.797
107.192
105.212
103.729
102.633
101.836
101.263
100.858
100.575
100.381
100.249
100.161
100.102
100.064
100.04
100.024
100.015
100.009
100.005
100.003
100.002
100.001
100.001
100
100
100
100
100
100
100
100
100
100
100
100
100
100
100
100
100
100
100
100
100
100
100
100
100
100
100
100
100
100
100
100
100
100
100
385.354
356.283
327.859
300.484
274.512
250.237
227.886
207.613
189.497
173.548
159.715
147.894
137.941
129.683
122.932
117.493
113.175
109.797
107.192
105.212
103.729
102.633
101.836
101.263
100.858
100.575
100.381
100.249
100.161
100.102
100.064
100.04
100.024
100.015
100.009
100.005
100.003
100.002
100.001
100.001
100
100
100
100
100
100
100
100
100
100
100
100
100
100
100
100
100
100
100
100
100
100
100
100
100
100
100
100
100
100
100
100
100
100
100
385.354
356.283
327.859
300.484
274.511
250.236
227.886
207.613
189.497
173.548
159.715
147.894
137.94
129.682
122.931
117.493
113.175
109.797
107.192
105.212
103.729
102.633
101.836
101.263
100.858
100.575
100.381
100.249
100.161
100.102
100.064
100.04
100.024
100.015
100.009
100.005
100.003
100.002
100.001
100.001
100
100
100
100
100
100
100
100
100
100
100
100
100
100
100
100
100
100
100
100
100
100
100
100
100
100
100
100
100
100
100
100
100
100
100
385.354
356.283
327.859
300.484
274.511
250.236
227.885
207.612
189.496
173.548
159.715
147.893
137.94
129.682
122.931
117.493
113.175
109.797
107.192
105.212
103.729
102.633
101.836
101.263
100.858
100.575
100.381
100.249
100.161
100.102
100.064
100.04
100.024
100.015
100.009
100.005
100.003
100.002
100.001
100.001
100
100
100
100
100
100
100
100
100
100
100
100
100
100
100
100
100
100
100
100
100
100
100
100
100
100
100
100
100
100
100
100
100
100
100
385.354
356.282
327.858
300.483
274.51
250.235
227.885
207.611
189.496
173.547
159.714
147.893
137.939
129.682
122.931
117.492
113.175
109.796
107.192
105.212
103.728
102.633
101.836
101.263
100.858
100.575
100.381
100.249
100.161
100.102
100.064
100.04
100.024
100.015
100.009
100.005
100.003
100.002
100.001
100.001
100
100
100
100
100
100
100
100
100
100
100
100
100
100
100
100
100
100
100
100
100
100
100
100
100
100
100
100
100
100
100
100
100
100
100
385.354
356.282
327.858
300.482
274.509
250.234
227.883
207.61
189.494
173.546
159.713
147.892
137.938
129.681
122.93
117.492
113.174
109.796
107.191
105.211
103.728
102.633
101.835
101.263
100.858
100.575
100.381
100.249
100.161
100.102
100.064
100.04
100.024
100.015
100.009
100.005
100.003
100.002
100.001
100.001
100
100
100
100
100
100
100
100
100
100
100
100
100
100
100
100
100
100
100
100
100
100
100
100
100
100
100
100
100
100
100
100
100
100
100
385.354
356.281
327.857
300.481
274.507
250.232
227.881
207.608
189.492
173.544
159.711
147.89
137.937
129.679
122.929
117.491
113.173
109.795
107.191
105.211
103.728
102.633
101.835
101.263
100.858
100.575
100.381
100.249
100.161
100.102
100.064
100.04
100.024
100.015
100.009
100.005
100.003
100.002
100.001
100.001
100
100
100
100
100
100
100
100
100
100
100
100
100
100
100
100
100
100
100
100
100
100
100
100
100
100
100
100
100
100
100
100
100
100
100
385.354
356.28
327.855
300.478
274.504
250.229
227.878
207.604
189.489
173.54
159.708
147.887
137.934
129.677
122.927
117.489
113.172
109.795
107.19
105.211
103.728
102.632
101.835
101.263
100.858
100.575
100.381
100.249
100.16
100.102
100.064
100.04
100.024
100.015
100.009
100.005
100.003
100.002
100.001
100.001
100
100
100
100
100
100
100
100
100
100
100
100
100
100
100
100
100
100
100
100
100
100
100
100
100
100
100
100
100
100
100
100
100
100
100
385.353
356.278
327.852
300.474
274.5
250.223
227.872
207.599
189.483
173.535
159.703
147.883
137.931
129.674
122.924
117.487
113.17
109.793
107.189
105.21
103.727
102.632
101.835
101.263
100.858
100.575
100.381
100.249
100.16
100.102
100.064
100.04
100.024
100.015
100.009
100.005
100.003
100.002
100.001
100.001
100
100
100
100
100
100
100
100
100
100
100
100
100
100
100
100
100
100
100
100
100
100
100
100
100
100
100
100
100
100
100
100
100
100
100
385.352
356.275
327.847
300.468
274.492
250.215
227.863
207.59
189.474
173.527
159.695
147.876
137.924
129.669
122.92
117.483
113.167
109.791
107.187
105.208
103.726
102.631
101.834
101.262
100.857
100.575
100.381
100.249
100.16
100.102
100.064
100.04
100.024
100.015
100.009
100.005
100.003
100.002
100.001
100.001
100
100
100
100
100
100
100
100
100
100
100
100
100
100
100
100
100
100
100
100
100
100
100
100
100
100
100
100
100
100
100
100
100
100
100
385.35
356.271
327.84
300.458
274.481
250.202
227.85
207.576
189.461
173.514
159.683
147.865
137.915
129.661
122.913
117.478
113.163
109.787
107.184
105.206
103.724
102.63
101.833
101.262
100.857
100.575
100.38
100.249
100.16
100.102
100.064
100.04
100.024
100.015
100.009
100.005
100.003
100.002
100.001
100.001
100
100
100
100
100
100
100
100
100
100
100
100
100
100
100
100
100
100
100
100
100
100
100
100
100
100
100
100
100
100
100
100
100
100
100
385.348
356.264
327.829
300.443
274.463
250.183
227.829
207.555
189.44
173.494
159.665
147.849
137.901
129.648
122.903
117.469
113.156
109.782
107.18
105.203
103.722
102.628
101.832
101.261
100.856
100.574
100.38
100.248
100.16
100.102
100.064
100.04
100.024
100.015
100.009
100.005
100.003
100.002
100.001
100.001
100
100
100
100
100
100
100
100
100
100
100
100
100
100
100
100
100
100
100
100
100
100
100
100
100
100
100
100
100
100
100
100
100
100
100
385.344
356.253
327.811
300.421
274.436
250.152
227.797
207.522
189.408
173.464
159.638
147.824
137.879
129.63
122.887
117.456
113.146
109.774
107.174
105.198
103.718
102.625
101.83
101.259
100.855
100.573
100.38
100.248
100.16
100.102
100.064
100.04
100.024
100.015
100.009
100.005
100.003
100.002
100.001
100.001
100
100
100
100
100
100
100
100
100
100
100
100
100
100
100
100
100
100
100
100
100
100
100
100
100
100
100
100
100
100
100
100
100
100
100
385.339
356.236
327.785
300.386
274.394
250.106
227.748
207.474
189.361
173.419
159.596
147.787
137.847
129.602
122.864
117.438
113.131
109.762
107.165
105.191
103.713
102.622
101.827
101.257
100.854
100.573
100.379
100.248
100.16
100.102
100.064
100.04
100.024
100.015
100.009
100.005
100.003
100.002
100.001
100.001
100
100
100
100
100
100
100
100
100
100
100
100
100
100
100
100
100
100
100
100
100
100
100
100
100
100
100
100
100
100
100
100
100
100
100
385.33
356.212
327.746
300.334
274.333
250.038
227.676
207.401
189.29
173.353
159.535
147.733
137.8
129.562
122.831
117.41
113.109
109.744
107.151
105.181
103.705
102.616
101.823
101.254
100.852
100.571
100.378
100.247
100.159
100.101
100.064
100.04
100.024
100.015
100.009
100.005
100.003
100.002
100.001
100.001
100
100
100
100
100
100
100
100
100
100
100
100
100
100
100
100
100
100
100
100
100
100
100
100
100
100
100
100
100
100
100
100
100
100
100
385.318
356.175
327.687
300.256
274.241
249.936
227.57
207.294
189.186
173.255
159.447
147.654
137.731
129.504
122.782
117.371
113.077
109.72
107.132
105.167
103.695
102.608
101.818
101.25
100.849
100.569
100.377
100.246
100.159
100.101
100.063
100.039
100.024
100.015
100.009
100.005
100.003
100.002
100.001
100.001
100
100
100
100
100
100
100
100
100
100
100
100
100
100
100
100
100
100
100
100
100
100
100
100
100
100
100
100
100
100
100
100
100
100
100
385.299
356.121
327.6
300.143
274.106
249.788
227.415
207.138
189.036
173.115
159.319
147.54
137.633
129.421
122.714
117.315
113.033
109.685
107.106
105.147
103.68
102.597
101.81
101.245
100.845
100.567
100.375
100.245
100.158
100.101
100.063
100.039
100.024
100.015
100.009
100.005
100.003
100.002
100.001
100.001
100
100
100
100
100
100
100
100
100
100
100
100
100
100
100
100
100
100
100
100
100
100
100
100
100
100
100
100
100
100
100
100
100
100
100
385.272
356.042
327.474
299.977
273.91
249.572
227.19
206.914
188.82
172.913
159.136
147.379
137.494
129.304
122.617
117.237
112.971
109.637
107.069
105.119
103.659
102.582
101.799
101.237
100.84
100.563
100.372
100.243
100.157
100.1
100.063
100.039
100.024
100.014
100.009
100.005
100.003
100.002
100.001
100.001
100
100
100
100
100
100
100
100
100
100
100
100
100
100
100
100
100
100
100
100
100
100
100
100
100
100
100
100
100
100
100
100
100
100
100
385.233
355.927
327.291
299.737
273.628
249.263
226.869
206.595
188.514
172.629
158.88
147.154
137.3
129.141
122.483
117.129
112.886
109.571
107.018
105.081
103.631
102.562
101.785
101.227
100.833
100.558
100.369
100.241
100.155
100.099
100.062
100.039
100.024
100.014
100.009
100.005
100.003
100.002
100.001
100.001
100
100
100
100
100
100
100
100
100
100
100
100
100
100
100
100
100
100
100
100
100
100
100
100
100
100
100
100
100
100
100
100
100
100
100
385.177
355.761
327.028
299.393
273.225
248.823
226.414
206.144
188.084
172.232
158.523
146.841
137.033
128.918
122.301
116.982
112.77
109.481
106.95
105.03
103.594
102.535
101.765
101.213
100.823
100.552
100.365
100.238
100.154
100.098
100.061
100.038
100.023
100.014
100.008
100.005
100.003
100.002
100.001
100.001
100
100
100
100
100
100
100
100
100
100
100
100
100
100
100
100
100
100
100
100
100
100
100
100
100
100
100
100
100
100
100
100
100
100
100
385.096
355.525
326.652
298.905
272.654
248.203
225.775
205.515
187.487
171.683
158.033
146.415
136.67
128.616
122.054
116.785
112.615
109.362
106.86
104.962
103.544
102.499
101.74
101.196
100.811
100.543
100.359
100.235
100.151
100.096
100.06
100.037
100.023
100.014
100.008
100.005
100.003
100.002
100.001
100.001
100
100
100
100
100
100
100
100
100
100
100
100
100
100
100
100
100
100
100
100
100
100
100
100
100
100
100
100
100
100
100
100
100
100
100
384.981
355.189
326.12
298.215
271.852
247.336
224.888
204.647
186.668
170.935
157.368
145.839
136.184
128.213
121.727
116.525
112.412
109.205
106.741
104.874
103.48
102.453
101.707
101.173
100.795
100.533
100.352
100.23
100.148
100.094
100.059
100.037
100.022
100.014
100.008
100.005
100.003
100.002
100.001
100
100
100
100
100
100
100
100
100
100
100
100
100
100
100
100
100
100
100
100
100
100
100
100
100
100
100
100
100
100
100
100
100
100
100
100
384.818
354.713
325.37
297.246
270.732
246.134
223.667
203.461
185.557
169.927
156.479
145.074
135.54
127.683
121.299
116.186
112.148
109.003
106.589
104.762
103.398
102.394
101.665
101.143
100.775
100.519
100.343
100.224
100.144
100.092
100.058
100.036
100.022
100.013
100.008
100.005
100.003
100.002
100.001
100
100
100
100
100
100
100
100
100
100
100
100
100
100
100
100
100
100
100
100
100
100
100
100
100
100
100
100
100
100
100
100
100
100
100
100
384.587
354.042
324.316
295.894
269.18
244.48
222.002
201.856
184.066
168.584
155.303
144.069
134.7
126.996
120.748
115.751
111.811
108.746
106.396
104.619
103.294
102.319
101.613
101.107
100.75
100.502
100.332
100.216
100.139
100.089
100.056
100.034
100.021
100.013
100.008
100.004
100.003
100.001
100.001
100
100
100
100
100
100
100
100
100
100
100
100
100
100
100
100
100
100
100
100
100
100
100
100
100
100
100
100
100
100
100
100
100
100
100
100
384.261
353.095
322.838
294.013
267.04
242.223
219.75
199.707
182.088
166.82
153.77
142.769
133.622
126.118
120.047
115.201
111.387
108.425
106.156
104.443
103.166
102.228
101.548
101.062
100.719
100.481
100.318
100.207
100.133
100.085
100.053
100.033
100.02
100.012
100.007
100.004
100.002
100.001
100.001
100
100
100
100
100
100
100
100
100
100
100
100
100
100
100
100
100
100
100
100
100
100
100
100
100
100
100
100
100
100
100
100
100
100
100
100
383.799
351.76
320.768
291.404
264.105
239.162
216.733
196.86
179.497
164.53
151.8
141.112
132.257
125.016
119.172
114.519
110.863
108.029
105.861
104.226
103.01
102.117
101.47
101.008
100.682
100.456
100.301
100.196
100.126
100.08
100.05
100.031
100.019
100.012
100.007
100.004
100.002
100.001
100.001
100
100
100
100
100
100
100
100
100
100
100
100
100
100
100
100
100
100
100
100
100
100
100
100
100
100
100
100
100
100
100
100
100
100
100
100
383.141
349.867
317.863
287.787
260.094
235.042
212.729
193.132
176.145
161.602
149.305
139.033
130.558
123.653
118.097
113.685
110.226
107.55
105.506
103.967
102.823
101.984
101.377
100.944
100.639
100.427
100.282
100.184
100.118
100.075
100.047
100.029
100.018
100.011
100.006
100.004
100.002
100.001
100.001
100
100
100
100
100
100
100
100
100
100
100
100
100
100
100
100
100
100
100
100
100
100
100
100
100
100
100
100
100
100
100
100
100
100
100
100
382.191
347.159
313.764
282.772
254.633
229.533
207.466
188.309
171.869
157.914
146.197
136.467
128.479
121.997
116.8
112.685
109.466
106.98
105.086
103.661
102.603
101.828
101.268
100.868
100.587
100.392
100.259
100.169
100.108
100.069
100.043
100.027
100.016
100.01
100.006
100.003
100.002
100.001
100.001
100
100
100
100
100
100
100
100
100
100
100
100
100
100
100
100
100
100
100
100
100
100
100
100
100
100
100
100
100
100
100
100
100
100
100
100
380.795
343.23
307.935
275.804
247.224
222.224
200.626
182.154
166.498
153.344
142.391
133.358
125.982
120.024
115.264
111.506
108.574
106.315
104.596
103.305
102.348
101.648
101.142
100.782
100.529
100.353
100.233
100.152
100.097
100.062
100.039
100.024
100.015
100.009
100.005
100.003
100.002
100.001
100.001
100
100
100
100
100
100
100
100
100
100
100
100
100
100
100
100
100
100
100
100
100
100
100
100
100
100
100
100
100
100
100
100
100
100
100
100
378.681
337.403
299.544
266.09
237.209
212.616
191.851
174.421
159.868
147.786
137.82
129.662
123.04
117.716
113.479
110.144
107.549
105.554
104.038
102.901
102.06
101.445
101.001
100.685
100.463
100.309
100.204
100.133
100.085
100.054
100.034
100.021
100.013
100.008
100.005
100.003
100.002
100.001
100
100
100
100
100
100
100
100
100
100
100
100
100
100
100
100
100
100
100
100
100
100
100
100
100
100
100
100
100
100
100
100
100
100
100
100
100
375.315
328.481
287.269
252.505
223.753
200.142
180.778
164.888
151.85
141.168
132.446
125.362
119.647
115.073
111.447
108.602
106.393
104.698
103.413
102.45
101.738
101.218
100.844
100.577
100.39
100.26
100.171
100.111
100.072
100.045
100.028
100.018
100.011
100.006
100.004
100.002
100.001
100.001
100
100
100
100
100
100
100
100
100
100
100
100
100
100
100
100
100
100
100
100
100
100
100
100
100
100
100
100
100
100
100
100
100
100
100
100
100
369.507
314.207
268.987
233.493
205.866
184.227
167.099
153.406
142.382
133.475
126.277
120.475
115.821
112.113
109.184
106.892
105.116
103.756
102.726
101.956
101.387
100.971
100.672
100.46
100.31
100.207
100.136
100.089
100.057
100.036
100.023
100.014
100.009
100.005
100.003
100.002
100.001
100.001
100
100
100
100
100
100
100
100
100
100
100
100
100
100
100
100
100
100
100
100
100
100
100
100
100
100
100
100
100
100
100
100
100
100
100
100
100
358.085
290.069
241.326
207.081
182.552
164.441
150.674
139.97
131.515
124.775
119.378
115.058
111.611
108.875
106.72
105.037
103.736
102.741
101.988
101.425
101.01
100.707
100.489
100.334
100.226
100.151
100.099
100.064
100.041
100.026
100.016
100.01
100.006
100.004
100.002
100.001
100.001
100
100
100
100
100
100
100
100
100
100
100
100
100
100
100
100
100
100
100
100
100
100
100
100
100
100
100
100
100
100
100
100
100
100
100
100
100
100
330.902
246.814
199.417
171.29
153.231
140.771
131.687
124.804
119.456
115.239
111.888
109.219
107.097
105.418
104.099
103.07
102.275
101.668
101.209
100.867
100.614
100.43
100.297
100.203
100.137
100.091
100.06
100.039
100.025
100.016
100.01
100.006
100.004
100.002
100.001
100.001
100
100
100
100
100
100
100
100
100
100
100
100
100
100
100
100
100
100
100
100
100
100
100
100
100
100
100
100
100
100
100
100
100
100
100
100
100
100
100
249.642
166.964
138.393
125.634
118.558
114.008
110.802
108.417
106.582
105.145
104.008
103.105
102.388
101.822
101.378
101.031
100.764
100.56
100.406
100.291
100.206
100.144
100.1
100.068
100.046
100.031
100.02
100.013
100.008
100.005
100.003
100.002
100.001
100.001
100
100
100
100
100
100
100
100
100
100
100
100
100
100
100
100
100
100
100
100
100
100
100
100
100
100
100
100
100
100
100
100
100
100
100
100
100
100
100
100
100
)
;

boundaryField
{
    upperwall
    {
        type            fixedValue;
        value           uniform 400;
    }
    rightwall
    {
        type            fixedValue;
        value           uniform 100;
    }
    leftwall
    {
        type            fixedValue;
        value           uniform 100;
    }
    bottomwall
    {
        type            fixedValue;
        value           uniform 100;
    }
    frontandback
    {
        type            empty;
    }
}


// ************************************************************************* //
