/*--------------------------------*- C++ -*----------------------------------*\
  =========                 |
  \\      /  F ield         | OpenFOAM: The Open Source CFD Toolbox
   \\    /   O peration     | Website:  https://openfoam.org
    \\  /    A nd           | Version:  10
     \\/     M anipulation  |
\*---------------------------------------------------------------------------*/
FoamFile
{
    format      ascii;
    class       volScalarField;
    location    "47";
    object      T;
}
// * * * * * * * * * * * * * * * * * * * * * * * * * * * * * * * * * * * * * //

dimensions      [0 0 0 1 0 0 0];

internalField   nonuniform List<scalar> 
11250
(
248.856
164.679
134.82
121.084
113.393
108.593
105.46
103.4
102.062
101.215
100.693
100.382
100.204
100.105
100.053
100.025
100.012
100.005
100.002
100.001
100
100
100
100
100
100
100
100
100
100
100
100
100
100
100
100
100
100
100
100
100
100
100
100
100
100
100
100
100
100
100
100
100
100
100
100
100
100
100
100
100
100
100
100
100
100
100
100
100
100
100
100
100
100
100
328.568
240.033
188.811
157.78
137.895
124.69
115.818
109.898
106.024
103.555
102.031
101.123
100.6
100.31
100.154
100.074
100.035
100.016
100.007
100.003
100.001
100
100
100
100
100
100
100
100
100
100
100
100
100
100
100
100
100
100
100
100
100
100
100
100
100
100
100
100
100
100
100
100
100
100
100
100
100
100
100
100
100
100
100
100
100
100
100
100
100
100
100
100
100
100
354.275
278.998
224.008
185.019
157.502
138.165
124.736
115.597
109.541
105.652
103.238
101.793
100.959
100.496
100.248
100.12
100.056
100.025
100.011
100.005
100.002
100.001
100
100
100
100
100
100
100
100
100
100
100
100
100
100
100
100
100
100
100
100
100
100
100
100
100
100
100
100
100
100
100
100
100
100
100
100
100
100
100
100
100
100
100
100
100
100
100
100
100
100
100
100
100
364.332
299.169
245.461
203.514
171.814
148.493
131.807
120.224
112.446
107.406
104.258
102.364
101.267
100.656
100.328
100.159
100.074
100.033
100.015
100.006
100.003
100.001
100
100
100
100
100
100
100
100
100
100
100
100
100
100
100
100
100
100
100
100
100
100
100
100
100
100
100
100
100
100
100
100
100
100
100
100
100
100
100
100
100
100
100
100
100
100
100
100
100
100
100
100
100
368.917
309.884
258.169
215.411
181.6
155.884
137.038
123.734
114.693
108.782
105.066
102.821
101.515
100.786
100.394
100.19
100.089
100.04
100.018
100.007
100.003
100.001
100
100
100
100
100
100
100
100
100
100
100
100
100
100
100
100
100
100
100
100
100
100
100
100
100
100
100
100
100
100
100
100
100
100
100
100
100
100
100
100
100
100
100
100
100
100
100
100
100
100
100
100
100
371.216
315.705
265.581
222.782
187.97
160.886
140.689
126.244
116.329
109.8
105.672
103.166
101.705
100.886
100.444
100.215
100.101
100.046
100.02
100.008
100.003
100.001
100.001
100
100
100
100
100
100
100
100
100
100
100
100
100
100
100
100
100
100
100
100
100
100
100
100
100
100
100
100
100
100
100
100
100
100
100
100
100
100
100
100
100
100
100
100
100
100
100
100
100
100
100
100
372.427
318.903
269.848
227.216
191.952
164.115
143.111
127.945
117.459
110.513
106.101
103.413
101.841
100.958
100.481
100.233
100.109
100.05
100.022
100.009
100.004
100.002
100.001
100
100
100
100
100
100
100
100
100
100
100
100
100
100
100
100
100
100
100
100
100
100
100
100
100
100
100
100
100
100
100
100
100
100
100
100
100
100
100
100
100
100
100
100
100
100
100
100
100
100
100
100
373.077
320.661
272.266
229.81
194.352
166.115
144.645
129.044
118.201
110.987
106.39
103.581
101.935
101.008
100.507
100.246
100.115
100.052
100.023
100.01
100.004
100.002
100.001
100
100
100
100
100
100
100
100
100
100
100
100
100
100
100
100
100
100
100
100
100
100
100
100
100
100
100
100
100
100
100
100
100
100
100
100
100
100
100
100
100
100
100
100
100
100
100
100
100
100
100
100
373.427
321.619
273.612
231.289
195.752
167.306
145.577
129.723
118.666
111.289
106.576
103.691
101.996
101.041
100.524
100.255
100.119
100.054
100.024
100.01
100.004
100.002
100.001
100
100
100
100
100
100
100
100
100
100
100
100
100
100
100
100
100
100
100
100
100
100
100
100
100
100
100
100
100
100
100
100
100
100
100
100
100
100
100
100
100
100
100
100
100
100
100
100
100
100
100
100
373.613
322.133
274.345
232.108
196.543
167.991
146.121
130.125
118.945
111.472
106.69
103.758
102.034
101.062
100.535
100.26
100.122
100.055
100.024
100.01
100.004
100.002
100.001
100
100
100
100
100
100
100
100
100
100
100
100
100
100
100
100
100
100
100
100
100
100
100
100
100
100
100
100
100
100
100
100
100
100
100
100
100
100
100
100
100
100
100
100
100
100
100
100
100
100
100
100
373.71
322.404
274.735
232.55
196.975
168.37
146.426
130.354
119.106
111.578
106.757
103.798
102.057
101.074
100.541
100.263
100.124
100.056
100.025
100.01
100.004
100.002
100.001
100
100
100
100
100
100
100
100
100
100
100
100
100
100
100
100
100
100
100
100
100
100
100
100
100
100
100
100
100
100
100
100
100
100
100
100
100
100
100
100
100
100
100
100
100
100
100
100
100
100
100
100
373.759
322.543
274.938
232.781
197.204
168.574
146.592
130.479
119.195
111.638
106.794
103.821
102.07
101.082
100.545
100.265
100.125
100.057
100.025
100.011
100.004
100.002
100.001
100
100
100
100
100
100
100
100
100
100
100
100
100
100
100
100
100
100
100
100
100
100
100
100
100
100
100
100
100
100
100
100
100
100
100
100
100
100
100
100
100
100
100
100
100
100
100
100
100
100
100
100
373.784
322.613
275.04
232.899
197.321
168.679
146.679
130.546
119.242
111.67
106.815
103.833
102.077
101.085
100.547
100.266
100.125
100.057
100.025
100.011
100.004
100.002
100.001
100
100
100
100
100
100
100
100
100
100
100
100
100
100
100
100
100
100
100
100
100
100
100
100
100
100
100
100
100
100
100
100
100
100
100
100
100
100
100
100
100
100
100
100
100
100
100
100
100
100
100
100
373.796
322.647
275.09
232.957
197.379
168.732
146.723
130.579
119.266
111.686
106.825
103.839
102.081
101.088
100.548
100.267
100.125
100.057
100.025
100.011
100.004
100.002
100.001
100
100
100
100
100
100
100
100
100
100
100
100
100
100
100
100
100
100
100
100
100
100
100
100
100
100
100
100
100
100
100
100
100
100
100
100
100
100
100
100
100
100
100
100
100
100
100
100
100
100
100
100
373.802
322.663
275.113
232.985
197.407
168.757
146.744
130.596
119.279
111.694
106.83
103.843
102.083
101.089
100.549
100.267
100.125
100.057
100.025
100.011
100.004
100.002
100.001
100
100
100
100
100
100
100
100
100
100
100
100
100
100
100
100
100
100
100
100
100
100
100
100
100
100
100
100
100
100
100
100
100
100
100
100
100
100
100
100
100
100
100
100
100
100
100
100
100
100
100
100
373.805
322.671
275.124
232.998
197.421
168.769
146.754
130.604
119.284
111.698
106.833
103.844
102.084
101.089
100.549
100.267
100.126
100.057
100.025
100.011
100.004
100.002
100.001
100
100
100
100
100
100
100
100
100
100
100
100
100
100
100
100
100
100
100
100
100
100
100
100
100
100
100
100
100
100
100
100
100
100
100
100
100
100
100
100
100
100
100
100
100
100
100
100
100
100
100
100
373.806
322.674
275.129
233.003
197.427
168.775
146.759
130.607
119.287
111.7
106.834
103.845
102.084
101.089
100.549
100.267
100.126
100.057
100.025
100.011
100.004
100.002
100.001
100
100
100
100
100
100
100
100
100
100
100
100
100
100
100
100
100
100
100
100
100
100
100
100
100
100
100
100
100
100
100
100
100
100
100
100
100
100
100
100
100
100
100
100
100
100
100
100
100
100
100
100
373.806
322.676
275.131
233.006
197.429
168.777
146.761
130.609
119.288
111.701
106.835
103.845
102.085
101.089
100.549
100.267
100.126
100.057
100.025
100.011
100.004
100.002
100.001
100
100
100
100
100
100
100
100
100
100
100
100
100
100
100
100
100
100
100
100
100
100
100
100
100
100
100
100
100
100
100
100
100
100
100
100
100
100
100
100
100
100
100
100
100
100
100
100
100
100
100
100
373.807
322.676
275.132
233.007
197.43
168.778
146.761
130.61
119.289
111.701
106.835
103.845
102.085
101.09
100.549
100.267
100.126
100.057
100.025
100.011
100.004
100.002
100.001
100
100
100
100
100
100
100
100
100
100
100
100
100
100
100
100
100
100
100
100
100
100
100
100
100
100
100
100
100
100
100
100
100
100
100
100
100
100
100
100
100
100
100
100
100
100
100
100
100
100
100
100
373.807
322.676
275.133
233.008
197.431
168.778
146.762
130.61
119.289
111.701
106.835
103.846
102.085
101.09
100.549
100.267
100.126
100.057
100.025
100.011
100.004
100.002
100.001
100
100
100
100
100
100
100
100
100
100
100
100
100
100
100
100
100
100
100
100
100
100
100
100
100
100
100
100
100
100
100
100
100
100
100
100
100
100
100
100
100
100
100
100
100
100
100
100
100
100
100
100
373.807
322.676
275.133
233.008
197.431
168.779
146.762
130.61
119.289
111.701
106.835
103.846
102.085
101.09
100.549
100.267
100.126
100.057
100.025
100.011
100.004
100.002
100.001
100
100
100
100
100
100
100
100
100
100
100
100
100
100
100
100
100
100
100
100
100
100
100
100
100
100
100
100
100
100
100
100
100
100
100
100
100
100
100
100
100
100
100
100
100
100
100
100
100
100
100
100
373.807
322.677
275.133
233.008
197.431
168.779
146.762
130.61
119.289
111.701
106.835
103.846
102.085
101.09
100.549
100.267
100.126
100.057
100.025
100.011
100.004
100.002
100.001
100
100
100
100
100
100
100
100
100
100
100
100
100
100
100
100
100
100
100
100
100
100
100
100
100
100
100
100
100
100
100
100
100
100
100
100
100
100
100
100
100
100
100
100
100
100
100
100
100
100
100
100
373.807
322.677
275.133
233.008
197.431
168.779
146.762
130.61
119.289
111.701
106.835
103.846
102.085
101.09
100.549
100.267
100.126
100.057
100.025
100.011
100.004
100.002
100.001
100
100
100
100
100
100
100
100
100
100
100
100
100
100
100
100
100
100
100
100
100
100
100
100
100
100
100
100
100
100
100
100
100
100
100
100
100
100
100
100
100
100
100
100
100
100
100
100
100
100
100
100
373.807
322.677
275.133
233.008
197.431
168.779
146.762
130.61
119.289
111.701
106.835
103.846
102.085
101.09
100.549
100.267
100.126
100.057
100.025
100.011
100.004
100.002
100.001
100
100
100
100
100
100
100
100
100
100
100
100
100
100
100
100
100
100
100
100
100
100
100
100
100
100
100
100
100
100
100
100
100
100
100
100
100
100
100
100
100
100
100
100
100
100
100
100
100
100
100
100
373.807
322.677
275.133
233.008
197.431
168.779
146.762
130.61
119.289
111.701
106.835
103.846
102.085
101.09
100.549
100.267
100.126
100.057
100.025
100.011
100.004
100.002
100.001
100
100
100
100
100
100
100
100
100
100
100
100
100
100
100
100
100
100
100
100
100
100
100
100
100
100
100
100
100
100
100
100
100
100
100
100
100
100
100
100
100
100
100
100
100
100
100
100
100
100
100
100
373.807
322.677
275.133
233.008
197.431
168.779
146.762
130.61
119.289
111.701
106.835
103.846
102.085
101.09
100.549
100.267
100.126
100.057
100.025
100.011
100.004
100.002
100.001
100
100
100
100
100
100
100
100
100
100
100
100
100
100
100
100
100
100
100
100
100
100
100
100
100
100
100
100
100
100
100
100
100
100
100
100
100
100
100
100
100
100
100
100
100
100
100
100
100
100
100
100
373.807
322.677
275.133
233.008
197.431
168.779
146.762
130.61
119.289
111.701
106.835
103.846
102.085
101.09
100.549
100.267
100.126
100.057
100.025
100.011
100.004
100.002
100.001
100
100
100
100
100
100
100
100
100
100
100
100
100
100
100
100
100
100
100
100
100
100
100
100
100
100
100
100
100
100
100
100
100
100
100
100
100
100
100
100
100
100
100
100
100
100
100
100
100
100
100
100
373.807
322.677
275.133
233.008
197.431
168.779
146.762
130.61
119.289
111.701
106.835
103.846
102.085
101.09
100.549
100.267
100.126
100.057
100.025
100.011
100.004
100.002
100.001
100
100
100
100
100
100
100
100
100
100
100
100
100
100
100
100
100
100
100
100
100
100
100
100
100
100
100
100
100
100
100
100
100
100
100
100
100
100
100
100
100
100
100
100
100
100
100
100
100
100
100
100
373.807
322.677
275.133
233.008
197.431
168.779
146.762
130.61
119.289
111.701
106.835
103.846
102.085
101.09
100.549
100.267
100.126
100.057
100.025
100.011
100.004
100.002
100.001
100
100
100
100
100
100
100
100
100
100
100
100
100
100
100
100
100
100
100
100
100
100
100
100
100
100
100
100
100
100
100
100
100
100
100
100
100
100
100
100
100
100
100
100
100
100
100
100
100
100
100
100
373.807
322.677
275.133
233.008
197.431
168.779
146.762
130.61
119.289
111.701
106.835
103.846
102.085
101.09
100.549
100.267
100.126
100.057
100.025
100.011
100.004
100.002
100.001
100
100
100
100
100
100
100
100
100
100
100
100
100
100
100
100
100
100
100
100
100
100
100
100
100
100
100
100
100
100
100
100
100
100
100
100
100
100
100
100
100
100
100
100
100
100
100
100
100
100
100
100
373.807
322.677
275.133
233.008
197.431
168.779
146.762
130.61
119.289
111.701
106.835
103.846
102.085
101.09
100.549
100.267
100.126
100.057
100.025
100.011
100.004
100.002
100.001
100
100
100
100
100
100
100
100
100
100
100
100
100
100
100
100
100
100
100
100
100
100
100
100
100
100
100
100
100
100
100
100
100
100
100
100
100
100
100
100
100
100
100
100
100
100
100
100
100
100
100
100
373.807
322.677
275.133
233.008
197.431
168.779
146.762
130.61
119.289
111.701
106.835
103.846
102.085
101.09
100.549
100.267
100.126
100.057
100.025
100.011
100.004
100.002
100.001
100
100
100
100
100
100
100
100
100
100
100
100
100
100
100
100
100
100
100
100
100
100
100
100
100
100
100
100
100
100
100
100
100
100
100
100
100
100
100
100
100
100
100
100
100
100
100
100
100
100
100
100
373.807
322.677
275.133
233.008
197.431
168.779
146.762
130.61
119.289
111.701
106.835
103.846
102.085
101.09
100.549
100.267
100.126
100.057
100.025
100.011
100.004
100.002
100.001
100
100
100
100
100
100
100
100
100
100
100
100
100
100
100
100
100
100
100
100
100
100
100
100
100
100
100
100
100
100
100
100
100
100
100
100
100
100
100
100
100
100
100
100
100
100
100
100
100
100
100
100
373.807
322.677
275.133
233.008
197.431
168.779
146.762
130.61
119.289
111.701
106.835
103.846
102.085
101.09
100.549
100.267
100.126
100.057
100.025
100.011
100.004
100.002
100.001
100
100
100
100
100
100
100
100
100
100
100
100
100
100
100
100
100
100
100
100
100
100
100
100
100
100
100
100
100
100
100
100
100
100
100
100
100
100
100
100
100
100
100
100
100
100
100
100
100
100
100
100
373.807
322.677
275.133
233.008
197.431
168.779
146.762
130.61
119.289
111.701
106.835
103.846
102.085
101.09
100.549
100.267
100.126
100.057
100.025
100.011
100.004
100.002
100.001
100
100
100
100
100
100
100
100
100
100
100
100
100
100
100
100
100
100
100
100
100
100
100
100
100
100
100
100
100
100
100
100
100
100
100
100
100
100
100
100
100
100
100
100
100
100
100
100
100
100
100
100
373.807
322.677
275.133
233.008
197.431
168.779
146.762
130.61
119.289
111.701
106.835
103.846
102.085
101.09
100.549
100.267
100.126
100.057
100.025
100.011
100.004
100.002
100.001
100
100
100
100
100
100
100
100
100
100
100
100
100
100
100
100
100
100
100
100
100
100
100
100
100
100
100
100
100
100
100
100
100
100
100
100
100
100
100
100
100
100
100
100
100
100
100
100
100
100
100
100
373.807
322.677
275.133
233.008
197.431
168.779
146.762
130.61
119.289
111.701
106.835
103.846
102.085
101.09
100.549
100.267
100.126
100.057
100.025
100.011
100.004
100.002
100.001
100
100
100
100
100
100
100
100
100
100
100
100
100
100
100
100
100
100
100
100
100
100
100
100
100
100
100
100
100
100
100
100
100
100
100
100
100
100
100
100
100
100
100
100
100
100
100
100
100
100
100
100
373.807
322.677
275.133
233.008
197.431
168.779
146.762
130.61
119.289
111.701
106.835
103.846
102.085
101.09
100.549
100.267
100.126
100.057
100.025
100.011
100.004
100.002
100.001
100
100
100
100
100
100
100
100
100
100
100
100
100
100
100
100
100
100
100
100
100
100
100
100
100
100
100
100
100
100
100
100
100
100
100
100
100
100
100
100
100
100
100
100
100
100
100
100
100
100
100
100
373.807
322.677
275.133
233.008
197.431
168.779
146.762
130.61
119.289
111.701
106.835
103.846
102.085
101.09
100.549
100.267
100.126
100.057
100.025
100.011
100.004
100.002
100.001
100
100
100
100
100
100
100
100
100
100
100
100
100
100
100
100
100
100
100
100
100
100
100
100
100
100
100
100
100
100
100
100
100
100
100
100
100
100
100
100
100
100
100
100
100
100
100
100
100
100
100
100
373.807
322.677
275.133
233.008
197.431
168.779
146.762
130.61
119.289
111.701
106.835
103.846
102.085
101.09
100.549
100.267
100.126
100.057
100.025
100.011
100.004
100.002
100.001
100
100
100
100
100
100
100
100
100
100
100
100
100
100
100
100
100
100
100
100
100
100
100
100
100
100
100
100
100
100
100
100
100
100
100
100
100
100
100
100
100
100
100
100
100
100
100
100
100
100
100
100
373.807
322.677
275.133
233.008
197.431
168.779
146.762
130.61
119.289
111.701
106.835
103.846
102.085
101.09
100.549
100.267
100.126
100.057
100.025
100.011
100.004
100.002
100.001
100
100
100
100
100
100
100
100
100
100
100
100
100
100
100
100
100
100
100
100
100
100
100
100
100
100
100
100
100
100
100
100
100
100
100
100
100
100
100
100
100
100
100
100
100
100
100
100
100
100
100
100
373.807
322.677
275.133
233.008
197.431
168.779
146.762
130.61
119.289
111.701
106.835
103.846
102.085
101.09
100.549
100.267
100.126
100.057
100.025
100.011
100.004
100.002
100.001
100
100
100
100
100
100
100
100
100
100
100
100
100
100
100
100
100
100
100
100
100
100
100
100
100
100
100
100
100
100
100
100
100
100
100
100
100
100
100
100
100
100
100
100
100
100
100
100
100
100
100
100
373.807
322.677
275.133
233.008
197.431
168.779
146.762
130.61
119.289
111.701
106.835
103.846
102.085
101.09
100.549
100.267
100.126
100.057
100.025
100.011
100.004
100.002
100.001
100
100
100
100
100
100
100
100
100
100
100
100
100
100
100
100
100
100
100
100
100
100
100
100
100
100
100
100
100
100
100
100
100
100
100
100
100
100
100
100
100
100
100
100
100
100
100
100
100
100
100
100
373.807
322.677
275.133
233.008
197.431
168.779
146.762
130.61
119.289
111.701
106.835
103.846
102.085
101.09
100.549
100.267
100.126
100.057
100.025
100.011
100.004
100.002
100.001
100
100
100
100
100
100
100
100
100
100
100
100
100
100
100
100
100
100
100
100
100
100
100
100
100
100
100
100
100
100
100
100
100
100
100
100
100
100
100
100
100
100
100
100
100
100
100
100
100
100
100
100
373.807
322.677
275.133
233.008
197.431
168.779
146.762
130.61
119.289
111.701
106.835
103.846
102.085
101.09
100.549
100.267
100.126
100.057
100.025
100.011
100.004
100.002
100.001
100
100
100
100
100
100
100
100
100
100
100
100
100
100
100
100
100
100
100
100
100
100
100
100
100
100
100
100
100
100
100
100
100
100
100
100
100
100
100
100
100
100
100
100
100
100
100
100
100
100
100
100
373.807
322.677
275.133
233.008
197.431
168.779
146.762
130.61
119.289
111.701
106.835
103.846
102.085
101.09
100.549
100.267
100.126
100.057
100.025
100.011
100.004
100.002
100.001
100
100
100
100
100
100
100
100
100
100
100
100
100
100
100
100
100
100
100
100
100
100
100
100
100
100
100
100
100
100
100
100
100
100
100
100
100
100
100
100
100
100
100
100
100
100
100
100
100
100
100
100
373.807
322.677
275.133
233.008
197.431
168.779
146.762
130.61
119.289
111.701
106.835
103.846
102.085
101.09
100.549
100.267
100.126
100.057
100.025
100.011
100.004
100.002
100.001
100
100
100
100
100
100
100
100
100
100
100
100
100
100
100
100
100
100
100
100
100
100
100
100
100
100
100
100
100
100
100
100
100
100
100
100
100
100
100
100
100
100
100
100
100
100
100
100
100
100
100
100
373.807
322.677
275.133
233.008
197.431
168.779
146.762
130.61
119.289
111.701
106.835
103.846
102.085
101.09
100.549
100.267
100.126
100.057
100.025
100.011
100.004
100.002
100.001
100
100
100
100
100
100
100
100
100
100
100
100
100
100
100
100
100
100
100
100
100
100
100
100
100
100
100
100
100
100
100
100
100
100
100
100
100
100
100
100
100
100
100
100
100
100
100
100
100
100
100
100
373.807
322.677
275.133
233.008
197.431
168.779
146.762
130.61
119.289
111.701
106.835
103.846
102.085
101.09
100.549
100.267
100.126
100.057
100.025
100.011
100.004
100.002
100.001
100
100
100
100
100
100
100
100
100
100
100
100
100
100
100
100
100
100
100
100
100
100
100
100
100
100
100
100
100
100
100
100
100
100
100
100
100
100
100
100
100
100
100
100
100
100
100
100
100
100
100
100
373.807
322.677
275.133
233.008
197.431
168.779
146.762
130.61
119.289
111.701
106.835
103.846
102.085
101.09
100.549
100.267
100.126
100.057
100.025
100.011
100.004
100.002
100.001
100
100
100
100
100
100
100
100
100
100
100
100
100
100
100
100
100
100
100
100
100
100
100
100
100
100
100
100
100
100
100
100
100
100
100
100
100
100
100
100
100
100
100
100
100
100
100
100
100
100
100
100
373.807
322.677
275.133
233.008
197.431
168.779
146.762
130.61
119.289
111.701
106.835
103.846
102.085
101.09
100.549
100.267
100.126
100.057
100.025
100.011
100.004
100.002
100.001
100
100
100
100
100
100
100
100
100
100
100
100
100
100
100
100
100
100
100
100
100
100
100
100
100
100
100
100
100
100
100
100
100
100
100
100
100
100
100
100
100
100
100
100
100
100
100
100
100
100
100
100
373.807
322.677
275.133
233.008
197.431
168.779
146.762
130.61
119.289
111.701
106.835
103.846
102.085
101.09
100.549
100.267
100.126
100.057
100.025
100.011
100.004
100.002
100.001
100
100
100
100
100
100
100
100
100
100
100
100
100
100
100
100
100
100
100
100
100
100
100
100
100
100
100
100
100
100
100
100
100
100
100
100
100
100
100
100
100
100
100
100
100
100
100
100
100
100
100
100
373.807
322.677
275.133
233.008
197.431
168.779
146.762
130.61
119.289
111.701
106.835
103.846
102.085
101.09
100.549
100.267
100.126
100.057
100.025
100.011
100.004
100.002
100.001
100
100
100
100
100
100
100
100
100
100
100
100
100
100
100
100
100
100
100
100
100
100
100
100
100
100
100
100
100
100
100
100
100
100
100
100
100
100
100
100
100
100
100
100
100
100
100
100
100
100
100
100
373.807
322.677
275.133
233.008
197.431
168.779
146.762
130.61
119.289
111.701
106.835
103.846
102.085
101.09
100.549
100.267
100.126
100.057
100.025
100.011
100.004
100.002
100.001
100
100
100
100
100
100
100
100
100
100
100
100
100
100
100
100
100
100
100
100
100
100
100
100
100
100
100
100
100
100
100
100
100
100
100
100
100
100
100
100
100
100
100
100
100
100
100
100
100
100
100
100
373.807
322.677
275.133
233.008
197.431
168.779
146.762
130.61
119.289
111.701
106.835
103.846
102.085
101.09
100.549
100.267
100.126
100.057
100.025
100.011
100.004
100.002
100.001
100
100
100
100
100
100
100
100
100
100
100
100
100
100
100
100
100
100
100
100
100
100
100
100
100
100
100
100
100
100
100
100
100
100
100
100
100
100
100
100
100
100
100
100
100
100
100
100
100
100
100
100
373.807
322.677
275.133
233.008
197.431
168.779
146.762
130.61
119.289
111.701
106.835
103.846
102.085
101.09
100.549
100.267
100.126
100.057
100.025
100.011
100.004
100.002
100.001
100
100
100
100
100
100
100
100
100
100
100
100
100
100
100
100
100
100
100
100
100
100
100
100
100
100
100
100
100
100
100
100
100
100
100
100
100
100
100
100
100
100
100
100
100
100
100
100
100
100
100
100
373.807
322.677
275.133
233.008
197.431
168.779
146.762
130.61
119.289
111.701
106.835
103.846
102.085
101.09
100.549
100.267
100.126
100.057
100.025
100.011
100.004
100.002
100.001
100
100
100
100
100
100
100
100
100
100
100
100
100
100
100
100
100
100
100
100
100
100
100
100
100
100
100
100
100
100
100
100
100
100
100
100
100
100
100
100
100
100
100
100
100
100
100
100
100
100
100
100
373.807
322.677
275.133
233.008
197.431
168.779
146.762
130.61
119.289
111.701
106.835
103.846
102.085
101.09
100.549
100.267
100.126
100.057
100.025
100.011
100.004
100.002
100.001
100
100
100
100
100
100
100
100
100
100
100
100
100
100
100
100
100
100
100
100
100
100
100
100
100
100
100
100
100
100
100
100
100
100
100
100
100
100
100
100
100
100
100
100
100
100
100
100
100
100
100
100
373.807
322.677
275.133
233.008
197.431
168.779
146.762
130.61
119.289
111.701
106.835
103.846
102.085
101.09
100.549
100.267
100.126
100.057
100.025
100.011
100.004
100.002
100.001
100
100
100
100
100
100
100
100
100
100
100
100
100
100
100
100
100
100
100
100
100
100
100
100
100
100
100
100
100
100
100
100
100
100
100
100
100
100
100
100
100
100
100
100
100
100
100
100
100
100
100
100
373.807
322.677
275.133
233.008
197.431
168.779
146.762
130.61
119.289
111.701
106.835
103.846
102.085
101.09
100.549
100.267
100.126
100.057
100.025
100.011
100.004
100.002
100.001
100
100
100
100
100
100
100
100
100
100
100
100
100
100
100
100
100
100
100
100
100
100
100
100
100
100
100
100
100
100
100
100
100
100
100
100
100
100
100
100
100
100
100
100
100
100
100
100
100
100
100
100
373.807
322.677
275.133
233.008
197.431
168.779
146.762
130.61
119.289
111.701
106.835
103.846
102.085
101.09
100.549
100.267
100.126
100.057
100.025
100.011
100.004
100.002
100.001
100
100
100
100
100
100
100
100
100
100
100
100
100
100
100
100
100
100
100
100
100
100
100
100
100
100
100
100
100
100
100
100
100
100
100
100
100
100
100
100
100
100
100
100
100
100
100
100
100
100
100
100
373.807
322.677
275.133
233.008
197.431
168.779
146.762
130.61
119.289
111.701
106.835
103.846
102.085
101.09
100.549
100.267
100.126
100.057
100.025
100.011
100.004
100.002
100.001
100
100
100
100
100
100
100
100
100
100
100
100
100
100
100
100
100
100
100
100
100
100
100
100
100
100
100
100
100
100
100
100
100
100
100
100
100
100
100
100
100
100
100
100
100
100
100
100
100
100
100
100
373.807
322.677
275.133
233.008
197.431
168.779
146.762
130.61
119.289
111.701
106.835
103.846
102.085
101.09
100.549
100.267
100.126
100.057
100.025
100.011
100.004
100.002
100.001
100
100
100
100
100
100
100
100
100
100
100
100
100
100
100
100
100
100
100
100
100
100
100
100
100
100
100
100
100
100
100
100
100
100
100
100
100
100
100
100
100
100
100
100
100
100
100
100
100
100
100
100
373.807
322.677
275.133
233.008
197.431
168.779
146.762
130.61
119.289
111.701
106.835
103.846
102.085
101.09
100.549
100.267
100.126
100.057
100.025
100.011
100.004
100.002
100.001
100
100
100
100
100
100
100
100
100
100
100
100
100
100
100
100
100
100
100
100
100
100
100
100
100
100
100
100
100
100
100
100
100
100
100
100
100
100
100
100
100
100
100
100
100
100
100
100
100
100
100
100
373.807
322.677
275.133
233.008
197.431
168.779
146.762
130.61
119.289
111.701
106.835
103.846
102.085
101.09
100.549
100.267
100.126
100.057
100.025
100.011
100.004
100.002
100.001
100
100
100
100
100
100
100
100
100
100
100
100
100
100
100
100
100
100
100
100
100
100
100
100
100
100
100
100
100
100
100
100
100
100
100
100
100
100
100
100
100
100
100
100
100
100
100
100
100
100
100
100
373.807
322.677
275.133
233.008
197.431
168.779
146.762
130.61
119.289
111.701
106.835
103.846
102.085
101.09
100.549
100.267
100.126
100.057
100.025
100.011
100.004
100.002
100.001
100
100
100
100
100
100
100
100
100
100
100
100
100
100
100
100
100
100
100
100
100
100
100
100
100
100
100
100
100
100
100
100
100
100
100
100
100
100
100
100
100
100
100
100
100
100
100
100
100
100
100
100
373.807
322.677
275.133
233.008
197.431
168.779
146.762
130.61
119.289
111.701
106.835
103.846
102.085
101.09
100.549
100.267
100.126
100.057
100.025
100.011
100.004
100.002
100.001
100
100
100
100
100
100
100
100
100
100
100
100
100
100
100
100
100
100
100
100
100
100
100
100
100
100
100
100
100
100
100
100
100
100
100
100
100
100
100
100
100
100
100
100
100
100
100
100
100
100
100
100
373.807
322.677
275.133
233.008
197.431
168.779
146.762
130.61
119.289
111.701
106.835
103.846
102.085
101.09
100.549
100.267
100.126
100.057
100.025
100.011
100.004
100.002
100.001
100
100
100
100
100
100
100
100
100
100
100
100
100
100
100
100
100
100
100
100
100
100
100
100
100
100
100
100
100
100
100
100
100
100
100
100
100
100
100
100
100
100
100
100
100
100
100
100
100
100
100
100
373.807
322.677
275.133
233.008
197.431
168.779
146.762
130.61
119.289
111.701
106.835
103.846
102.085
101.09
100.549
100.267
100.126
100.057
100.025
100.011
100.004
100.002
100.001
100
100
100
100
100
100
100
100
100
100
100
100
100
100
100
100
100
100
100
100
100
100
100
100
100
100
100
100
100
100
100
100
100
100
100
100
100
100
100
100
100
100
100
100
100
100
100
100
100
100
100
100
373.807
322.677
275.133
233.008
197.431
168.779
146.762
130.61
119.289
111.701
106.835
103.846
102.085
101.09
100.549
100.267
100.126
100.057
100.025
100.011
100.004
100.002
100.001
100
100
100
100
100
100
100
100
100
100
100
100
100
100
100
100
100
100
100
100
100
100
100
100
100
100
100
100
100
100
100
100
100
100
100
100
100
100
100
100
100
100
100
100
100
100
100
100
100
100
100
100
373.807
322.677
275.133
233.008
197.431
168.779
146.762
130.61
119.289
111.701
106.835
103.846
102.085
101.09
100.549
100.267
100.126
100.057
100.025
100.011
100.004
100.002
100.001
100
100
100
100
100
100
100
100
100
100
100
100
100
100
100
100
100
100
100
100
100
100
100
100
100
100
100
100
100
100
100
100
100
100
100
100
100
100
100
100
100
100
100
100
100
100
100
100
100
100
100
100
373.807
322.677
275.133
233.008
197.431
168.779
146.762
130.61
119.289
111.701
106.835
103.846
102.085
101.09
100.549
100.267
100.126
100.057
100.025
100.011
100.004
100.002
100.001
100
100
100
100
100
100
100
100
100
100
100
100
100
100
100
100
100
100
100
100
100
100
100
100
100
100
100
100
100
100
100
100
100
100
100
100
100
100
100
100
100
100
100
100
100
100
100
100
100
100
100
100
373.807
322.677
275.133
233.008
197.431
168.779
146.762
130.61
119.289
111.701
106.835
103.846
102.085
101.09
100.549
100.267
100.126
100.057
100.025
100.011
100.004
100.002
100.001
100
100
100
100
100
100
100
100
100
100
100
100
100
100
100
100
100
100
100
100
100
100
100
100
100
100
100
100
100
100
100
100
100
100
100
100
100
100
100
100
100
100
100
100
100
100
100
100
100
100
100
100
373.807
322.677
275.133
233.008
197.431
168.779
146.762
130.61
119.289
111.701
106.835
103.846
102.085
101.09
100.549
100.267
100.126
100.057
100.025
100.011
100.004
100.002
100.001
100
100
100
100
100
100
100
100
100
100
100
100
100
100
100
100
100
100
100
100
100
100
100
100
100
100
100
100
100
100
100
100
100
100
100
100
100
100
100
100
100
100
100
100
100
100
100
100
100
100
100
100
373.807
322.677
275.133
233.008
197.431
168.779
146.762
130.61
119.289
111.701
106.835
103.846
102.085
101.09
100.549
100.267
100.126
100.057
100.025
100.011
100.004
100.002
100.001
100
100
100
100
100
100
100
100
100
100
100
100
100
100
100
100
100
100
100
100
100
100
100
100
100
100
100
100
100
100
100
100
100
100
100
100
100
100
100
100
100
100
100
100
100
100
100
100
100
100
100
100
373.807
322.677
275.133
233.008
197.431
168.779
146.762
130.61
119.289
111.701
106.835
103.846
102.085
101.09
100.549
100.267
100.126
100.057
100.025
100.011
100.004
100.002
100.001
100
100
100
100
100
100
100
100
100
100
100
100
100
100
100
100
100
100
100
100
100
100
100
100
100
100
100
100
100
100
100
100
100
100
100
100
100
100
100
100
100
100
100
100
100
100
100
100
100
100
100
100
373.807
322.677
275.133
233.008
197.431
168.779
146.762
130.61
119.289
111.701
106.835
103.846
102.085
101.09
100.549
100.267
100.126
100.057
100.025
100.011
100.004
100.002
100.001
100
100
100
100
100
100
100
100
100
100
100
100
100
100
100
100
100
100
100
100
100
100
100
100
100
100
100
100
100
100
100
100
100
100
100
100
100
100
100
100
100
100
100
100
100
100
100
100
100
100
100
100
373.807
322.677
275.133
233.008
197.431
168.779
146.762
130.61
119.289
111.701
106.835
103.846
102.085
101.09
100.549
100.267
100.126
100.057
100.025
100.011
100.004
100.002
100.001
100
100
100
100
100
100
100
100
100
100
100
100
100
100
100
100
100
100
100
100
100
100
100
100
100
100
100
100
100
100
100
100
100
100
100
100
100
100
100
100
100
100
100
100
100
100
100
100
100
100
100
100
373.807
322.677
275.133
233.008
197.431
168.779
146.762
130.61
119.289
111.701
106.835
103.846
102.085
101.09
100.549
100.267
100.126
100.057
100.025
100.011
100.004
100.002
100.001
100
100
100
100
100
100
100
100
100
100
100
100
100
100
100
100
100
100
100
100
100
100
100
100
100
100
100
100
100
100
100
100
100
100
100
100
100
100
100
100
100
100
100
100
100
100
100
100
100
100
100
100
373.807
322.677
275.133
233.008
197.431
168.779
146.762
130.61
119.289
111.701
106.835
103.846
102.085
101.09
100.549
100.267
100.126
100.057
100.025
100.011
100.004
100.002
100.001
100
100
100
100
100
100
100
100
100
100
100
100
100
100
100
100
100
100
100
100
100
100
100
100
100
100
100
100
100
100
100
100
100
100
100
100
100
100
100
100
100
100
100
100
100
100
100
100
100
100
100
100
373.807
322.677
275.133
233.008
197.431
168.779
146.762
130.61
119.289
111.701
106.835
103.846
102.085
101.09
100.549
100.267
100.126
100.057
100.025
100.011
100.004
100.002
100.001
100
100
100
100
100
100
100
100
100
100
100
100
100
100
100
100
100
100
100
100
100
100
100
100
100
100
100
100
100
100
100
100
100
100
100
100
100
100
100
100
100
100
100
100
100
100
100
100
100
100
100
100
373.807
322.677
275.133
233.008
197.431
168.779
146.762
130.61
119.289
111.701
106.835
103.846
102.085
101.09
100.549
100.267
100.126
100.057
100.025
100.011
100.004
100.002
100.001
100
100
100
100
100
100
100
100
100
100
100
100
100
100
100
100
100
100
100
100
100
100
100
100
100
100
100
100
100
100
100
100
100
100
100
100
100
100
100
100
100
100
100
100
100
100
100
100
100
100
100
100
373.807
322.677
275.133
233.008
197.431
168.779
146.762
130.61
119.289
111.701
106.835
103.846
102.085
101.09
100.549
100.267
100.126
100.057
100.025
100.011
100.004
100.002
100.001
100
100
100
100
100
100
100
100
100
100
100
100
100
100
100
100
100
100
100
100
100
100
100
100
100
100
100
100
100
100
100
100
100
100
100
100
100
100
100
100
100
100
100
100
100
100
100
100
100
100
100
100
373.807
322.677
275.133
233.008
197.431
168.779
146.762
130.61
119.289
111.701
106.835
103.846
102.085
101.09
100.549
100.267
100.126
100.057
100.025
100.011
100.004
100.002
100.001
100
100
100
100
100
100
100
100
100
100
100
100
100
100
100
100
100
100
100
100
100
100
100
100
100
100
100
100
100
100
100
100
100
100
100
100
100
100
100
100
100
100
100
100
100
100
100
100
100
100
100
100
373.807
322.677
275.133
233.008
197.431
168.779
146.762
130.61
119.289
111.701
106.835
103.846
102.085
101.09
100.549
100.267
100.126
100.057
100.025
100.011
100.004
100.002
100.001
100
100
100
100
100
100
100
100
100
100
100
100
100
100
100
100
100
100
100
100
100
100
100
100
100
100
100
100
100
100
100
100
100
100
100
100
100
100
100
100
100
100
100
100
100
100
100
100
100
100
100
100
373.807
322.677
275.133
233.008
197.431
168.779
146.762
130.61
119.289
111.701
106.835
103.846
102.085
101.09
100.549
100.267
100.126
100.057
100.025
100.011
100.004
100.002
100.001
100
100
100
100
100
100
100
100
100
100
100
100
100
100
100
100
100
100
100
100
100
100
100
100
100
100
100
100
100
100
100
100
100
100
100
100
100
100
100
100
100
100
100
100
100
100
100
100
100
100
100
100
373.807
322.677
275.133
233.008
197.431
168.779
146.762
130.61
119.289
111.701
106.835
103.846
102.085
101.09
100.549
100.267
100.126
100.057
100.025
100.011
100.004
100.002
100.001
100
100
100
100
100
100
100
100
100
100
100
100
100
100
100
100
100
100
100
100
100
100
100
100
100
100
100
100
100
100
100
100
100
100
100
100
100
100
100
100
100
100
100
100
100
100
100
100
100
100
100
100
373.807
322.677
275.133
233.008
197.431
168.779
146.762
130.61
119.289
111.701
106.835
103.846
102.085
101.09
100.549
100.267
100.126
100.057
100.025
100.011
100.004
100.002
100.001
100
100
100
100
100
100
100
100
100
100
100
100
100
100
100
100
100
100
100
100
100
100
100
100
100
100
100
100
100
100
100
100
100
100
100
100
100
100
100
100
100
100
100
100
100
100
100
100
100
100
100
100
373.807
322.677
275.133
233.008
197.431
168.779
146.762
130.61
119.289
111.701
106.835
103.846
102.085
101.09
100.549
100.267
100.126
100.057
100.025
100.011
100.004
100.002
100.001
100
100
100
100
100
100
100
100
100
100
100
100
100
100
100
100
100
100
100
100
100
100
100
100
100
100
100
100
100
100
100
100
100
100
100
100
100
100
100
100
100
100
100
100
100
100
100
100
100
100
100
100
373.807
322.677
275.133
233.008
197.431
168.779
146.762
130.61
119.289
111.701
106.835
103.846
102.085
101.09
100.549
100.267
100.126
100.057
100.025
100.011
100.004
100.002
100.001
100
100
100
100
100
100
100
100
100
100
100
100
100
100
100
100
100
100
100
100
100
100
100
100
100
100
100
100
100
100
100
100
100
100
100
100
100
100
100
100
100
100
100
100
100
100
100
100
100
100
100
100
373.807
322.677
275.133
233.008
197.431
168.779
146.762
130.61
119.289
111.701
106.835
103.846
102.085
101.09
100.549
100.267
100.126
100.057
100.025
100.011
100.004
100.002
100.001
100
100
100
100
100
100
100
100
100
100
100
100
100
100
100
100
100
100
100
100
100
100
100
100
100
100
100
100
100
100
100
100
100
100
100
100
100
100
100
100
100
100
100
100
100
100
100
100
100
100
100
100
373.807
322.677
275.133
233.008
197.431
168.779
146.762
130.61
119.289
111.701
106.835
103.846
102.085
101.09
100.549
100.267
100.126
100.057
100.025
100.011
100.004
100.002
100.001
100
100
100
100
100
100
100
100
100
100
100
100
100
100
100
100
100
100
100
100
100
100
100
100
100
100
100
100
100
100
100
100
100
100
100
100
100
100
100
100
100
100
100
100
100
100
100
100
100
100
100
100
373.807
322.677
275.133
233.008
197.431
168.779
146.762
130.61
119.289
111.701
106.835
103.846
102.085
101.09
100.549
100.267
100.126
100.057
100.025
100.011
100.004
100.002
100.001
100
100
100
100
100
100
100
100
100
100
100
100
100
100
100
100
100
100
100
100
100
100
100
100
100
100
100
100
100
100
100
100
100
100
100
100
100
100
100
100
100
100
100
100
100
100
100
100
100
100
100
100
373.807
322.677
275.133
233.008
197.431
168.779
146.762
130.61
119.289
111.701
106.835
103.846
102.085
101.09
100.549
100.267
100.126
100.057
100.025
100.011
100.004
100.002
100.001
100
100
100
100
100
100
100
100
100
100
100
100
100
100
100
100
100
100
100
100
100
100
100
100
100
100
100
100
100
100
100
100
100
100
100
100
100
100
100
100
100
100
100
100
100
100
100
100
100
100
100
100
373.807
322.677
275.133
233.008
197.431
168.779
146.762
130.61
119.289
111.701
106.835
103.846
102.085
101.09
100.549
100.267
100.126
100.057
100.025
100.011
100.004
100.002
100.001
100
100
100
100
100
100
100
100
100
100
100
100
100
100
100
100
100
100
100
100
100
100
100
100
100
100
100
100
100
100
100
100
100
100
100
100
100
100
100
100
100
100
100
100
100
100
100
100
100
100
100
100
373.807
322.677
275.133
233.008
197.431
168.779
146.762
130.61
119.289
111.701
106.835
103.846
102.085
101.09
100.549
100.267
100.126
100.057
100.025
100.011
100.004
100.002
100.001
100
100
100
100
100
100
100
100
100
100
100
100
100
100
100
100
100
100
100
100
100
100
100
100
100
100
100
100
100
100
100
100
100
100
100
100
100
100
100
100
100
100
100
100
100
100
100
100
100
100
100
100
373.807
322.677
275.133
233.008
197.431
168.779
146.762
130.61
119.289
111.701
106.835
103.846
102.085
101.09
100.549
100.267
100.126
100.057
100.025
100.011
100.004
100.002
100.001
100
100
100
100
100
100
100
100
100
100
100
100
100
100
100
100
100
100
100
100
100
100
100
100
100
100
100
100
100
100
100
100
100
100
100
100
100
100
100
100
100
100
100
100
100
100
100
100
100
100
100
100
373.807
322.677
275.133
233.008
197.431
168.779
146.762
130.61
119.289
111.701
106.835
103.846
102.085
101.09
100.549
100.267
100.126
100.057
100.025
100.011
100.004
100.002
100.001
100
100
100
100
100
100
100
100
100
100
100
100
100
100
100
100
100
100
100
100
100
100
100
100
100
100
100
100
100
100
100
100
100
100
100
100
100
100
100
100
100
100
100
100
100
100
100
100
100
100
100
100
373.807
322.677
275.133
233.008
197.431
168.779
146.762
130.61
119.289
111.701
106.835
103.846
102.085
101.09
100.549
100.267
100.126
100.057
100.025
100.011
100.004
100.002
100.001
100
100
100
100
100
100
100
100
100
100
100
100
100
100
100
100
100
100
100
100
100
100
100
100
100
100
100
100
100
100
100
100
100
100
100
100
100
100
100
100
100
100
100
100
100
100
100
100
100
100
100
100
373.807
322.677
275.133
233.008
197.431
168.779
146.762
130.61
119.289
111.701
106.835
103.846
102.085
101.09
100.549
100.267
100.126
100.057
100.025
100.011
100.004
100.002
100.001
100
100
100
100
100
100
100
100
100
100
100
100
100
100
100
100
100
100
100
100
100
100
100
100
100
100
100
100
100
100
100
100
100
100
100
100
100
100
100
100
100
100
100
100
100
100
100
100
100
100
100
100
373.807
322.677
275.133
233.008
197.431
168.779
146.762
130.61
119.289
111.701
106.835
103.846
102.085
101.09
100.549
100.267
100.126
100.057
100.025
100.011
100.004
100.002
100.001
100
100
100
100
100
100
100
100
100
100
100
100
100
100
100
100
100
100
100
100
100
100
100
100
100
100
100
100
100
100
100
100
100
100
100
100
100
100
100
100
100
100
100
100
100
100
100
100
100
100
100
100
373.807
322.677
275.133
233.008
197.431
168.779
146.762
130.61
119.289
111.701
106.835
103.846
102.085
101.09
100.549
100.267
100.126
100.057
100.025
100.011
100.004
100.002
100.001
100
100
100
100
100
100
100
100
100
100
100
100
100
100
100
100
100
100
100
100
100
100
100
100
100
100
100
100
100
100
100
100
100
100
100
100
100
100
100
100
100
100
100
100
100
100
100
100
100
100
100
100
373.807
322.677
275.133
233.008
197.431
168.779
146.762
130.61
119.289
111.701
106.835
103.846
102.085
101.09
100.549
100.267
100.126
100.057
100.025
100.011
100.004
100.002
100.001
100
100
100
100
100
100
100
100
100
100
100
100
100
100
100
100
100
100
100
100
100
100
100
100
100
100
100
100
100
100
100
100
100
100
100
100
100
100
100
100
100
100
100
100
100
100
100
100
100
100
100
100
373.807
322.677
275.133
233.008
197.431
168.779
146.762
130.61
119.289
111.701
106.835
103.846
102.085
101.09
100.549
100.267
100.126
100.057
100.025
100.011
100.004
100.002
100.001
100
100
100
100
100
100
100
100
100
100
100
100
100
100
100
100
100
100
100
100
100
100
100
100
100
100
100
100
100
100
100
100
100
100
100
100
100
100
100
100
100
100
100
100
100
100
100
100
100
100
100
100
373.807
322.677
275.133
233.008
197.431
168.779
146.762
130.61
119.289
111.701
106.835
103.846
102.085
101.09
100.549
100.267
100.126
100.057
100.025
100.011
100.004
100.002
100.001
100
100
100
100
100
100
100
100
100
100
100
100
100
100
100
100
100
100
100
100
100
100
100
100
100
100
100
100
100
100
100
100
100
100
100
100
100
100
100
100
100
100
100
100
100
100
100
100
100
100
100
100
373.807
322.677
275.133
233.008
197.431
168.779
146.762
130.61
119.289
111.701
106.835
103.846
102.085
101.09
100.549
100.267
100.126
100.057
100.025
100.011
100.004
100.002
100.001
100
100
100
100
100
100
100
100
100
100
100
100
100
100
100
100
100
100
100
100
100
100
100
100
100
100
100
100
100
100
100
100
100
100
100
100
100
100
100
100
100
100
100
100
100
100
100
100
100
100
100
100
373.807
322.677
275.133
233.008
197.431
168.779
146.762
130.61
119.289
111.701
106.835
103.846
102.085
101.09
100.549
100.267
100.126
100.057
100.025
100.011
100.004
100.002
100.001
100
100
100
100
100
100
100
100
100
100
100
100
100
100
100
100
100
100
100
100
100
100
100
100
100
100
100
100
100
100
100
100
100
100
100
100
100
100
100
100
100
100
100
100
100
100
100
100
100
100
100
100
373.807
322.677
275.133
233.008
197.431
168.779
146.762
130.61
119.289
111.701
106.835
103.846
102.085
101.09
100.549
100.267
100.126
100.057
100.025
100.011
100.004
100.002
100.001
100
100
100
100
100
100
100
100
100
100
100
100
100
100
100
100
100
100
100
100
100
100
100
100
100
100
100
100
100
100
100
100
100
100
100
100
100
100
100
100
100
100
100
100
100
100
100
100
100
100
100
100
373.807
322.677
275.133
233.008
197.431
168.779
146.762
130.61
119.289
111.701
106.835
103.846
102.085
101.09
100.549
100.267
100.126
100.057
100.025
100.011
100.004
100.002
100.001
100
100
100
100
100
100
100
100
100
100
100
100
100
100
100
100
100
100
100
100
100
100
100
100
100
100
100
100
100
100
100
100
100
100
100
100
100
100
100
100
100
100
100
100
100
100
100
100
100
100
100
100
373.807
322.677
275.133
233.008
197.431
168.779
146.762
130.61
119.289
111.701
106.835
103.846
102.085
101.09
100.549
100.267
100.126
100.057
100.025
100.011
100.004
100.002
100.001
100
100
100
100
100
100
100
100
100
100
100
100
100
100
100
100
100
100
100
100
100
100
100
100
100
100
100
100
100
100
100
100
100
100
100
100
100
100
100
100
100
100
100
100
100
100
100
100
100
100
100
100
373.807
322.677
275.133
233.008
197.431
168.779
146.762
130.61
119.289
111.701
106.835
103.846
102.085
101.09
100.549
100.267
100.126
100.057
100.025
100.011
100.004
100.002
100.001
100
100
100
100
100
100
100
100
100
100
100
100
100
100
100
100
100
100
100
100
100
100
100
100
100
100
100
100
100
100
100
100
100
100
100
100
100
100
100
100
100
100
100
100
100
100
100
100
100
100
100
100
373.807
322.677
275.133
233.008
197.431
168.779
146.762
130.61
119.289
111.701
106.835
103.846
102.085
101.09
100.549
100.267
100.126
100.057
100.025
100.011
100.004
100.002
100.001
100
100
100
100
100
100
100
100
100
100
100
100
100
100
100
100
100
100
100
100
100
100
100
100
100
100
100
100
100
100
100
100
100
100
100
100
100
100
100
100
100
100
100
100
100
100
100
100
100
100
100
100
373.807
322.677
275.133
233.008
197.431
168.779
146.762
130.61
119.289
111.701
106.835
103.846
102.085
101.09
100.549
100.267
100.126
100.057
100.025
100.011
100.004
100.002
100.001
100
100
100
100
100
100
100
100
100
100
100
100
100
100
100
100
100
100
100
100
100
100
100
100
100
100
100
100
100
100
100
100
100
100
100
100
100
100
100
100
100
100
100
100
100
100
100
100
100
100
100
100
373.807
322.677
275.133
233.008
197.431
168.779
146.762
130.61
119.289
111.701
106.835
103.846
102.085
101.09
100.549
100.267
100.126
100.057
100.025
100.011
100.004
100.002
100.001
100
100
100
100
100
100
100
100
100
100
100
100
100
100
100
100
100
100
100
100
100
100
100
100
100
100
100
100
100
100
100
100
100
100
100
100
100
100
100
100
100
100
100
100
100
100
100
100
100
100
100
100
373.807
322.677
275.133
233.008
197.431
168.779
146.762
130.61
119.289
111.701
106.835
103.846
102.085
101.09
100.549
100.267
100.126
100.057
100.025
100.011
100.004
100.002
100.001
100
100
100
100
100
100
100
100
100
100
100
100
100
100
100
100
100
100
100
100
100
100
100
100
100
100
100
100
100
100
100
100
100
100
100
100
100
100
100
100
100
100
100
100
100
100
100
100
100
100
100
100
373.807
322.677
275.133
233.008
197.431
168.779
146.762
130.61
119.289
111.701
106.835
103.846
102.085
101.09
100.549
100.267
100.126
100.057
100.025
100.011
100.004
100.002
100.001
100
100
100
100
100
100
100
100
100
100
100
100
100
100
100
100
100
100
100
100
100
100
100
100
100
100
100
100
100
100
100
100
100
100
100
100
100
100
100
100
100
100
100
100
100
100
100
100
100
100
100
100
373.807
322.677
275.133
233.008
197.431
168.779
146.762
130.61
119.289
111.701
106.835
103.846
102.085
101.09
100.549
100.267
100.126
100.057
100.025
100.011
100.004
100.002
100.001
100
100
100
100
100
100
100
100
100
100
100
100
100
100
100
100
100
100
100
100
100
100
100
100
100
100
100
100
100
100
100
100
100
100
100
100
100
100
100
100
100
100
100
100
100
100
100
100
100
100
100
100
373.807
322.677
275.133
233.008
197.431
168.779
146.762
130.61
119.289
111.701
106.835
103.846
102.085
101.09
100.549
100.267
100.126
100.057
100.025
100.011
100.004
100.002
100.001
100
100
100
100
100
100
100
100
100
100
100
100
100
100
100
100
100
100
100
100
100
100
100
100
100
100
100
100
100
100
100
100
100
100
100
100
100
100
100
100
100
100
100
100
100
100
100
100
100
100
100
100
373.807
322.677
275.133
233.008
197.431
168.779
146.762
130.61
119.289
111.701
106.835
103.846
102.085
101.09
100.549
100.267
100.126
100.057
100.025
100.011
100.004
100.002
100.001
100
100
100
100
100
100
100
100
100
100
100
100
100
100
100
100
100
100
100
100
100
100
100
100
100
100
100
100
100
100
100
100
100
100
100
100
100
100
100
100
100
100
100
100
100
100
100
100
100
100
100
100
373.807
322.677
275.133
233.008
197.431
168.779
146.762
130.61
119.289
111.701
106.835
103.846
102.085
101.09
100.549
100.267
100.126
100.057
100.025
100.011
100.004
100.002
100.001
100
100
100
100
100
100
100
100
100
100
100
100
100
100
100
100
100
100
100
100
100
100
100
100
100
100
100
100
100
100
100
100
100
100
100
100
100
100
100
100
100
100
100
100
100
100
100
100
100
100
100
100
373.807
322.677
275.133
233.008
197.431
168.779
146.762
130.61
119.289
111.701
106.835
103.846
102.085
101.09
100.549
100.267
100.126
100.057
100.025
100.011
100.004
100.002
100.001
100
100
100
100
100
100
100
100
100
100
100
100
100
100
100
100
100
100
100
100
100
100
100
100
100
100
100
100
100
100
100
100
100
100
100
100
100
100
100
100
100
100
100
100
100
100
100
100
100
100
100
100
373.807
322.677
275.133
233.008
197.431
168.779
146.762
130.61
119.289
111.701
106.835
103.846
102.085
101.09
100.549
100.267
100.126
100.057
100.025
100.011
100.004
100.002
100.001
100
100
100
100
100
100
100
100
100
100
100
100
100
100
100
100
100
100
100
100
100
100
100
100
100
100
100
100
100
100
100
100
100
100
100
100
100
100
100
100
100
100
100
100
100
100
100
100
100
100
100
100
373.807
322.677
275.133
233.008
197.431
168.779
146.762
130.61
119.289
111.701
106.835
103.846
102.085
101.09
100.549
100.267
100.126
100.057
100.025
100.011
100.004
100.002
100.001
100
100
100
100
100
100
100
100
100
100
100
100
100
100
100
100
100
100
100
100
100
100
100
100
100
100
100
100
100
100
100
100
100
100
100
100
100
100
100
100
100
100
100
100
100
100
100
100
100
100
100
100
373.807
322.677
275.133
233.008
197.431
168.779
146.762
130.61
119.289
111.701
106.835
103.846
102.085
101.09
100.549
100.267
100.126
100.057
100.025
100.011
100.004
100.002
100.001
100
100
100
100
100
100
100
100
100
100
100
100
100
100
100
100
100
100
100
100
100
100
100
100
100
100
100
100
100
100
100
100
100
100
100
100
100
100
100
100
100
100
100
100
100
100
100
100
100
100
100
100
373.807
322.677
275.133
233.008
197.431
168.779
146.762
130.61
119.289
111.701
106.835
103.846
102.085
101.09
100.549
100.267
100.126
100.057
100.025
100.011
100.004
100.002
100.001
100
100
100
100
100
100
100
100
100
100
100
100
100
100
100
100
100
100
100
100
100
100
100
100
100
100
100
100
100
100
100
100
100
100
100
100
100
100
100
100
100
100
100
100
100
100
100
100
100
100
100
100
373.807
322.677
275.133
233.008
197.431
168.779
146.762
130.61
119.289
111.701
106.835
103.846
102.085
101.09
100.549
100.267
100.126
100.057
100.025
100.011
100.004
100.002
100.001
100
100
100
100
100
100
100
100
100
100
100
100
100
100
100
100
100
100
100
100
100
100
100
100
100
100
100
100
100
100
100
100
100
100
100
100
100
100
100
100
100
100
100
100
100
100
100
100
100
100
100
100
373.807
322.677
275.133
233.008
197.431
168.779
146.762
130.61
119.289
111.701
106.835
103.846
102.085
101.09
100.549
100.267
100.126
100.057
100.025
100.011
100.004
100.002
100.001
100
100
100
100
100
100
100
100
100
100
100
100
100
100
100
100
100
100
100
100
100
100
100
100
100
100
100
100
100
100
100
100
100
100
100
100
100
100
100
100
100
100
100
100
100
100
100
100
100
100
100
100
373.807
322.677
275.133
233.008
197.431
168.779
146.762
130.61
119.289
111.701
106.835
103.846
102.085
101.09
100.549
100.267
100.126
100.057
100.025
100.011
100.004
100.002
100.001
100
100
100
100
100
100
100
100
100
100
100
100
100
100
100
100
100
100
100
100
100
100
100
100
100
100
100
100
100
100
100
100
100
100
100
100
100
100
100
100
100
100
100
100
100
100
100
100
100
100
100
100
373.807
322.677
275.133
233.008
197.431
168.779
146.762
130.61
119.289
111.701
106.835
103.846
102.085
101.09
100.549
100.267
100.126
100.057
100.025
100.011
100.004
100.002
100.001
100
100
100
100
100
100
100
100
100
100
100
100
100
100
100
100
100
100
100
100
100
100
100
100
100
100
100
100
100
100
100
100
100
100
100
100
100
100
100
100
100
100
100
100
100
100
100
100
100
100
100
100
373.807
322.676
275.133
233.008
197.431
168.779
146.762
130.61
119.289
111.701
106.835
103.846
102.085
101.09
100.549
100.267
100.126
100.057
100.025
100.011
100.004
100.002
100.001
100
100
100
100
100
100
100
100
100
100
100
100
100
100
100
100
100
100
100
100
100
100
100
100
100
100
100
100
100
100
100
100
100
100
100
100
100
100
100
100
100
100
100
100
100
100
100
100
100
100
100
100
373.807
322.676
275.133
233.008
197.431
168.778
146.762
130.61
119.289
111.701
106.835
103.846
102.085
101.09
100.549
100.267
100.126
100.057
100.025
100.011
100.004
100.002
100.001
100
100
100
100
100
100
100
100
100
100
100
100
100
100
100
100
100
100
100
100
100
100
100
100
100
100
100
100
100
100
100
100
100
100
100
100
100
100
100
100
100
100
100
100
100
100
100
100
100
100
100
100
373.807
322.676
275.132
233.007
197.43
168.778
146.761
130.61
119.289
111.701
106.835
103.845
102.085
101.09
100.549
100.267
100.126
100.057
100.025
100.011
100.004
100.002
100.001
100
100
100
100
100
100
100
100
100
100
100
100
100
100
100
100
100
100
100
100
100
100
100
100
100
100
100
100
100
100
100
100
100
100
100
100
100
100
100
100
100
100
100
100
100
100
100
100
100
100
100
100
373.806
322.676
275.131
233.006
197.429
168.777
146.761
130.609
119.288
111.701
106.835
103.845
102.085
101.089
100.549
100.267
100.126
100.057
100.025
100.011
100.004
100.002
100.001
100
100
100
100
100
100
100
100
100
100
100
100
100
100
100
100
100
100
100
100
100
100
100
100
100
100
100
100
100
100
100
100
100
100
100
100
100
100
100
100
100
100
100
100
100
100
100
100
100
100
100
100
373.806
322.674
275.129
233.003
197.427
168.775
146.759
130.607
119.287
111.7
106.834
103.845
102.084
101.089
100.549
100.267
100.126
100.057
100.025
100.011
100.004
100.002
100.001
100
100
100
100
100
100
100
100
100
100
100
100
100
100
100
100
100
100
100
100
100
100
100
100
100
100
100
100
100
100
100
100
100
100
100
100
100
100
100
100
100
100
100
100
100
100
100
100
100
100
100
100
373.805
322.671
275.124
232.998
197.421
168.769
146.754
130.604
119.284
111.698
106.833
103.844
102.084
101.089
100.549
100.267
100.126
100.057
100.025
100.011
100.004
100.002
100.001
100
100
100
100
100
100
100
100
100
100
100
100
100
100
100
100
100
100
100
100
100
100
100
100
100
100
100
100
100
100
100
100
100
100
100
100
100
100
100
100
100
100
100
100
100
100
100
100
100
100
100
100
373.802
322.663
275.113
232.985
197.408
168.757
146.744
130.596
119.279
111.694
106.83
103.843
102.083
101.089
100.549
100.267
100.125
100.057
100.025
100.011
100.004
100.002
100.001
100
100
100
100
100
100
100
100
100
100
100
100
100
100
100
100
100
100
100
100
100
100
100
100
100
100
100
100
100
100
100
100
100
100
100
100
100
100
100
100
100
100
100
100
100
100
100
100
100
100
100
100
373.796
322.647
275.09
232.957
197.379
168.732
146.723
130.579
119.267
111.686
106.825
103.839
102.081
101.088
100.548
100.267
100.125
100.057
100.025
100.011
100.004
100.002
100.001
100
100
100
100
100
100
100
100
100
100
100
100
100
100
100
100
100
100
100
100
100
100
100
100
100
100
100
100
100
100
100
100
100
100
100
100
100
100
100
100
100
100
100
100
100
100
100
100
100
100
100
100
373.784
322.613
275.04
232.899
197.321
168.679
146.679
130.546
119.242
111.67
106.815
103.833
102.077
101.085
100.547
100.266
100.125
100.057
100.025
100.011
100.004
100.002
100.001
100
100
100
100
100
100
100
100
100
100
100
100
100
100
100
100
100
100
100
100
100
100
100
100
100
100
100
100
100
100
100
100
100
100
100
100
100
100
100
100
100
100
100
100
100
100
100
100
100
100
100
100
373.759
322.543
274.938
232.781
197.204
168.574
146.592
130.479
119.195
111.638
106.794
103.821
102.07
101.082
100.545
100.265
100.125
100.057
100.025
100.011
100.004
100.002
100.001
100
100
100
100
100
100
100
100
100
100
100
100
100
100
100
100
100
100
100
100
100
100
100
100
100
100
100
100
100
100
100
100
100
100
100
100
100
100
100
100
100
100
100
100
100
100
100
100
100
100
100
100
373.71
322.404
274.735
232.55
196.975
168.37
146.426
130.354
119.106
111.578
106.757
103.798
102.057
101.074
100.541
100.263
100.124
100.056
100.025
100.01
100.004
100.002
100.001
100
100
100
100
100
100
100
100
100
100
100
100
100
100
100
100
100
100
100
100
100
100
100
100
100
100
100
100
100
100
100
100
100
100
100
100
100
100
100
100
100
100
100
100
100
100
100
100
100
100
100
100
373.612
322.133
274.345
232.108
196.543
167.991
146.121
130.125
118.945
111.472
106.69
103.758
102.035
101.062
100.535
100.26
100.122
100.055
100.024
100.01
100.004
100.002
100.001
100
100
100
100
100
100
100
100
100
100
100
100
100
100
100
100
100
100
100
100
100
100
100
100
100
100
100
100
100
100
100
100
100
100
100
100
100
100
100
100
100
100
100
100
100
100
100
100
100
100
100
100
373.427
321.619
273.612
231.289
195.753
167.306
145.577
129.723
118.666
111.289
106.576
103.691
101.996
101.041
100.524
100.255
100.119
100.054
100.024
100.01
100.004
100.002
100.001
100
100
100
100
100
100
100
100
100
100
100
100
100
100
100
100
100
100
100
100
100
100
100
100
100
100
100
100
100
100
100
100
100
100
100
100
100
100
100
100
100
100
100
100
100
100
100
100
100
100
100
100
373.077
320.661
272.266
229.81
194.353
166.115
144.645
129.044
118.201
110.988
106.39
103.582
101.935
101.008
100.507
100.246
100.115
100.052
100.023
100.01
100.004
100.002
100.001
100
100
100
100
100
100
100
100
100
100
100
100
100
100
100
100
100
100
100
100
100
100
100
100
100
100
100
100
100
100
100
100
100
100
100
100
100
100
100
100
100
100
100
100
100
100
100
100
100
100
100
100
372.427
318.903
269.848
227.216
191.952
164.115
143.111
127.945
117.459
110.513
106.101
103.413
101.841
100.958
100.481
100.233
100.109
100.05
100.022
100.009
100.004
100.002
100.001
100
100
100
100
100
100
100
100
100
100
100
100
100
100
100
100
100
100
100
100
100
100
100
100
100
100
100
100
100
100
100
100
100
100
100
100
100
100
100
100
100
100
100
100
100
100
100
100
100
100
100
100
371.216
315.705
265.581
222.782
187.971
160.886
140.69
126.244
116.33
109.8
105.672
103.166
101.705
100.886
100.444
100.215
100.101
100.046
100.02
100.008
100.003
100.001
100.001
100
100
100
100
100
100
100
100
100
100
100
100
100
100
100
100
100
100
100
100
100
100
100
100
100
100
100
100
100
100
100
100
100
100
100
100
100
100
100
100
100
100
100
100
100
100
100
100
100
100
100
100
368.917
309.884
258.169
215.411
181.6
155.884
137.039
123.734
114.693
108.782
105.066
102.821
101.516
100.786
100.394
100.19
100.089
100.04
100.018
100.007
100.003
100.001
100
100
100
100
100
100
100
100
100
100
100
100
100
100
100
100
100
100
100
100
100
100
100
100
100
100
100
100
100
100
100
100
100
100
100
100
100
100
100
100
100
100
100
100
100
100
100
100
100
100
100
100
100
364.332
299.169
245.461
203.514
171.814
148.494
131.807
120.224
112.447
107.406
104.258
102.364
101.267
100.656
100.328
100.159
100.074
100.033
100.015
100.006
100.003
100.001
100
100
100
100
100
100
100
100
100
100
100
100
100
100
100
100
100
100
100
100
100
100
100
100
100
100
100
100
100
100
100
100
100
100
100
100
100
100
100
100
100
100
100
100
100
100
100
100
100
100
100
100
100
354.275
278.998
224.008
185.019
157.502
138.165
124.737
115.598
109.542
105.653
103.239
101.793
100.96
100.496
100.248
100.12
100.056
100.025
100.011
100.005
100.002
100.001
100
100
100
100
100
100
100
100
100
100
100
100
100
100
100
100
100
100
100
100
100
100
100
100
100
100
100
100
100
100
100
100
100
100
100
100
100
100
100
100
100
100
100
100
100
100
100
100
100
100
100
100
100
328.568
240.033
188.811
157.78
137.895
124.69
115.818
109.899
106.024
103.555
102.032
101.123
100.6
100.31
100.154
100.074
100.035
100.016
100.007
100.003
100.001
100
100
100
100
100
100
100
100
100
100
100
100
100
100
100
100
100
100
100
100
100
100
100
100
100
100
100
100
100
100
100
100
100
100
100
100
100
100
100
100
100
100
100
100
100
100
100
100
100
100
100
100
100
100
248.856
164.679
134.82
121.084
113.393
108.593
105.46
103.4
102.063
101.215
100.693
100.383
100.204
100.105
100.053
100.025
100.012
100.005
100.002
100.001
100
100
100
100
100
100
100
100
100
100
100
100
100
100
100
100
100
100
100
100
100
100
100
100
100
100
100
100
100
100
100
100
100
100
100
100
100
100
100
100
100
100
100
100
100
100
100
100
100
100
100
100
100
100
100
)
;

boundaryField
{
    upperwall
    {
        type            fixedValue;
        value           uniform 400;
    }
    rightwall
    {
        type            fixedValue;
        value           uniform 100;
    }
    leftwall
    {
        type            fixedValue;
        value           uniform 100;
    }
    bottomwall
    {
        type            fixedValue;
        value           uniform 100;
    }
    frontandback
    {
        type            empty;
    }
}


// ************************************************************************* //
