/*--------------------------------*- C++ -*----------------------------------*\
  =========                 |
  \\      /  F ield         | OpenFOAM: The Open Source CFD Toolbox
   \\    /   O peration     | Website:  https://openfoam.org
    \\  /    A nd           | Version:  10
     \\/     M anipulation  |
\*---------------------------------------------------------------------------*/
FoamFile
{
    format      ascii;
    class       volScalarField;
    location    "115";
    object      T;
}
// * * * * * * * * * * * * * * * * * * * * * * * * * * * * * * * * * * * * * //

dimensions      [0 0 0 1 0 0 0];

internalField   nonuniform List<scalar> 
11250
(
249.536
166.65
137.889
124.964
117.754
113.106
109.842
107.435
105.613
104.217
103.144
102.322
101.695
101.222
100.87
100.611
100.423
100.288
100.194
100.128
100.083
100.053
100.034
100.021
100.013
100.008
100.005
100.003
100.002
100.001
100
100
100
100
100
100
100
100
100
100
100
100
100
100
100
100
100
100
100
100
100
100
100
100
100
100
100
100
100
100
100
100
100
100
100
100
100
100
100
100
100
100
100
100
100
330.585
245.88
197.913
169.291
150.833
138.083
128.823
121.876
116.565
112.472
109.312
106.883
105.029
103.629
102.584
101.815
101.256
100.857
100.576
100.381
100.248
100.159
100.1
100.062
100.038
100.023
100.014
100.008
100.005
100.003
100.001
100.001
100
100
100
100
100
100
100
100
100
100
100
100
100
100
100
100
100
100
100
100
100
100
100
100
100
100
100
100
100
100
100
100
100
100
100
100
100
100
100
100
100
100
100
357.563
288.529
238.847
203.786
178.6
160.011
145.955
135.145
126.752
120.215
115.134
111.209
108.203
105.927
104.224
102.969
102.056
101.403
100.943
100.624
100.407
100.261
100.165
100.103
100.063
100.038
100.022
100.013
100.008
100.004
100.002
100.001
100.001
100
100
100
100
100
100
100
100
100
100
100
100
100
100
100
100
100
100
100
100
100
100
100
100
100
100
100
100
100
100
100
100
100
100
100
100
100
100
100
100
100
100
368.788
312.088
265.575
228.958
200.425
178.13
160.603
146.764
135.824
127.198
120.434
115.175
111.129
108.055
105.749
104.045
102.804
101.915
101.288
100.853
100.556
100.357
100.226
100.14
100.086
100.052
100.031
100.018
100.01
100.006
100.003
100.002
100.001
100
100
100
100
100
100
100
100
100
100
100
100
100
100
100
100
100
100
100
100
100
100
100
100
100
100
100
100
100
100
100
100
100
100
100
100
100
100
100
100
100
100
374.411
325.816
282.979
246.802
216.912
192.474
172.609
156.535
143.603
133.274
125.098
118.697
113.746
109.968
107.126
105.021
103.485
102.382
101.603
101.063
100.693
100.445
100.281
100.175
100.107
100.065
100.038
100.022
100.013
100.007
100.004
100.002
100.001
100.001
100
100
100
100
100
100
100
100
100
100
100
100
100
100
100
100
100
100
100
100
100
100
100
100
100
100
100
100
100
100
100
100
100
100
100
100
100
100
100
100
100
377.605
334.233
294.44
259.307
229.072
203.495
182.133
164.485
150.058
138.395
129.079
121.733
116.02
111.642
108.338
105.883
104.088
102.798
101.885
101.25
100.816
100.524
100.332
100.206
100.127
100.076
100.045
100.026
100.015
100.009
100.005
100.003
100.001
100.001
100
100
100
100
100
100
100
100
100
100
100
100
100
100
100
100
100
100
100
100
100
100
100
100
100
100
100
100
100
100
100
100
100
100
100
100
100
100
100
100
100
379.564
339.6
302.092
268.038
237.907
211.781
189.5
170.778
155.265
142.591
132.381
124.278
117.944
113.068
109.376
106.626
104.61
103.158
102.13
101.414
100.924
100.594
100.376
100.234
100.144
100.087
100.051
100.03
100.017
100.01
100.005
100.003
100.002
100.001
100
100
100
100
100
100
100
100
100
100
100
100
100
100
100
100
100
100
100
100
100
100
100
100
100
100
100
100
100
100
100
100
100
100
100
100
100
100
100
100
100
380.82
343.119
307.26
274.127
244.262
217.907
195.08
175.645
159.364
145.942
135.053
126.358
119.529
114.253
110.244
107.25
105.051
103.464
102.339
101.554
101.016
100.654
100.414
100.258
100.158
100.095
100.057
100.033
100.019
100.011
100.006
100.003
100.002
100.001
100
100
100
100
100
100
100
100
100
100
100
100
100
100
100
100
100
100
100
100
100
100
100
100
100
100
100
100
100
100
100
100
100
100
100
100
100
100
100
100
100
381.648
345.465
310.777
278.369
248.796
222.377
199.236
179.335
162.521
148.559
137.163
128.018
120.805
115.214
110.953
107.763
105.415
103.718
102.512
101.67
101.093
100.704
100.446
100.278
100.171
100.103
100.061
100.036
100.021
100.012
100.007
100.004
100.002
100.001
100
100
100
100
100
100
100
100
100
100
100
100
100
100
100
100
100
100
100
100
100
100
100
100
100
100
100
100
100
100
100
100
100
100
100
100
100
100
100
100
100
382.201
347.047
313.18
281.318
252.005
225.599
202.282
182.083
164.905
150.56
138.794
129.314
121.81
115.975
111.518
108.174
105.708
103.923
102.653
101.765
101.156
100.745
100.472
100.294
100.181
100.109
100.065
100.038
100.022
100.012
100.007
100.004
100.002
100.001
100.001
100
100
100
100
100
100
100
100
100
100
100
100
100
100
100
100
100
100
100
100
100
100
100
100
100
100
100
100
100
100
100
100
100
100
100
100
100
100
100
100
382.573
348.117
314.823
283.36
254.259
227.896
204.485
184.096
166.674
152.061
140.03
130.304
122.584
116.566
111.959
108.497
105.94
104.086
102.765
101.841
101.206
100.778
100.493
100.308
100.189
100.114
100.068
100.04
100.023
100.013
100.007
100.004
100.002
100.001
100.001
100
100
100
100
100
100
100
100
100
100
100
100
100
100
100
100
100
100
100
100
100
100
100
100
100
100
100
100
100
100
100
100
100
100
100
100
100
100
100
100
382.823
348.841
315.943
284.766
255.83
229.515
206.056
185.549
167.963
153.167
140.949
131.046
123.168
117.015
112.297
108.745
106.118
104.212
102.853
101.901
101.246
100.804
100.51
100.318
100.196
100.118
100.07
100.041
100.024
100.013
100.008
100.004
100.002
100.001
100.001
100
100
100
100
100
100
100
100
100
100
100
100
100
100
100
100
100
100
100
100
100
100
100
100
100
100
100
100
100
100
100
100
100
100
100
100
100
100
100
100
382.992
349.33
316.704
285.729
256.914
230.643
207.162
186.581
168.888
153.967
141.619
131.592
123.601
117.35
112.55
108.931
106.254
104.308
102.919
101.946
101.276
100.823
100.523
100.326
100.201
100.121
100.072
100.042
100.024
100.014
100.008
100.004
100.002
100.001
100.001
100
100
100
100
100
100
100
100
100
100
100
100
100
100
100
100
100
100
100
100
100
100
100
100
100
100
100
100
100
100
100
100
100
100
100
100
100
100
100
100
383.105
349.659
317.218
286.382
257.655
231.42
207.93
187.305
169.542
154.536
142.099
131.986
123.915
117.594
112.735
109.069
106.354
104.379
102.969
101.98
101.299
100.839
100.532
100.333
100.204
100.124
100.074
100.043
100.025
100.014
100.008
100.004
100.002
100.001
100.001
100
100
100
100
100
100
100
100
100
100
100
100
100
100
100
100
100
100
100
100
100
100
100
100
100
100
100
100
100
100
100
100
100
100
100
100
100
100
100
100
383.181
349.878
317.561
286.821
258.156
231.95
208.457
187.804
169.996
154.935
142.438
132.265
124.139
117.769
112.869
109.169
106.427
104.431
103.005
102.005
101.316
100.85
100.54
100.337
100.207
100.125
100.075
100.044
100.025
100.014
100.008
100.004
100.002
100.001
100.001
100
100
100
100
100
100
100
100
100
100
100
100
100
100
100
100
100
100
100
100
100
100
100
100
100
100
100
100
100
100
100
100
100
100
100
100
100
100
100
100
383.231
350.023
317.789
287.113
258.491
232.306
208.813
188.144
170.307
155.21
142.673
132.46
124.296
117.893
112.964
109.24
106.479
104.468
103.032
102.023
101.328
100.858
100.545
100.341
100.209
100.127
100.075
100.044
100.025
100.014
100.008
100.004
100.002
100.001
100.001
100
100
100
100
100
100
100
100
100
100
100
100
100
100
100
100
100
100
100
100
100
100
100
100
100
100
100
100
100
100
100
100
100
100
100
100
100
100
100
100
383.263
350.118
317.938
287.306
258.713
232.542
209.051
188.372
170.517
155.396
142.833
132.593
124.404
117.978
113.03
109.29
106.515
104.495
103.05
102.036
101.337
100.863
100.549
100.343
100.211
100.128
100.076
100.044
100.026
100.014
100.008
100.004
100.002
100.001
100.001
100
100
100
100
100
100
100
100
100
100
100
100
100
100
100
100
100
100
100
100
100
100
100
100
100
100
100
100
100
100
100
100
100
100
100
100
100
100
100
100
383.284
350.179
318.035
287.431
258.858
232.697
209.208
188.523
170.657
155.52
142.94
132.683
124.477
118.036
113.075
109.324
106.54
104.513
103.063
102.045
101.343
100.867
100.551
100.345
100.212
100.128
100.076
100.045
100.026
100.015
100.008
100.004
100.002
100.001
100.001
100
100
100
100
100
100
100
100
100
100
100
100
100
100
100
100
100
100
100
100
100
100
100
100
100
100
100
100
100
100
100
100
100
100
100
100
100
100
100
100
383.298
350.218
318.097
287.512
258.951
232.798
209.31
188.621
170.748
155.602
143.011
132.743
124.526
118.075
113.105
109.347
106.557
104.525
103.072
102.051
101.347
100.87
100.553
100.346
100.213
100.129
100.077
100.045
100.026
100.015
100.008
100.004
100.002
100.001
100.001
100
100
100
100
100
100
100
100
100
100
100
100
100
100
100
100
100
100
100
100
100
100
100
100
100
100
100
100
100
100
100
100
100
100
100
100
100
100
100
100
383.306
350.243
318.137
287.563
259.011
232.862
209.375
188.685
170.807
155.655
143.057
132.781
124.558
118.101
113.125
109.362
106.568
104.533
103.077
102.055
101.35
100.872
100.554
100.347
100.213
100.129
100.077
100.045
100.026
100.015
100.008
100.004
100.002
100.001
100.001
100
100
100
100
100
100
100
100
100
100
100
100
100
100
100
100
100
100
100
100
100
100
100
100
100
100
100
100
100
100
100
100
100
100
100
100
100
100
100
100
383.311
350.259
318.162
287.595
259.048
232.902
209.416
188.725
170.845
155.689
143.087
132.806
124.579
118.117
113.138
109.371
106.576
104.539
103.081
102.058
101.352
100.873
100.555
100.347
100.213
100.129
100.077
100.045
100.026
100.015
100.008
100.004
100.002
100.001
100.001
100
100
100
100
100
100
100
100
100
100
100
100
100
100
100
100
100
100
100
100
100
100
100
100
100
100
100
100
100
100
100
100
100
100
100
100
100
100
100
100
383.315
350.268
318.177
287.614
259.071
232.927
209.442
188.75
170.868
155.71
143.105
132.822
124.592
118.128
113.146
109.378
106.58
104.542
103.084
102.059
101.353
100.874
100.556
100.347
100.214
100.129
100.077
100.045
100.026
100.015
100.008
100.004
100.002
100.001
100.001
100
100
100
100
100
100
100
100
100
100
100
100
100
100
100
100
100
100
100
100
100
100
100
100
100
100
100
100
100
100
100
100
100
100
100
100
100
100
100
100
383.317
350.274
318.186
287.627
259.085
232.942
209.457
188.765
170.882
155.723
143.117
132.832
124.6
118.134
113.151
109.382
106.583
104.544
103.085
102.06
101.353
100.875
100.556
100.348
100.214
100.129
100.077
100.045
100.026
100.015
100.008
100.004
100.002
100.001
100.001
100
100
100
100
100
100
100
100
100
100
100
100
100
100
100
100
100
100
100
100
100
100
100
100
100
100
100
100
100
100
100
100
100
100
100
100
100
100
100
100
383.318
350.278
318.192
287.634
259.094
232.951
209.467
188.774
170.891
155.731
143.124
132.838
124.605
118.138
113.154
109.384
106.585
104.545
103.086
102.061
101.354
100.875
100.556
100.348
100.214
100.129
100.077
100.045
100.026
100.015
100.008
100.004
100.002
100.001
100.001
100
100
100
100
100
100
100
100
100
100
100
100
100
100
100
100
100
100
100
100
100
100
100
100
100
100
100
100
100
100
100
100
100
100
100
100
100
100
100
100
383.319
350.28
318.195
287.638
259.099
232.957
209.472
188.78
170.896
155.736
143.128
132.842
124.608
118.14
113.156
109.385
106.586
104.546
103.087
102.061
101.354
100.875
100.556
100.348
100.214
100.129
100.077
100.045
100.026
100.015
100.008
100.004
100.002
100.001
100.001
100
100
100
100
100
100
100
100
100
100
100
100
100
100
100
100
100
100
100
100
100
100
100
100
100
100
100
100
100
100
100
100
100
100
100
100
100
100
100
100
383.319
350.281
318.197
287.641
259.102
232.96
209.476
188.783
170.899
155.739
143.13
132.844
124.609
118.142
113.157
109.386
106.587
104.547
103.087
102.062
101.354
100.875
100.556
100.348
100.214
100.129
100.077
100.045
100.026
100.015
100.008
100.004
100.002
100.001
100.001
100
100
100
100
100
100
100
100
100
100
100
100
100
100
100
100
100
100
100
100
100
100
100
100
100
100
100
100
100
100
100
100
100
100
100
100
100
100
100
100
383.319
350.282
318.198
287.642
259.103
232.962
209.478
188.785
170.901
155.74
143.132
132.845
124.61
118.143
113.158
109.387
106.587
104.547
103.087
102.062
101.354
100.875
100.556
100.348
100.214
100.13
100.077
100.045
100.026
100.015
100.008
100.004
100.002
100.001
100.001
100
100
100
100
100
100
100
100
100
100
100
100
100
100
100
100
100
100
100
100
100
100
100
100
100
100
100
100
100
100
100
100
100
100
100
100
100
100
100
100
383.319
350.282
318.199
287.643
259.104
232.963
209.479
188.786
170.902
155.741
143.133
132.846
124.611
118.143
113.158
109.387
106.587
104.547
103.087
102.062
101.354
100.875
100.556
100.348
100.214
100.13
100.077
100.045
100.026
100.015
100.008
100.004
100.002
100.001
100.001
100
100
100
100
100
100
100
100
100
100
100
100
100
100
100
100
100
100
100
100
100
100
100
100
100
100
100
100
100
100
100
100
100
100
100
100
100
100
100
100
383.319
350.282
318.199
287.643
259.105
232.964
209.479
188.787
170.903
155.742
143.133
132.846
124.611
118.143
113.158
109.387
106.588
104.547
103.087
102.062
101.355
100.875
100.556
100.348
100.214
100.13
100.077
100.045
100.026
100.015
100.008
100.004
100.002
100.001
100.001
100
100
100
100
100
100
100
100
100
100
100
100
100
100
100
100
100
100
100
100
100
100
100
100
100
100
100
100
100
100
100
100
100
100
100
100
100
100
100
100
383.319
350.283
318.199
287.644
259.105
232.964
209.48
188.787
170.903
155.742
143.133
132.846
124.612
118.144
113.158
109.387
106.588
104.547
103.087
102.062
101.355
100.875
100.556
100.348
100.214
100.13
100.077
100.045
100.026
100.015
100.008
100.004
100.002
100.001
100.001
100
100
100
100
100
100
100
100
100
100
100
100
100
100
100
100
100
100
100
100
100
100
100
100
100
100
100
100
100
100
100
100
100
100
100
100
100
100
100
100
383.319
350.283
318.199
287.644
259.105
232.964
209.48
188.787
170.903
155.742
143.133
132.846
124.612
118.144
113.158
109.387
106.588
104.547
103.087
102.062
101.355
100.875
100.556
100.348
100.214
100.13
100.077
100.045
100.026
100.015
100.008
100.004
100.002
100.001
100.001
100
100
100
100
100
100
100
100
100
100
100
100
100
100
100
100
100
100
100
100
100
100
100
100
100
100
100
100
100
100
100
100
100
100
100
100
100
100
100
100
383.32
350.283
318.199
287.644
259.105
232.964
209.48
188.787
170.904
155.742
143.134
132.846
124.612
118.144
113.158
109.387
106.588
104.547
103.087
102.062
101.355
100.875
100.556
100.348
100.214
100.13
100.077
100.045
100.026
100.015
100.008
100.004
100.002
100.001
100.001
100
100
100
100
100
100
100
100
100
100
100
100
100
100
100
100
100
100
100
100
100
100
100
100
100
100
100
100
100
100
100
100
100
100
100
100
100
100
100
100
383.32
350.283
318.199
287.644
259.105
232.964
209.48
188.787
170.904
155.742
143.134
132.846
124.612
118.144
113.158
109.387
106.588
104.547
103.087
102.062
101.355
100.875
100.556
100.348
100.214
100.13
100.077
100.045
100.026
100.015
100.008
100.004
100.002
100.001
100.001
100
100
100
100
100
100
100
100
100
100
100
100
100
100
100
100
100
100
100
100
100
100
100
100
100
100
100
100
100
100
100
100
100
100
100
100
100
100
100
100
383.32
350.283
318.199
287.644
259.106
232.964
209.48
188.787
170.904
155.742
143.134
132.846
124.612
118.144
113.158
109.387
106.588
104.547
103.087
102.062
101.355
100.875
100.556
100.348
100.214
100.13
100.077
100.045
100.026
100.015
100.008
100.004
100.002
100.001
100.001
100
100
100
100
100
100
100
100
100
100
100
100
100
100
100
100
100
100
100
100
100
100
100
100
100
100
100
100
100
100
100
100
100
100
100
100
100
100
100
100
383.32
350.283
318.199
287.644
259.106
232.964
209.48
188.787
170.904
155.742
143.134
132.846
124.612
118.144
113.158
109.387
106.588
104.547
103.087
102.062
101.355
100.875
100.556
100.348
100.214
100.13
100.077
100.045
100.026
100.015
100.008
100.004
100.002
100.001
100.001
100
100
100
100
100
100
100
100
100
100
100
100
100
100
100
100
100
100
100
100
100
100
100
100
100
100
100
100
100
100
100
100
100
100
100
100
100
100
100
100
383.32
350.283
318.199
287.644
259.106
232.964
209.48
188.787
170.904
155.742
143.134
132.846
124.612
118.144
113.158
109.387
106.588
104.547
103.087
102.062
101.355
100.875
100.556
100.348
100.214
100.13
100.077
100.045
100.026
100.015
100.008
100.004
100.002
100.001
100.001
100
100
100
100
100
100
100
100
100
100
100
100
100
100
100
100
100
100
100
100
100
100
100
100
100
100
100
100
100
100
100
100
100
100
100
100
100
100
100
100
383.32
350.283
318.199
287.644
259.106
232.964
209.48
188.787
170.904
155.742
143.134
132.846
124.612
118.144
113.158
109.387
106.588
104.547
103.087
102.062
101.355
100.875
100.556
100.348
100.214
100.13
100.077
100.045
100.026
100.015
100.008
100.004
100.002
100.001
100.001
100
100
100
100
100
100
100
100
100
100
100
100
100
100
100
100
100
100
100
100
100
100
100
100
100
100
100
100
100
100
100
100
100
100
100
100
100
100
100
100
383.32
350.283
318.199
287.644
259.106
232.964
209.48
188.787
170.904
155.742
143.134
132.846
124.612
118.144
113.158
109.387
106.588
104.547
103.087
102.062
101.355
100.875
100.556
100.348
100.214
100.13
100.077
100.045
100.026
100.015
100.008
100.004
100.002
100.001
100.001
100
100
100
100
100
100
100
100
100
100
100
100
100
100
100
100
100
100
100
100
100
100
100
100
100
100
100
100
100
100
100
100
100
100
100
100
100
100
100
100
383.32
350.283
318.199
287.644
259.106
232.964
209.48
188.787
170.904
155.742
143.134
132.846
124.612
118.144
113.158
109.387
106.588
104.547
103.087
102.062
101.355
100.875
100.556
100.348
100.214
100.13
100.077
100.045
100.026
100.015
100.008
100.004
100.002
100.001
100.001
100
100
100
100
100
100
100
100
100
100
100
100
100
100
100
100
100
100
100
100
100
100
100
100
100
100
100
100
100
100
100
100
100
100
100
100
100
100
100
100
383.32
350.283
318.199
287.644
259.106
232.964
209.48
188.787
170.904
155.742
143.134
132.846
124.612
118.144
113.158
109.387
106.588
104.547
103.087
102.062
101.355
100.875
100.556
100.348
100.214
100.13
100.077
100.045
100.026
100.015
100.008
100.004
100.002
100.001
100.001
100
100
100
100
100
100
100
100
100
100
100
100
100
100
100
100
100
100
100
100
100
100
100
100
100
100
100
100
100
100
100
100
100
100
100
100
100
100
100
100
383.32
350.283
318.199
287.644
259.106
232.964
209.48
188.787
170.904
155.742
143.134
132.846
124.612
118.144
113.158
109.387
106.588
104.547
103.087
102.062
101.355
100.875
100.556
100.348
100.214
100.13
100.077
100.045
100.026
100.015
100.008
100.004
100.002
100.001
100.001
100
100
100
100
100
100
100
100
100
100
100
100
100
100
100
100
100
100
100
100
100
100
100
100
100
100
100
100
100
100
100
100
100
100
100
100
100
100
100
100
383.32
350.283
318.199
287.644
259.106
232.964
209.48
188.787
170.904
155.742
143.134
132.846
124.612
118.144
113.158
109.387
106.588
104.547
103.087
102.062
101.355
100.875
100.556
100.348
100.214
100.13
100.077
100.045
100.026
100.015
100.008
100.004
100.002
100.001
100.001
100
100
100
100
100
100
100
100
100
100
100
100
100
100
100
100
100
100
100
100
100
100
100
100
100
100
100
100
100
100
100
100
100
100
100
100
100
100
100
100
383.32
350.283
318.199
287.644
259.106
232.964
209.48
188.787
170.904
155.742
143.134
132.846
124.612
118.144
113.158
109.387
106.588
104.547
103.087
102.062
101.355
100.875
100.556
100.348
100.214
100.13
100.077
100.045
100.026
100.015
100.008
100.004
100.002
100.001
100.001
100
100
100
100
100
100
100
100
100
100
100
100
100
100
100
100
100
100
100
100
100
100
100
100
100
100
100
100
100
100
100
100
100
100
100
100
100
100
100
100
383.32
350.283
318.199
287.644
259.106
232.964
209.48
188.787
170.904
155.742
143.134
132.846
124.612
118.144
113.158
109.387
106.588
104.547
103.087
102.062
101.355
100.875
100.556
100.348
100.214
100.13
100.077
100.045
100.026
100.015
100.008
100.004
100.002
100.001
100.001
100
100
100
100
100
100
100
100
100
100
100
100
100
100
100
100
100
100
100
100
100
100
100
100
100
100
100
100
100
100
100
100
100
100
100
100
100
100
100
100
383.32
350.283
318.199
287.644
259.106
232.964
209.48
188.787
170.904
155.742
143.134
132.846
124.612
118.144
113.158
109.387
106.588
104.547
103.087
102.062
101.355
100.875
100.556
100.348
100.214
100.13
100.077
100.045
100.026
100.015
100.008
100.004
100.002
100.001
100.001
100
100
100
100
100
100
100
100
100
100
100
100
100
100
100
100
100
100
100
100
100
100
100
100
100
100
100
100
100
100
100
100
100
100
100
100
100
100
100
100
383.32
350.283
318.199
287.644
259.106
232.964
209.48
188.787
170.904
155.742
143.134
132.846
124.612
118.144
113.158
109.387
106.588
104.547
103.087
102.062
101.355
100.875
100.556
100.348
100.214
100.13
100.077
100.045
100.026
100.015
100.008
100.004
100.002
100.001
100.001
100
100
100
100
100
100
100
100
100
100
100
100
100
100
100
100
100
100
100
100
100
100
100
100
100
100
100
100
100
100
100
100
100
100
100
100
100
100
100
100
383.32
350.283
318.199
287.644
259.106
232.964
209.48
188.787
170.904
155.742
143.134
132.846
124.612
118.144
113.158
109.387
106.588
104.547
103.087
102.062
101.355
100.875
100.556
100.348
100.214
100.13
100.077
100.045
100.026
100.015
100.008
100.004
100.002
100.001
100.001
100
100
100
100
100
100
100
100
100
100
100
100
100
100
100
100
100
100
100
100
100
100
100
100
100
100
100
100
100
100
100
100
100
100
100
100
100
100
100
100
383.32
350.283
318.199
287.644
259.106
232.964
209.48
188.787
170.904
155.742
143.134
132.846
124.612
118.144
113.158
109.387
106.588
104.547
103.087
102.062
101.355
100.875
100.556
100.348
100.214
100.13
100.077
100.045
100.026
100.015
100.008
100.004
100.002
100.001
100.001
100
100
100
100
100
100
100
100
100
100
100
100
100
100
100
100
100
100
100
100
100
100
100
100
100
100
100
100
100
100
100
100
100
100
100
100
100
100
100
100
383.32
350.283
318.199
287.644
259.106
232.964
209.48
188.787
170.904
155.742
143.134
132.846
124.612
118.144
113.158
109.387
106.588
104.547
103.087
102.062
101.355
100.875
100.556
100.348
100.214
100.13
100.077
100.045
100.026
100.015
100.008
100.004
100.002
100.001
100.001
100
100
100
100
100
100
100
100
100
100
100
100
100
100
100
100
100
100
100
100
100
100
100
100
100
100
100
100
100
100
100
100
100
100
100
100
100
100
100
100
383.32
350.283
318.199
287.644
259.106
232.964
209.48
188.787
170.904
155.742
143.134
132.846
124.612
118.144
113.158
109.387
106.588
104.547
103.087
102.062
101.355
100.875
100.556
100.348
100.214
100.13
100.077
100.045
100.026
100.015
100.008
100.004
100.002
100.001
100.001
100
100
100
100
100
100
100
100
100
100
100
100
100
100
100
100
100
100
100
100
100
100
100
100
100
100
100
100
100
100
100
100
100
100
100
100
100
100
100
100
383.32
350.283
318.199
287.644
259.106
232.964
209.48
188.787
170.904
155.742
143.134
132.846
124.612
118.144
113.158
109.387
106.588
104.547
103.087
102.062
101.355
100.875
100.556
100.348
100.214
100.13
100.077
100.045
100.026
100.015
100.008
100.004
100.002
100.001
100.001
100
100
100
100
100
100
100
100
100
100
100
100
100
100
100
100
100
100
100
100
100
100
100
100
100
100
100
100
100
100
100
100
100
100
100
100
100
100
100
100
383.32
350.283
318.199
287.644
259.106
232.964
209.48
188.787
170.904
155.742
143.134
132.846
124.612
118.144
113.158
109.387
106.588
104.547
103.087
102.062
101.355
100.875
100.556
100.348
100.214
100.13
100.077
100.045
100.026
100.015
100.008
100.004
100.002
100.001
100.001
100
100
100
100
100
100
100
100
100
100
100
100
100
100
100
100
100
100
100
100
100
100
100
100
100
100
100
100
100
100
100
100
100
100
100
100
100
100
100
100
383.32
350.283
318.199
287.644
259.106
232.964
209.48
188.787
170.904
155.742
143.134
132.846
124.612
118.144
113.158
109.387
106.588
104.547
103.087
102.062
101.355
100.875
100.556
100.348
100.214
100.13
100.077
100.045
100.026
100.015
100.008
100.004
100.002
100.001
100.001
100
100
100
100
100
100
100
100
100
100
100
100
100
100
100
100
100
100
100
100
100
100
100
100
100
100
100
100
100
100
100
100
100
100
100
100
100
100
100
100
383.32
350.283
318.199
287.644
259.106
232.964
209.48
188.787
170.904
155.742
143.134
132.846
124.612
118.144
113.158
109.387
106.588
104.547
103.087
102.062
101.355
100.875
100.556
100.348
100.214
100.13
100.077
100.045
100.026
100.015
100.008
100.004
100.002
100.001
100.001
100
100
100
100
100
100
100
100
100
100
100
100
100
100
100
100
100
100
100
100
100
100
100
100
100
100
100
100
100
100
100
100
100
100
100
100
100
100
100
100
383.32
350.283
318.199
287.644
259.106
232.964
209.48
188.787
170.904
155.742
143.134
132.846
124.612
118.144
113.158
109.387
106.588
104.547
103.087
102.062
101.355
100.875
100.556
100.348
100.214
100.13
100.077
100.045
100.026
100.015
100.008
100.004
100.002
100.001
100.001
100
100
100
100
100
100
100
100
100
100
100
100
100
100
100
100
100
100
100
100
100
100
100
100
100
100
100
100
100
100
100
100
100
100
100
100
100
100
100
100
383.32
350.283
318.199
287.644
259.106
232.964
209.48
188.787
170.904
155.742
143.134
132.846
124.612
118.144
113.158
109.387
106.588
104.547
103.087
102.062
101.355
100.875
100.556
100.348
100.214
100.13
100.077
100.045
100.026
100.015
100.008
100.004
100.002
100.001
100.001
100
100
100
100
100
100
100
100
100
100
100
100
100
100
100
100
100
100
100
100
100
100
100
100
100
100
100
100
100
100
100
100
100
100
100
100
100
100
100
100
383.32
350.283
318.199
287.644
259.106
232.964
209.48
188.787
170.904
155.742
143.134
132.846
124.612
118.144
113.158
109.387
106.588
104.547
103.087
102.062
101.355
100.875
100.556
100.348
100.214
100.13
100.077
100.045
100.026
100.015
100.008
100.004
100.002
100.001
100.001
100
100
100
100
100
100
100
100
100
100
100
100
100
100
100
100
100
100
100
100
100
100
100
100
100
100
100
100
100
100
100
100
100
100
100
100
100
100
100
100
383.32
350.283
318.199
287.644
259.106
232.964
209.48
188.787
170.904
155.742
143.134
132.846
124.612
118.144
113.158
109.387
106.588
104.547
103.087
102.062
101.355
100.875
100.556
100.348
100.214
100.13
100.077
100.045
100.026
100.015
100.008
100.004
100.002
100.001
100.001
100
100
100
100
100
100
100
100
100
100
100
100
100
100
100
100
100
100
100
100
100
100
100
100
100
100
100
100
100
100
100
100
100
100
100
100
100
100
100
100
383.32
350.283
318.199
287.644
259.106
232.964
209.48
188.787
170.904
155.742
143.134
132.846
124.612
118.144
113.158
109.387
106.588
104.547
103.087
102.062
101.355
100.875
100.556
100.348
100.214
100.13
100.077
100.045
100.026
100.015
100.008
100.004
100.002
100.001
100.001
100
100
100
100
100
100
100
100
100
100
100
100
100
100
100
100
100
100
100
100
100
100
100
100
100
100
100
100
100
100
100
100
100
100
100
100
100
100
100
100
383.32
350.283
318.199
287.644
259.106
232.964
209.48
188.787
170.904
155.742
143.134
132.846
124.612
118.144
113.158
109.387
106.588
104.547
103.087
102.062
101.355
100.875
100.556
100.348
100.214
100.13
100.077
100.045
100.026
100.015
100.008
100.004
100.002
100.001
100.001
100
100
100
100
100
100
100
100
100
100
100
100
100
100
100
100
100
100
100
100
100
100
100
100
100
100
100
100
100
100
100
100
100
100
100
100
100
100
100
100
383.32
350.283
318.199
287.644
259.106
232.964
209.48
188.787
170.904
155.742
143.134
132.846
124.612
118.144
113.158
109.387
106.588
104.547
103.087
102.062
101.355
100.875
100.556
100.348
100.214
100.13
100.077
100.045
100.026
100.015
100.008
100.004
100.002
100.001
100.001
100
100
100
100
100
100
100
100
100
100
100
100
100
100
100
100
100
100
100
100
100
100
100
100
100
100
100
100
100
100
100
100
100
100
100
100
100
100
100
100
383.32
350.283
318.199
287.644
259.106
232.964
209.48
188.787
170.904
155.742
143.134
132.846
124.612
118.144
113.158
109.387
106.588
104.547
103.087
102.062
101.355
100.875
100.556
100.348
100.214
100.13
100.077
100.045
100.026
100.015
100.008
100.004
100.002
100.001
100.001
100
100
100
100
100
100
100
100
100
100
100
100
100
100
100
100
100
100
100
100
100
100
100
100
100
100
100
100
100
100
100
100
100
100
100
100
100
100
100
100
383.32
350.283
318.199
287.644
259.106
232.964
209.48
188.787
170.904
155.742
143.134
132.846
124.612
118.144
113.158
109.387
106.588
104.547
103.087
102.062
101.355
100.875
100.556
100.348
100.214
100.13
100.077
100.045
100.026
100.015
100.008
100.004
100.002
100.001
100.001
100
100
100
100
100
100
100
100
100
100
100
100
100
100
100
100
100
100
100
100
100
100
100
100
100
100
100
100
100
100
100
100
100
100
100
100
100
100
100
100
383.32
350.283
318.199
287.644
259.106
232.964
209.48
188.787
170.904
155.742
143.134
132.846
124.612
118.144
113.158
109.387
106.588
104.547
103.087
102.062
101.355
100.875
100.556
100.348
100.214
100.13
100.077
100.045
100.026
100.015
100.008
100.004
100.002
100.001
100.001
100
100
100
100
100
100
100
100
100
100
100
100
100
100
100
100
100
100
100
100
100
100
100
100
100
100
100
100
100
100
100
100
100
100
100
100
100
100
100
100
383.32
350.283
318.199
287.644
259.106
232.964
209.48
188.787
170.904
155.742
143.134
132.846
124.612
118.144
113.158
109.387
106.588
104.547
103.087
102.062
101.355
100.875
100.556
100.348
100.214
100.13
100.077
100.045
100.026
100.015
100.008
100.004
100.002
100.001
100.001
100
100
100
100
100
100
100
100
100
100
100
100
100
100
100
100
100
100
100
100
100
100
100
100
100
100
100
100
100
100
100
100
100
100
100
100
100
100
100
100
383.32
350.283
318.199
287.644
259.106
232.964
209.48
188.787
170.904
155.742
143.134
132.846
124.612
118.144
113.158
109.387
106.588
104.547
103.087
102.062
101.355
100.875
100.556
100.348
100.214
100.13
100.077
100.045
100.026
100.015
100.008
100.004
100.002
100.001
100.001
100
100
100
100
100
100
100
100
100
100
100
100
100
100
100
100
100
100
100
100
100
100
100
100
100
100
100
100
100
100
100
100
100
100
100
100
100
100
100
100
383.32
350.283
318.199
287.644
259.106
232.964
209.48
188.787
170.904
155.742
143.134
132.846
124.612
118.144
113.158
109.387
106.588
104.547
103.087
102.062
101.355
100.875
100.556
100.348
100.214
100.13
100.077
100.045
100.026
100.015
100.008
100.004
100.002
100.001
100.001
100
100
100
100
100
100
100
100
100
100
100
100
100
100
100
100
100
100
100
100
100
100
100
100
100
100
100
100
100
100
100
100
100
100
100
100
100
100
100
100
383.32
350.283
318.199
287.644
259.106
232.964
209.48
188.787
170.904
155.742
143.134
132.846
124.612
118.144
113.158
109.387
106.588
104.547
103.087
102.062
101.355
100.875
100.556
100.348
100.214
100.13
100.077
100.045
100.026
100.015
100.008
100.004
100.002
100.001
100.001
100
100
100
100
100
100
100
100
100
100
100
100
100
100
100
100
100
100
100
100
100
100
100
100
100
100
100
100
100
100
100
100
100
100
100
100
100
100
100
100
383.32
350.283
318.199
287.644
259.106
232.964
209.48
188.787
170.904
155.742
143.134
132.846
124.612
118.144
113.158
109.387
106.588
104.547
103.087
102.062
101.355
100.875
100.556
100.348
100.214
100.13
100.077
100.045
100.026
100.015
100.008
100.004
100.002
100.001
100.001
100
100
100
100
100
100
100
100
100
100
100
100
100
100
100
100
100
100
100
100
100
100
100
100
100
100
100
100
100
100
100
100
100
100
100
100
100
100
100
100
383.32
350.283
318.199
287.644
259.106
232.964
209.48
188.787
170.904
155.742
143.134
132.846
124.612
118.144
113.158
109.387
106.588
104.547
103.087
102.062
101.355
100.875
100.556
100.348
100.214
100.13
100.077
100.045
100.026
100.015
100.008
100.004
100.002
100.001
100.001
100
100
100
100
100
100
100
100
100
100
100
100
100
100
100
100
100
100
100
100
100
100
100
100
100
100
100
100
100
100
100
100
100
100
100
100
100
100
100
100
383.32
350.283
318.199
287.644
259.106
232.964
209.48
188.787
170.904
155.742
143.134
132.846
124.612
118.144
113.158
109.387
106.588
104.547
103.087
102.062
101.355
100.875
100.556
100.348
100.214
100.13
100.077
100.045
100.026
100.015
100.008
100.004
100.002
100.001
100.001
100
100
100
100
100
100
100
100
100
100
100
100
100
100
100
100
100
100
100
100
100
100
100
100
100
100
100
100
100
100
100
100
100
100
100
100
100
100
100
100
383.32
350.283
318.199
287.644
259.106
232.964
209.48
188.787
170.904
155.742
143.134
132.846
124.612
118.144
113.158
109.387
106.588
104.547
103.087
102.062
101.355
100.875
100.556
100.348
100.214
100.13
100.077
100.045
100.026
100.015
100.008
100.004
100.002
100.001
100.001
100
100
100
100
100
100
100
100
100
100
100
100
100
100
100
100
100
100
100
100
100
100
100
100
100
100
100
100
100
100
100
100
100
100
100
100
100
100
100
100
383.32
350.283
318.199
287.644
259.106
232.964
209.48
188.787
170.904
155.742
143.134
132.846
124.612
118.144
113.158
109.387
106.588
104.547
103.087
102.062
101.355
100.875
100.556
100.348
100.214
100.13
100.077
100.045
100.026
100.015
100.008
100.004
100.002
100.001
100.001
100
100
100
100
100
100
100
100
100
100
100
100
100
100
100
100
100
100
100
100
100
100
100
100
100
100
100
100
100
100
100
100
100
100
100
100
100
100
100
100
383.32
350.283
318.199
287.644
259.106
232.964
209.48
188.787
170.904
155.742
143.134
132.846
124.612
118.144
113.158
109.387
106.588
104.547
103.087
102.062
101.355
100.875
100.556
100.348
100.214
100.13
100.077
100.045
100.026
100.015
100.008
100.004
100.002
100.001
100.001
100
100
100
100
100
100
100
100
100
100
100
100
100
100
100
100
100
100
100
100
100
100
100
100
100
100
100
100
100
100
100
100
100
100
100
100
100
100
100
100
383.32
350.283
318.199
287.644
259.106
232.964
209.48
188.787
170.904
155.742
143.134
132.846
124.612
118.144
113.158
109.387
106.588
104.547
103.087
102.062
101.355
100.875
100.556
100.348
100.214
100.13
100.077
100.045
100.026
100.015
100.008
100.004
100.002
100.001
100.001
100
100
100
100
100
100
100
100
100
100
100
100
100
100
100
100
100
100
100
100
100
100
100
100
100
100
100
100
100
100
100
100
100
100
100
100
100
100
100
100
383.32
350.283
318.199
287.644
259.106
232.964
209.48
188.787
170.904
155.742
143.134
132.846
124.612
118.144
113.158
109.387
106.588
104.547
103.087
102.062
101.355
100.875
100.556
100.348
100.214
100.13
100.077
100.045
100.026
100.015
100.008
100.004
100.002
100.001
100.001
100
100
100
100
100
100
100
100
100
100
100
100
100
100
100
100
100
100
100
100
100
100
100
100
100
100
100
100
100
100
100
100
100
100
100
100
100
100
100
100
383.32
350.283
318.199
287.644
259.106
232.964
209.48
188.787
170.904
155.742
143.134
132.846
124.612
118.144
113.158
109.387
106.588
104.547
103.087
102.062
101.355
100.875
100.556
100.348
100.214
100.13
100.077
100.045
100.026
100.015
100.008
100.004
100.002
100.001
100.001
100
100
100
100
100
100
100
100
100
100
100
100
100
100
100
100
100
100
100
100
100
100
100
100
100
100
100
100
100
100
100
100
100
100
100
100
100
100
100
100
383.32
350.283
318.199
287.644
259.106
232.964
209.48
188.787
170.904
155.742
143.134
132.846
124.612
118.144
113.158
109.387
106.588
104.547
103.087
102.062
101.355
100.875
100.556
100.348
100.214
100.13
100.077
100.045
100.026
100.015
100.008
100.004
100.002
100.001
100.001
100
100
100
100
100
100
100
100
100
100
100
100
100
100
100
100
100
100
100
100
100
100
100
100
100
100
100
100
100
100
100
100
100
100
100
100
100
100
100
100
383.32
350.283
318.199
287.644
259.106
232.964
209.48
188.787
170.904
155.742
143.134
132.846
124.612
118.144
113.158
109.387
106.588
104.547
103.087
102.062
101.355
100.875
100.556
100.348
100.214
100.13
100.077
100.045
100.026
100.015
100.008
100.004
100.002
100.001
100.001
100
100
100
100
100
100
100
100
100
100
100
100
100
100
100
100
100
100
100
100
100
100
100
100
100
100
100
100
100
100
100
100
100
100
100
100
100
100
100
100
383.32
350.283
318.199
287.644
259.106
232.964
209.48
188.787
170.904
155.742
143.134
132.846
124.612
118.144
113.158
109.387
106.588
104.547
103.087
102.062
101.355
100.875
100.556
100.348
100.214
100.13
100.077
100.045
100.026
100.015
100.008
100.004
100.002
100.001
100.001
100
100
100
100
100
100
100
100
100
100
100
100
100
100
100
100
100
100
100
100
100
100
100
100
100
100
100
100
100
100
100
100
100
100
100
100
100
100
100
100
383.32
350.283
318.199
287.644
259.106
232.964
209.48
188.787
170.904
155.742
143.134
132.846
124.612
118.144
113.158
109.387
106.588
104.547
103.087
102.062
101.355
100.875
100.556
100.348
100.214
100.13
100.077
100.045
100.026
100.015
100.008
100.004
100.002
100.001
100.001
100
100
100
100
100
100
100
100
100
100
100
100
100
100
100
100
100
100
100
100
100
100
100
100
100
100
100
100
100
100
100
100
100
100
100
100
100
100
100
100
383.32
350.283
318.199
287.644
259.106
232.964
209.48
188.787
170.904
155.742
143.134
132.846
124.612
118.144
113.158
109.387
106.588
104.547
103.087
102.062
101.355
100.875
100.556
100.348
100.214
100.13
100.077
100.045
100.026
100.015
100.008
100.004
100.002
100.001
100.001
100
100
100
100
100
100
100
100
100
100
100
100
100
100
100
100
100
100
100
100
100
100
100
100
100
100
100
100
100
100
100
100
100
100
100
100
100
100
100
100
383.32
350.283
318.199
287.644
259.106
232.964
209.48
188.787
170.904
155.742
143.134
132.846
124.612
118.144
113.158
109.387
106.588
104.547
103.087
102.062
101.355
100.875
100.556
100.348
100.214
100.13
100.077
100.045
100.026
100.015
100.008
100.004
100.002
100.001
100.001
100
100
100
100
100
100
100
100
100
100
100
100
100
100
100
100
100
100
100
100
100
100
100
100
100
100
100
100
100
100
100
100
100
100
100
100
100
100
100
100
383.32
350.283
318.199
287.644
259.106
232.964
209.48
188.787
170.904
155.742
143.134
132.846
124.612
118.144
113.158
109.387
106.588
104.547
103.087
102.062
101.355
100.875
100.556
100.348
100.214
100.13
100.077
100.045
100.026
100.015
100.008
100.004
100.002
100.001
100.001
100
100
100
100
100
100
100
100
100
100
100
100
100
100
100
100
100
100
100
100
100
100
100
100
100
100
100
100
100
100
100
100
100
100
100
100
100
100
100
100
383.32
350.283
318.199
287.644
259.106
232.964
209.48
188.787
170.904
155.742
143.134
132.846
124.612
118.144
113.158
109.387
106.588
104.547
103.087
102.062
101.355
100.875
100.556
100.348
100.214
100.13
100.077
100.045
100.026
100.015
100.008
100.004
100.002
100.001
100.001
100
100
100
100
100
100
100
100
100
100
100
100
100
100
100
100
100
100
100
100
100
100
100
100
100
100
100
100
100
100
100
100
100
100
100
100
100
100
100
100
383.32
350.283
318.199
287.644
259.106
232.964
209.48
188.787
170.904
155.742
143.134
132.846
124.612
118.144
113.158
109.387
106.588
104.547
103.087
102.062
101.355
100.875
100.556
100.348
100.214
100.13
100.077
100.045
100.026
100.015
100.008
100.004
100.002
100.001
100.001
100
100
100
100
100
100
100
100
100
100
100
100
100
100
100
100
100
100
100
100
100
100
100
100
100
100
100
100
100
100
100
100
100
100
100
100
100
100
100
100
383.32
350.283
318.199
287.644
259.106
232.964
209.48
188.787
170.904
155.742
143.134
132.846
124.612
118.144
113.158
109.387
106.588
104.547
103.087
102.062
101.355
100.875
100.556
100.348
100.214
100.13
100.077
100.045
100.026
100.015
100.008
100.004
100.002
100.001
100.001
100
100
100
100
100
100
100
100
100
100
100
100
100
100
100
100
100
100
100
100
100
100
100
100
100
100
100
100
100
100
100
100
100
100
100
100
100
100
100
100
383.32
350.283
318.199
287.644
259.106
232.964
209.48
188.787
170.904
155.742
143.134
132.846
124.612
118.144
113.158
109.387
106.588
104.547
103.087
102.062
101.355
100.875
100.556
100.348
100.214
100.13
100.077
100.045
100.026
100.015
100.008
100.004
100.002
100.001
100.001
100
100
100
100
100
100
100
100
100
100
100
100
100
100
100
100
100
100
100
100
100
100
100
100
100
100
100
100
100
100
100
100
100
100
100
100
100
100
100
100
383.32
350.283
318.199
287.644
259.106
232.964
209.48
188.787
170.904
155.742
143.134
132.846
124.612
118.144
113.158
109.387
106.588
104.547
103.087
102.062
101.355
100.875
100.556
100.348
100.214
100.13
100.077
100.045
100.026
100.015
100.008
100.004
100.002
100.001
100.001
100
100
100
100
100
100
100
100
100
100
100
100
100
100
100
100
100
100
100
100
100
100
100
100
100
100
100
100
100
100
100
100
100
100
100
100
100
100
100
100
383.32
350.283
318.199
287.644
259.106
232.964
209.48
188.787
170.904
155.742
143.134
132.846
124.612
118.144
113.158
109.387
106.588
104.547
103.087
102.062
101.355
100.875
100.556
100.348
100.214
100.13
100.077
100.045
100.026
100.015
100.008
100.004
100.002
100.001
100.001
100
100
100
100
100
100
100
100
100
100
100
100
100
100
100
100
100
100
100
100
100
100
100
100
100
100
100
100
100
100
100
100
100
100
100
100
100
100
100
100
383.32
350.283
318.199
287.644
259.106
232.964
209.48
188.787
170.904
155.742
143.134
132.846
124.612
118.144
113.158
109.387
106.588
104.547
103.087
102.062
101.355
100.875
100.556
100.348
100.214
100.13
100.077
100.045
100.026
100.015
100.008
100.004
100.002
100.001
100.001
100
100
100
100
100
100
100
100
100
100
100
100
100
100
100
100
100
100
100
100
100
100
100
100
100
100
100
100
100
100
100
100
100
100
100
100
100
100
100
100
383.32
350.283
318.199
287.644
259.106
232.964
209.48
188.787
170.904
155.742
143.134
132.846
124.612
118.144
113.158
109.387
106.588
104.547
103.087
102.062
101.355
100.875
100.556
100.348
100.214
100.13
100.077
100.045
100.026
100.015
100.008
100.004
100.002
100.001
100.001
100
100
100
100
100
100
100
100
100
100
100
100
100
100
100
100
100
100
100
100
100
100
100
100
100
100
100
100
100
100
100
100
100
100
100
100
100
100
100
100
383.32
350.283
318.199
287.644
259.106
232.964
209.48
188.787
170.904
155.742
143.134
132.846
124.612
118.144
113.158
109.387
106.588
104.547
103.087
102.062
101.355
100.875
100.556
100.348
100.214
100.13
100.077
100.045
100.026
100.015
100.008
100.004
100.002
100.001
100.001
100
100
100
100
100
100
100
100
100
100
100
100
100
100
100
100
100
100
100
100
100
100
100
100
100
100
100
100
100
100
100
100
100
100
100
100
100
100
100
100
383.32
350.283
318.199
287.644
259.106
232.964
209.48
188.787
170.904
155.742
143.134
132.846
124.612
118.144
113.158
109.387
106.588
104.547
103.087
102.062
101.355
100.875
100.556
100.348
100.214
100.13
100.077
100.045
100.026
100.015
100.008
100.004
100.002
100.001
100.001
100
100
100
100
100
100
100
100
100
100
100
100
100
100
100
100
100
100
100
100
100
100
100
100
100
100
100
100
100
100
100
100
100
100
100
100
100
100
100
100
383.32
350.283
318.199
287.644
259.106
232.964
209.48
188.787
170.904
155.742
143.134
132.846
124.612
118.144
113.158
109.387
106.588
104.547
103.087
102.062
101.355
100.875
100.556
100.348
100.214
100.13
100.077
100.045
100.026
100.015
100.008
100.004
100.002
100.001
100.001
100
100
100
100
100
100
100
100
100
100
100
100
100
100
100
100
100
100
100
100
100
100
100
100
100
100
100
100
100
100
100
100
100
100
100
100
100
100
100
100
383.32
350.283
318.199
287.644
259.106
232.964
209.48
188.787
170.904
155.742
143.134
132.846
124.612
118.144
113.158
109.387
106.588
104.547
103.087
102.062
101.355
100.875
100.556
100.348
100.214
100.13
100.077
100.045
100.026
100.015
100.008
100.004
100.002
100.001
100.001
100
100
100
100
100
100
100
100
100
100
100
100
100
100
100
100
100
100
100
100
100
100
100
100
100
100
100
100
100
100
100
100
100
100
100
100
100
100
100
100
383.32
350.283
318.199
287.644
259.106
232.964
209.48
188.787
170.904
155.742
143.134
132.846
124.612
118.144
113.158
109.387
106.588
104.547
103.087
102.062
101.355
100.875
100.556
100.348
100.214
100.13
100.077
100.045
100.026
100.015
100.008
100.004
100.002
100.001
100.001
100
100
100
100
100
100
100
100
100
100
100
100
100
100
100
100
100
100
100
100
100
100
100
100
100
100
100
100
100
100
100
100
100
100
100
100
100
100
100
100
383.32
350.283
318.199
287.644
259.106
232.964
209.48
188.787
170.904
155.742
143.134
132.846
124.612
118.144
113.158
109.387
106.588
104.547
103.087
102.062
101.355
100.875
100.556
100.348
100.214
100.13
100.077
100.045
100.026
100.015
100.008
100.004
100.002
100.001
100.001
100
100
100
100
100
100
100
100
100
100
100
100
100
100
100
100
100
100
100
100
100
100
100
100
100
100
100
100
100
100
100
100
100
100
100
100
100
100
100
100
383.32
350.283
318.199
287.644
259.106
232.964
209.48
188.787
170.904
155.742
143.134
132.846
124.612
118.144
113.158
109.387
106.588
104.547
103.087
102.062
101.355
100.875
100.556
100.348
100.214
100.13
100.077
100.045
100.026
100.015
100.008
100.004
100.002
100.001
100.001
100
100
100
100
100
100
100
100
100
100
100
100
100
100
100
100
100
100
100
100
100
100
100
100
100
100
100
100
100
100
100
100
100
100
100
100
100
100
100
100
383.32
350.283
318.199
287.644
259.106
232.964
209.48
188.787
170.904
155.742
143.134
132.846
124.612
118.144
113.158
109.387
106.588
104.547
103.087
102.062
101.355
100.875
100.556
100.348
100.214
100.13
100.077
100.045
100.026
100.015
100.008
100.004
100.002
100.001
100.001
100
100
100
100
100
100
100
100
100
100
100
100
100
100
100
100
100
100
100
100
100
100
100
100
100
100
100
100
100
100
100
100
100
100
100
100
100
100
100
100
383.32
350.283
318.199
287.644
259.106
232.964
209.48
188.787
170.904
155.742
143.134
132.846
124.612
118.144
113.158
109.387
106.588
104.547
103.087
102.062
101.355
100.875
100.556
100.348
100.214
100.13
100.077
100.045
100.026
100.015
100.008
100.004
100.002
100.001
100.001
100
100
100
100
100
100
100
100
100
100
100
100
100
100
100
100
100
100
100
100
100
100
100
100
100
100
100
100
100
100
100
100
100
100
100
100
100
100
100
100
383.32
350.283
318.199
287.644
259.106
232.964
209.48
188.787
170.904
155.742
143.134
132.846
124.612
118.144
113.158
109.387
106.588
104.547
103.087
102.062
101.355
100.875
100.556
100.348
100.214
100.13
100.077
100.045
100.026
100.015
100.008
100.004
100.002
100.001
100.001
100
100
100
100
100
100
100
100
100
100
100
100
100
100
100
100
100
100
100
100
100
100
100
100
100
100
100
100
100
100
100
100
100
100
100
100
100
100
100
100
383.32
350.283
318.199
287.644
259.106
232.964
209.48
188.787
170.904
155.742
143.134
132.846
124.612
118.144
113.158
109.387
106.588
104.547
103.087
102.062
101.355
100.875
100.556
100.348
100.214
100.13
100.077
100.045
100.026
100.015
100.008
100.004
100.002
100.001
100.001
100
100
100
100
100
100
100
100
100
100
100
100
100
100
100
100
100
100
100
100
100
100
100
100
100
100
100
100
100
100
100
100
100
100
100
100
100
100
100
100
383.32
350.283
318.199
287.644
259.106
232.964
209.48
188.787
170.904
155.742
143.134
132.846
124.612
118.144
113.158
109.387
106.588
104.547
103.087
102.062
101.355
100.875
100.556
100.348
100.214
100.13
100.077
100.045
100.026
100.015
100.008
100.004
100.002
100.001
100.001
100
100
100
100
100
100
100
100
100
100
100
100
100
100
100
100
100
100
100
100
100
100
100
100
100
100
100
100
100
100
100
100
100
100
100
100
100
100
100
100
383.32
350.283
318.199
287.644
259.106
232.964
209.48
188.787
170.904
155.742
143.134
132.846
124.612
118.144
113.158
109.387
106.588
104.547
103.087
102.062
101.355
100.875
100.556
100.348
100.214
100.13
100.077
100.045
100.026
100.015
100.008
100.004
100.002
100.001
100.001
100
100
100
100
100
100
100
100
100
100
100
100
100
100
100
100
100
100
100
100
100
100
100
100
100
100
100
100
100
100
100
100
100
100
100
100
100
100
100
100
383.32
350.283
318.199
287.644
259.106
232.964
209.48
188.787
170.904
155.742
143.134
132.846
124.612
118.144
113.158
109.387
106.588
104.547
103.087
102.062
101.355
100.875
100.556
100.348
100.214
100.13
100.077
100.045
100.026
100.015
100.008
100.004
100.002
100.001
100.001
100
100
100
100
100
100
100
100
100
100
100
100
100
100
100
100
100
100
100
100
100
100
100
100
100
100
100
100
100
100
100
100
100
100
100
100
100
100
100
100
383.32
350.283
318.199
287.644
259.106
232.964
209.48
188.787
170.904
155.742
143.134
132.846
124.612
118.144
113.158
109.387
106.588
104.547
103.087
102.062
101.355
100.875
100.556
100.348
100.214
100.13
100.077
100.045
100.026
100.015
100.008
100.004
100.002
100.001
100.001
100
100
100
100
100
100
100
100
100
100
100
100
100
100
100
100
100
100
100
100
100
100
100
100
100
100
100
100
100
100
100
100
100
100
100
100
100
100
100
100
383.32
350.283
318.199
287.644
259.106
232.964
209.48
188.787
170.904
155.742
143.134
132.846
124.612
118.144
113.158
109.387
106.588
104.547
103.087
102.062
101.355
100.875
100.556
100.348
100.214
100.13
100.077
100.045
100.026
100.015
100.008
100.004
100.002
100.001
100.001
100
100
100
100
100
100
100
100
100
100
100
100
100
100
100
100
100
100
100
100
100
100
100
100
100
100
100
100
100
100
100
100
100
100
100
100
100
100
100
100
383.32
350.283
318.199
287.644
259.106
232.964
209.48
188.787
170.904
155.742
143.134
132.846
124.612
118.144
113.158
109.387
106.588
104.547
103.087
102.062
101.355
100.875
100.556
100.348
100.214
100.13
100.077
100.045
100.026
100.015
100.008
100.004
100.002
100.001
100.001
100
100
100
100
100
100
100
100
100
100
100
100
100
100
100
100
100
100
100
100
100
100
100
100
100
100
100
100
100
100
100
100
100
100
100
100
100
100
100
100
383.32
350.283
318.199
287.644
259.106
232.964
209.48
188.787
170.904
155.742
143.134
132.846
124.612
118.144
113.158
109.387
106.588
104.547
103.087
102.062
101.355
100.875
100.556
100.348
100.214
100.13
100.077
100.045
100.026
100.015
100.008
100.004
100.002
100.001
100.001
100
100
100
100
100
100
100
100
100
100
100
100
100
100
100
100
100
100
100
100
100
100
100
100
100
100
100
100
100
100
100
100
100
100
100
100
100
100
100
100
383.32
350.283
318.199
287.644
259.106
232.964
209.48
188.787
170.904
155.742
143.134
132.846
124.612
118.144
113.158
109.387
106.588
104.547
103.087
102.062
101.355
100.875
100.556
100.348
100.214
100.13
100.077
100.045
100.026
100.015
100.008
100.004
100.002
100.001
100.001
100
100
100
100
100
100
100
100
100
100
100
100
100
100
100
100
100
100
100
100
100
100
100
100
100
100
100
100
100
100
100
100
100
100
100
100
100
100
100
100
383.32
350.283
318.199
287.644
259.106
232.964
209.48
188.787
170.904
155.742
143.134
132.846
124.612
118.144
113.158
109.387
106.588
104.547
103.087
102.062
101.355
100.875
100.556
100.348
100.214
100.13
100.077
100.045
100.026
100.015
100.008
100.004
100.002
100.001
100.001
100
100
100
100
100
100
100
100
100
100
100
100
100
100
100
100
100
100
100
100
100
100
100
100
100
100
100
100
100
100
100
100
100
100
100
100
100
100
100
100
383.32
350.283
318.199
287.644
259.106
232.964
209.48
188.787
170.904
155.742
143.134
132.846
124.612
118.144
113.158
109.387
106.588
104.547
103.087
102.062
101.355
100.875
100.556
100.348
100.214
100.13
100.077
100.045
100.026
100.015
100.008
100.004
100.002
100.001
100.001
100
100
100
100
100
100
100
100
100
100
100
100
100
100
100
100
100
100
100
100
100
100
100
100
100
100
100
100
100
100
100
100
100
100
100
100
100
100
100
100
383.32
350.283
318.199
287.644
259.106
232.964
209.48
188.787
170.904
155.742
143.134
132.846
124.612
118.144
113.158
109.387
106.588
104.547
103.087
102.062
101.355
100.875
100.556
100.348
100.214
100.13
100.077
100.045
100.026
100.015
100.008
100.004
100.002
100.001
100.001
100
100
100
100
100
100
100
100
100
100
100
100
100
100
100
100
100
100
100
100
100
100
100
100
100
100
100
100
100
100
100
100
100
100
100
100
100
100
100
100
383.32
350.283
318.199
287.644
259.106
232.964
209.48
188.787
170.904
155.742
143.134
132.846
124.612
118.144
113.158
109.387
106.588
104.547
103.087
102.062
101.355
100.875
100.556
100.348
100.214
100.13
100.077
100.045
100.026
100.015
100.008
100.004
100.002
100.001
100.001
100
100
100
100
100
100
100
100
100
100
100
100
100
100
100
100
100
100
100
100
100
100
100
100
100
100
100
100
100
100
100
100
100
100
100
100
100
100
100
100
383.32
350.283
318.199
287.644
259.106
232.964
209.48
188.787
170.904
155.742
143.134
132.846
124.612
118.144
113.158
109.387
106.588
104.547
103.087
102.062
101.355
100.875
100.556
100.348
100.214
100.13
100.077
100.045
100.026
100.015
100.008
100.004
100.002
100.001
100.001
100
100
100
100
100
100
100
100
100
100
100
100
100
100
100
100
100
100
100
100
100
100
100
100
100
100
100
100
100
100
100
100
100
100
100
100
100
100
100
100
383.32
350.283
318.199
287.644
259.106
232.964
209.48
188.787
170.904
155.742
143.134
132.846
124.612
118.144
113.158
109.387
106.588
104.547
103.087
102.062
101.355
100.875
100.556
100.348
100.214
100.13
100.077
100.045
100.026
100.015
100.008
100.004
100.002
100.001
100.001
100
100
100
100
100
100
100
100
100
100
100
100
100
100
100
100
100
100
100
100
100
100
100
100
100
100
100
100
100
100
100
100
100
100
100
100
100
100
100
100
383.32
350.283
318.199
287.644
259.105
232.964
209.48
188.787
170.904
155.742
143.134
132.846
124.612
118.144
113.158
109.387
106.588
104.547
103.087
102.062
101.355
100.875
100.556
100.348
100.214
100.13
100.077
100.045
100.026
100.015
100.008
100.004
100.002
100.001
100.001
100
100
100
100
100
100
100
100
100
100
100
100
100
100
100
100
100
100
100
100
100
100
100
100
100
100
100
100
100
100
100
100
100
100
100
100
100
100
100
100
383.32
350.283
318.199
287.644
259.105
232.964
209.48
188.787
170.904
155.742
143.134
132.846
124.612
118.144
113.158
109.387
106.588
104.547
103.087
102.062
101.355
100.875
100.556
100.348
100.214
100.13
100.077
100.045
100.026
100.015
100.008
100.004
100.002
100.001
100.001
100
100
100
100
100
100
100
100
100
100
100
100
100
100
100
100
100
100
100
100
100
100
100
100
100
100
100
100
100
100
100
100
100
100
100
100
100
100
100
100
383.319
350.283
318.199
287.644
259.105
232.964
209.48
188.787
170.903
155.742
143.133
132.846
124.612
118.144
113.158
109.387
106.588
104.547
103.087
102.062
101.355
100.875
100.556
100.348
100.214
100.13
100.077
100.045
100.026
100.015
100.008
100.004
100.002
100.001
100.001
100
100
100
100
100
100
100
100
100
100
100
100
100
100
100
100
100
100
100
100
100
100
100
100
100
100
100
100
100
100
100
100
100
100
100
100
100
100
100
100
383.319
350.283
318.199
287.644
259.105
232.964
209.48
188.787
170.903
155.742
143.133
132.846
124.612
118.144
113.158
109.387
106.588
104.547
103.087
102.062
101.355
100.875
100.556
100.348
100.214
100.13
100.077
100.045
100.026
100.015
100.008
100.004
100.002
100.001
100.001
100
100
100
100
100
100
100
100
100
100
100
100
100
100
100
100
100
100
100
100
100
100
100
100
100
100
100
100
100
100
100
100
100
100
100
100
100
100
100
100
383.319
350.282
318.199
287.643
259.105
232.964
209.479
188.787
170.903
155.742
143.133
132.846
124.611
118.143
113.158
109.387
106.588
104.547
103.087
102.062
101.355
100.875
100.556
100.348
100.214
100.13
100.077
100.045
100.026
100.015
100.008
100.004
100.002
100.001
100.001
100
100
100
100
100
100
100
100
100
100
100
100
100
100
100
100
100
100
100
100
100
100
100
100
100
100
100
100
100
100
100
100
100
100
100
100
100
100
100
100
383.319
350.282
318.199
287.643
259.104
232.963
209.479
188.786
170.902
155.741
143.133
132.846
124.611
118.143
113.158
109.387
106.587
104.547
103.087
102.062
101.354
100.875
100.556
100.348
100.214
100.13
100.077
100.045
100.026
100.015
100.008
100.004
100.002
100.001
100.001
100
100
100
100
100
100
100
100
100
100
100
100
100
100
100
100
100
100
100
100
100
100
100
100
100
100
100
100
100
100
100
100
100
100
100
100
100
100
100
100
383.319
350.282
318.198
287.642
259.103
232.962
209.478
188.785
170.901
155.74
143.132
132.845
124.61
118.143
113.158
109.387
106.587
104.547
103.087
102.062
101.354
100.875
100.556
100.348
100.214
100.13
100.077
100.045
100.026
100.015
100.008
100.004
100.002
100.001
100.001
100
100
100
100
100
100
100
100
100
100
100
100
100
100
100
100
100
100
100
100
100
100
100
100
100
100
100
100
100
100
100
100
100
100
100
100
100
100
100
100
383.319
350.281
318.197
287.641
259.102
232.96
209.476
188.783
170.899
155.739
143.13
132.844
124.609
118.142
113.157
109.386
106.587
104.547
103.087
102.062
101.354
100.875
100.556
100.348
100.214
100.129
100.077
100.045
100.026
100.015
100.008
100.004
100.002
100.001
100.001
100
100
100
100
100
100
100
100
100
100
100
100
100
100
100
100
100
100
100
100
100
100
100
100
100
100
100
100
100
100
100
100
100
100
100
100
100
100
100
100
383.319
350.28
318.195
287.638
259.099
232.957
209.472
188.78
170.896
155.736
143.128
132.842
124.608
118.14
113.156
109.385
106.586
104.546
103.087
102.061
101.354
100.875
100.556
100.348
100.214
100.129
100.077
100.045
100.026
100.015
100.008
100.004
100.002
100.001
100.001
100
100
100
100
100
100
100
100
100
100
100
100
100
100
100
100
100
100
100
100
100
100
100
100
100
100
100
100
100
100
100
100
100
100
100
100
100
100
100
100
383.318
350.278
318.192
287.634
259.094
232.951
209.467
188.774
170.891
155.731
143.124
132.838
124.605
118.138
113.154
109.384
106.585
104.545
103.086
102.061
101.354
100.875
100.556
100.348
100.214
100.129
100.077
100.045
100.026
100.015
100.008
100.004
100.002
100.001
100.001
100
100
100
100
100
100
100
100
100
100
100
100
100
100
100
100
100
100
100
100
100
100
100
100
100
100
100
100
100
100
100
100
100
100
100
100
100
100
100
100
383.317
350.274
318.186
287.627
259.085
232.942
209.457
188.765
170.882
155.723
143.117
132.832
124.6
118.134
113.151
109.382
106.583
104.544
103.085
102.06
101.353
100.875
100.556
100.348
100.214
100.129
100.077
100.045
100.026
100.015
100.008
100.004
100.002
100.001
100.001
100
100
100
100
100
100
100
100
100
100
100
100
100
100
100
100
100
100
100
100
100
100
100
100
100
100
100
100
100
100
100
100
100
100
100
100
100
100
100
100
383.315
350.268
318.177
287.614
259.071
232.927
209.442
188.75
170.868
155.71
143.105
132.822
124.592
118.128
113.146
109.378
106.58
104.542
103.084
102.059
101.353
100.874
100.556
100.347
100.214
100.129
100.077
100.045
100.026
100.015
100.008
100.004
100.002
100.001
100.001
100
100
100
100
100
100
100
100
100
100
100
100
100
100
100
100
100
100
100
100
100
100
100
100
100
100
100
100
100
100
100
100
100
100
100
100
100
100
100
100
383.311
350.259
318.162
287.595
259.048
232.902
209.416
188.725
170.845
155.689
143.087
132.806
124.579
118.117
113.138
109.371
106.576
104.539
103.081
102.058
101.352
100.873
100.555
100.347
100.213
100.129
100.077
100.045
100.026
100.015
100.008
100.004
100.002
100.001
100.001
100
100
100
100
100
100
100
100
100
100
100
100
100
100
100
100
100
100
100
100
100
100
100
100
100
100
100
100
100
100
100
100
100
100
100
100
100
100
100
100
383.306
350.243
318.137
287.563
259.011
232.862
209.375
188.685
170.807
155.655
143.057
132.782
124.558
118.101
113.125
109.362
106.568
104.533
103.077
102.055
101.35
100.872
100.554
100.347
100.213
100.129
100.077
100.045
100.026
100.015
100.008
100.004
100.002
100.001
100.001
100
100
100
100
100
100
100
100
100
100
100
100
100
100
100
100
100
100
100
100
100
100
100
100
100
100
100
100
100
100
100
100
100
100
100
100
100
100
100
100
383.298
350.218
318.097
287.512
258.951
232.798
209.31
188.621
170.748
155.602
143.011
132.743
124.526
118.075
113.105
109.347
106.557
104.525
103.072
102.051
101.347
100.87
100.553
100.346
100.213
100.129
100.077
100.045
100.026
100.015
100.008
100.004
100.002
100.001
100.001
100
100
100
100
100
100
100
100
100
100
100
100
100
100
100
100
100
100
100
100
100
100
100
100
100
100
100
100
100
100
100
100
100
100
100
100
100
100
100
100
383.284
350.179
318.035
287.431
258.858
232.697
209.208
188.523
170.657
155.52
142.94
132.683
124.477
118.036
113.075
109.324
106.54
104.513
103.063
102.045
101.343
100.867
100.551
100.345
100.212
100.128
100.076
100.045
100.026
100.015
100.008
100.004
100.002
100.001
100.001
100
100
100
100
100
100
100
100
100
100
100
100
100
100
100
100
100
100
100
100
100
100
100
100
100
100
100
100
100
100
100
100
100
100
100
100
100
100
100
100
383.263
350.118
317.938
287.306
258.713
232.542
209.051
188.372
170.517
155.396
142.833
132.593
124.404
117.978
113.03
109.29
106.515
104.495
103.05
102.036
101.337
100.863
100.549
100.343
100.211
100.128
100.076
100.044
100.026
100.014
100.008
100.004
100.002
100.001
100.001
100
100
100
100
100
100
100
100
100
100
100
100
100
100
100
100
100
100
100
100
100
100
100
100
100
100
100
100
100
100
100
100
100
100
100
100
100
100
100
100
383.231
350.023
317.789
287.113
258.491
232.306
208.813
188.144
170.307
155.21
142.673
132.46
124.296
117.893
112.964
109.24
106.479
104.468
103.032
102.023
101.328
100.858
100.545
100.341
100.209
100.127
100.075
100.044
100.025
100.014
100.008
100.004
100.002
100.001
100.001
100
100
100
100
100
100
100
100
100
100
100
100
100
100
100
100
100
100
100
100
100
100
100
100
100
100
100
100
100
100
100
100
100
100
100
100
100
100
100
100
383.181
349.878
317.561
286.821
258.156
231.95
208.457
187.804
169.996
154.935
142.438
132.265
124.139
117.769
112.869
109.169
106.427
104.431
103.005
102.005
101.316
100.85
100.54
100.337
100.207
100.125
100.075
100.044
100.025
100.014
100.008
100.004
100.002
100.001
100.001
100
100
100
100
100
100
100
100
100
100
100
100
100
100
100
100
100
100
100
100
100
100
100
100
100
100
100
100
100
100
100
100
100
100
100
100
100
100
100
100
383.105
349.659
317.218
286.382
257.655
231.42
207.93
187.305
169.542
154.536
142.099
131.986
123.915
117.594
112.735
109.069
106.354
104.379
102.969
101.98
101.299
100.839
100.532
100.333
100.204
100.124
100.074
100.043
100.025
100.014
100.008
100.004
100.002
100.001
100.001
100
100
100
100
100
100
100
100
100
100
100
100
100
100
100
100
100
100
100
100
100
100
100
100
100
100
100
100
100
100
100
100
100
100
100
100
100
100
100
100
382.992
349.33
316.704
285.729
256.914
230.643
207.162
186.581
168.888
153.967
141.619
131.592
123.601
117.35
112.55
108.931
106.254
104.308
102.919
101.946
101.276
100.823
100.523
100.326
100.201
100.121
100.072
100.042
100.024
100.014
100.008
100.004
100.002
100.001
100.001
100
100
100
100
100
100
100
100
100
100
100
100
100
100
100
100
100
100
100
100
100
100
100
100
100
100
100
100
100
100
100
100
100
100
100
100
100
100
100
100
382.823
348.841
315.943
284.766
255.83
229.515
206.056
185.549
167.963
153.167
140.949
131.046
123.168
117.015
112.297
108.745
106.118
104.212
102.853
101.901
101.246
100.804
100.51
100.318
100.196
100.118
100.07
100.041
100.024
100.013
100.008
100.004
100.002
100.001
100.001
100
100
100
100
100
100
100
100
100
100
100
100
100
100
100
100
100
100
100
100
100
100
100
100
100
100
100
100
100
100
100
100
100
100
100
100
100
100
100
100
382.573
348.117
314.823
283.36
254.259
227.896
204.485
184.096
166.674
152.061
140.03
130.304
122.584
116.566
111.96
108.497
105.94
104.086
102.765
101.841
101.206
100.778
100.493
100.308
100.189
100.114
100.068
100.04
100.023
100.013
100.007
100.004
100.002
100.001
100.001
100
100
100
100
100
100
100
100
100
100
100
100
100
100
100
100
100
100
100
100
100
100
100
100
100
100
100
100
100
100
100
100
100
100
100
100
100
100
100
100
382.201
347.047
313.18
281.318
252.005
225.599
202.282
182.083
164.905
150.561
138.794
129.314
121.81
115.975
111.518
108.174
105.708
103.923
102.653
101.765
101.156
100.745
100.472
100.294
100.181
100.109
100.065
100.038
100.022
100.012
100.007
100.004
100.002
100.001
100.001
100
100
100
100
100
100
100
100
100
100
100
100
100
100
100
100
100
100
100
100
100
100
100
100
100
100
100
100
100
100
100
100
100
100
100
100
100
100
100
100
381.648
345.465
310.777
278.369
248.796
222.377
199.236
179.335
162.521
148.56
137.163
128.018
120.806
115.214
110.953
107.763
105.415
103.718
102.512
101.67
101.093
100.704
100.446
100.278
100.171
100.103
100.061
100.036
100.021
100.012
100.007
100.004
100.002
100.001
100
100
100
100
100
100
100
100
100
100
100
100
100
100
100
100
100
100
100
100
100
100
100
100
100
100
100
100
100
100
100
100
100
100
100
100
100
100
100
100
100
380.82
343.119
307.26
274.127
244.262
217.908
195.081
175.645
159.364
145.943
135.053
126.358
119.529
114.253
110.244
107.25
105.051
103.464
102.339
101.554
101.016
100.654
100.414
100.258
100.158
100.095
100.057
100.033
100.019
100.011
100.006
100.003
100.002
100.001
100
100
100
100
100
100
100
100
100
100
100
100
100
100
100
100
100
100
100
100
100
100
100
100
100
100
100
100
100
100
100
100
100
100
100
100
100
100
100
100
100
379.564
339.6
302.092
268.038
237.907
211.781
189.5
170.778
155.266
142.591
132.382
124.278
117.944
113.069
109.377
106.626
104.611
103.159
102.13
101.414
100.924
100.594
100.376
100.234
100.144
100.087
100.051
100.03
100.017
100.01
100.005
100.003
100.002
100.001
100
100
100
100
100
100
100
100
100
100
100
100
100
100
100
100
100
100
100
100
100
100
100
100
100
100
100
100
100
100
100
100
100
100
100
100
100
100
100
100
100
377.605
334.232
294.44
259.307
229.072
203.495
182.134
164.485
150.058
138.395
129.079
121.733
116.021
111.643
108.338
105.883
104.088
102.798
101.885
101.25
100.816
100.524
100.332
100.207
100.127
100.076
100.045
100.026
100.015
100.009
100.005
100.003
100.001
100.001
100
100
100
100
100
100
100
100
100
100
100
100
100
100
100
100
100
100
100
100
100
100
100
100
100
100
100
100
100
100
100
100
100
100
100
100
100
100
100
100
100
374.411
325.815
282.978
246.802
216.912
192.474
172.609
156.535
143.603
133.274
125.098
118.697
113.747
109.969
107.127
105.021
103.485
102.382
101.603
101.063
100.693
100.445
100.281
100.175
100.107
100.065
100.038
100.022
100.013
100.007
100.004
100.002
100.001
100.001
100
100
100
100
100
100
100
100
100
100
100
100
100
100
100
100
100
100
100
100
100
100
100
100
100
100
100
100
100
100
100
100
100
100
100
100
100
100
100
100
100
368.788
312.088
265.575
228.958
200.425
178.13
160.603
146.764
135.824
127.198
120.434
115.175
111.13
108.055
105.749
104.045
102.804
101.915
101.288
100.853
100.556
100.357
100.226
100.14
100.086
100.052
100.031
100.018
100.01
100.006
100.003
100.002
100.001
100
100
100
100
100
100
100
100
100
100
100
100
100
100
100
100
100
100
100
100
100
100
100
100
100
100
100
100
100
100
100
100
100
100
100
100
100
100
100
100
100
100
357.563
288.529
238.847
203.786
178.6
160.011
145.955
135.145
126.752
120.215
115.134
111.209
108.203
105.927
104.225
102.969
102.056
101.403
100.943
100.624
100.407
100.261
100.165
100.103
100.063
100.038
100.022
100.013
100.008
100.004
100.002
100.001
100.001
100
100
100
100
100
100
100
100
100
100
100
100
100
100
100
100
100
100
100
100
100
100
100
100
100
100
100
100
100
100
100
100
100
100
100
100
100
100
100
100
100
100
330.585
245.88
197.913
169.29
150.833
138.083
128.823
121.876
116.565
112.472
109.312
106.883
105.03
103.629
102.584
101.815
101.256
100.857
100.576
100.381
100.248
100.159
100.101
100.062
100.038
100.023
100.014
100.008
100.005
100.003
100.001
100.001
100
100
100
100
100
100
100
100
100
100
100
100
100
100
100
100
100
100
100
100
100
100
100
100
100
100
100
100
100
100
100
100
100
100
100
100
100
100
100
100
100
100
100
249.536
166.65
137.888
124.964
117.754
113.106
109.842
107.435
105.613
104.217
103.144
102.322
101.695
101.222
100.87
100.611
100.423
100.288
100.194
100.128
100.083
100.053
100.034
100.021
100.013
100.008
100.005
100.003
100.002
100.001
100
100
100
100
100
100
100
100
100
100
100
100
100
100
100
100
100
100
100
100
100
100
100
100
100
100
100
100
100
100
100
100
100
100
100
100
100
100
100
100
100
100
100
100
100
)
;

boundaryField
{
    upperwall
    {
        type            fixedValue;
        value           uniform 400;
    }
    rightwall
    {
        type            fixedValue;
        value           uniform 100;
    }
    leftwall
    {
        type            fixedValue;
        value           uniform 100;
    }
    bottomwall
    {
        type            fixedValue;
        value           uniform 100;
    }
    frontandback
    {
        type            empty;
    }
}


// ************************************************************************* //
